18.9217
24.1125
24.5719
27.0216
25.3191
24.8784
25.9378
18.6529
24.8652
22.0138
28.4015
31.2148
27.1569
27.2482
24.1101
25.2484
29.0106
25.3406
26.5376
27.2072
32.1899
24.0695
24.8719
22.4409
26.9571
31.0755
26.7870
27.1286
23.5642
28.3512
17.2653
25.5267
25.7799
25.9181
23.0813
25.1780
28.1083
23.2631
18.7885
24.4168
19.1571
19.7567
17.9696
26.7668
22.6205
22.6524
27.8644
30.4985
23.9572
24.8166
22.6432
30.5307
24.0596
27.9756
19.8315
26.3031
34.3670
25.3688
28.8582
27.0656
25.1584
27.4483
26.6449
26.0584
29.2715
23.8883
26.5407
23.5854
21.0605
26.3220
26.7959
17.4315
30.2602
32.1364
24.0384
24.1236
20.1900
30.0730
22.9740
22.1195
26.9332
18.0206
17.9957
29.4088
24.1758
26.8498
24.3644
21.2905
30.8290
20.2053
27.5867
26.0720
25.4711
27.6209
29.2862
27.1665
24.4271
27.8441
21.7721
24.5531
21.6635
23.9881
26.9304
26.2480
21.6208
25.7002
30.8054
33.9738
27.7217
17.7683
24.3656
20.2448
24.3537
21.7132
28.3947
29.9341
18.2017
19.2085
22.7488
23.6722
30.8247
26.2534
29.3907
23.4950
23.7301
18.9250
27.8019
31.5914
24.7685
29.0025
25.4891
20.5260
18.3590
26.6250
24.6323
28.1911
21.0534
20.3638
28.6377
23.9554
21.8629
24.1783
22.8291
22.7760
31.0887
18.6775
25.4723
22.3711
23.7054
26.4061
30.8919
28.5913
25.4659
18.6275
26.0880
22.5309
22.6293
22.7185
23.5014
19.8783
27.4114
24.3522
34.8502
23.6855
25.2969
23.1502
26.4800
18.1198
21.5174
32.6216
25.5650
16.9550
23.3782
21.5179
23.8642
32.1148
21.4463
23.9006
21.3726
21.5230
35.0969
27.3899
20.4851
23.7301
28.9257
23.3518
28.0247
25.0674
31.3666
30.3914
29.3824
21.8771
24.2375
24.7933
19.0387
19.4939
26.2019
19.5487
20.3161
20.5965
22.6106
22.7686
19.3303
27.5527
29.1722
18.6086
29.0534
32.2554
30.9120
27.7925
25.9165
24.0334
33.5281
24.7407
26.8577
25.3030
27.4789
26.7970
21.9267
23.5530
25.9625
23.6742
31.3150
27.3473
32.0962
26.4697
26.9386
22.8990
26.4895
25.5168
25.9788
20.4806
27.4678
26.2626
23.1723
25.2386
18.1139
20.4108
22.0911
17.8614
16.7664
27.8286
31.5633
22.4641
21.9318
27.6736
23.1864
20.3795
28.8064
21.2498
29.9763
29.8161
26.4479
16.0767
23.6612
28.4726
20.7617
24.2952
20.0004
26.4682
27.0348
33.1606
23.2390
21.4147
19.7503
23.6978
21.0538
30.9918
21.0451
26.6732
22.2683
25.3521
24.0490
23.9926
24.3820
31.8117
27.9926
21.7751
29.9863
24.0584
33.7803
22.3949
18.5701
26.0800
19.9540
22.6629
27.4874
25.0981
30.2425
24.1252
25.1802
21.5461
22.1442
23.1694
30.3714
19.6928
25.4618
20.3916
25.4851
22.2901
25.3615
27.8639
29.4913
24.5271
23.2094
19.4923
20.4509
19.2169
26.7631
19.2265
25.8599
23.4012
22.7550
18.2801
28.6065
21.5744
18.6793
32.6017
23.7974
21.3191
25.9226
21.8692
27.9027
24.5912
22.4319
26.7593
30.1789
23.7323
23.2010
23.7374
29.1191
21.3788
25.3784
30.5561
23.0256
23.3472
28.5859
28.9385
16.4782
23.1787
21.8106
23.7936
29.1014
26.3544
19.8159
24.5422
27.4987
23.9474
28.2370
21.1157
22.6438
25.6684
26.4435
24.7691
33.6315
23.7783
28.4049
26.5390
20.4736
28.1879
27.2123
19.1969
30.8527
26.2773
26.4769
22.8143
26.4247
30.2407
21.3391
24.8574
24.8985
22.7859
26.0016
18.5964
29.4326
23.9742
25.5600
29.8103
22.8031
19.0476
22.9359
28.7598
24.6521
23.8661
28.1665
20.8580
29.5014
20.5976
23.2587
21.5029
27.0714
19.9776
24.7688
34.2720
27.6341
19.7457
20.7402
22.2087
24.8078
21.9891
30.7563
20.0883
20.5038
20.4385
20.7892
26.3973
25.0985
17.2346
28.6543
26.9076
26.9307
20.2178
19.0756
29.0672
29.9267
28.7304
25.8113
25.6999
27.9703
28.9775
22.4007
23.0822
28.4386
30.5968
27.5514
21.9080
25.6904
28.6938
31.7947
25.7391
29.3670
29.9359
29.1950
19.6761
29.3362
31.7607
32.4111
20.1920
23.8589
23.2226
24.0494
20.2728
30.5058
22.1176
18.2297
28.2916
23.3477
21.8655
30.1632
29.7850
33.4394
28.4951
25.7823
31.7848
24.5386
31.9189
28.2781
25.8501
31.9816
25.8538
21.1070
23.3862
19.6833
25.8406
19.4416
28.6107
32.1767
31.2028
25.7404
19.3452
29.7563
27.0086
21.5904
25.4117
26.4088
24.2119
26.5350
21.0424
16.3223
32.5769
24.6083
24.3861
23.0277
31.7999
31.6897
28.8763
22.5569
23.3481
22.7234
33.3752
25.6120
24.9934
25.6892
33.0506
34.2141
29.8729
28.8356
22.5803
22.5882
24.8205
25.1128
29.2459
17.5560
25.9984
21.6152
22.2217
26.5802
26.4580
26.1677
19.5689
30.1393
29.8118
17.3617
21.2128
23.1020
29.3964
33.1089
22.2772
20.9942
22.3842
26.6477
27.3598
29.8439
22.9754
25.6935
31.0579
30.1386
27.6940
23.9925
29.7682
25.8674
19.2772
28.6438
30.8596
31.7612
21.9940
19.7876
24.8181
17.8635
22.4352
27.4046
24.8561
20.0025
27.3167
19.6317
30.6378
26.0919
19.4385
36.5602
25.7411
30.2276
30.0552
31.2790
22.6511
29.7427
24.6805
22.4470
25.3175
26.1357
27.6979
31.6722
34.2849
26.0653
21.6130
21.3301
21.6038
18.3252
26.6311
25.8370
18.8457
31.2089
20.7305
26.6726
25.1391
27.8059
25.1791
18.3882
22.3286
15.9134
26.6017
26.5502
25.1422
25.7435
19.5905
21.5803
25.3103
17.0345
17.5244
22.3215
24.9928
20.7108
30.7716
27.1976
25.4589
23.5216
21.8103
26.3553
30.7592
20.5904
25.8276
24.3712
25.9593
30.7257
26.2366
27.7753
19.1277
20.3623
24.6917
26.4237
26.2607
33.3085
28.6516
28.4032
20.9522
26.7703
22.2817
24.9691
25.6729
33.0381
25.7397
26.0280
24.9875
26.0972
24.0010
25.0864
36.0213
26.8562
26.2591
29.3578
27.3826
26.1423
25.3834
25.1348
23.2049
20.7286
26.3821
25.5433
21.4165
28.4399
25.5355
21.7428
29.5189
26.5488
24.8894
20.9961
29.4175
20.3815
30.7934
23.8899
36.5279
28.8546
30.1916
21.4972
30.3473
29.9408
22.6148
17.9544
24.2193
30.0079
21.5360
23.8920
25.2993
27.4253
23.3750
28.0680
21.7330
23.2690
28.6923
24.2063
27.2156
22.0630
36.4852
28.1790
30.6362
21.3776
26.2357
20.2613
21.0824
24.2110
23.2404
27.0267
29.3039
23.1034
31.0114
30.0562
31.3847
27.1707
30.1330
26.5608
20.4206
21.8379
21.4336
33.1201
28.8370
21.6176
30.2149
25.8098
26.3638
26.4056
22.2641
33.7449
21.8027
28.2577
29.2827
21.4539
23.4831
25.8358
25.3030
23.2907
24.8626
28.6412
22.6103
20.5843
24.6173
19.6589
23.6267
28.6264
21.8034
34.0959
24.3415
21.4539
24.6678
23.9338
27.7433
19.4203
28.1835
28.6332
26.7897
32.4432
20.4502
28.1854
31.9027
31.8712
27.8947
32.3492
26.4520
24.0394
22.1984
23.6421
22.8005
27.7586
32.0015
36.0408
29.9818
23.1601
24.1146
19.0435
23.2698
31.7613
27.0589
26.7712
23.4573
26.9491
19.9149
21.2078
21.5716
22.0357
30.1437
22.9876
25.7680
32.8132
24.5771
21.4504
23.3968
24.3067
23.7044
25.0649
23.5673
29.3112
23.5915
21.0613
23.7736
24.6090
21.0814
30.4911
22.7984
21.7848
25.8725
24.5979
31.6001
24.7012
32.3815
25.0521
26.8218
26.0240
30.4188
19.8584
19.1676
32.2988
24.4334
19.2776
25.1898
25.4667
30.9020
20.4380
22.1525
28.6736
23.0977
24.0777
27.4297
27.4414
21.9338
30.4977
29.8161
22.5360
30.4789
23.2118
21.4672
19.7346
20.9313
21.5296
23.2855
22.5450
25.8230
25.4847
19.8889
20.8756
21.4795
22.2151
25.3649
28.8827
28.1105
30.4224
20.9981
21.2949
20.8947
18.8466
24.3849
26.0365
19.2976
21.5987
17.1959
23.7993
28.2413
20.4167
25.9336
20.1979
22.9180
20.9999
35.8252
24.4733
17.1475
25.3503
24.5713
26.6518
23.5728
29.5142
30.9331
33.3732
25.4276
26.2993
33.4618
26.5895
28.8794
26.0108
25.8617
28.0091
24.9644
23.9620
26.8673
23.7079
22.8207
24.7198
27.1835
19.0112
26.6912
26.6888
20.1955
21.1285
20.4221
29.7182
20.9242
24.7844
25.4081
22.4100
25.1459
18.2552
22.1117
21.0699
26.7269
21.7132
24.5566
25.7947
19.7634
23.6309
31.8257
25.0446
30.6322
26.8402
22.9201
26.2154
31.0776
27.6676
27.6128
31.4171
28.0106
32.6946
23.3556
30.7971
29.0147
21.4664
29.4432
19.2648
20.8472
20.7370
24.9116
32.3856
21.1114
27.8182
29.0917
19.1617
26.8239
22.0581
22.3688
26.1704
23.5561
26.2283
20.6165
28.4509
24.5921
26.5280
24.8046
28.3103
29.9811
26.4567
20.3766
30.2750
26.0857
30.8012
20.5027
24.5686
23.0421
31.0132
19.7035
22.7588
19.4932
28.6624
22.7962
29.7365
24.9548
24.3378
32.1038
29.8088
28.1944
19.6386
23.9964
26.0054
19.9603
25.8158
23.9792
26.9844
30.0666
26.0879
18.9514
20.9756
30.7970
25.1058
26.4177
30.1258
22.4994
26.3658
20.1434
23.4504
22.2515
31.7869
24.9113
21.9158
20.1199
23.0241
27.0493
21.6812
29.6655
28.0226
17.7748
23.8842
34.1821
25.1254
31.2043
29.5985
18.8203
17.6124
30.2378
20.8560
29.8202
20.2869
31.5866
25.2072
26.8268
27.1107
26.6810
24.7788
23.1910
21.8761
24.5201
24.5641
30.1175
24.4686
19.4934
22.7014
26.3829
25.3796
29.6181
19.9254
20.5940
16.7139
18.0693
21.9180
22.9773
27.3551
23.5625
24.7904
25.1955
24.3125
18.1181
18.5061
30.1522
27.6474
19.6929
22.9938
23.0991
21.3072
28.4606
21.6468
24.7977
28.1750
31.2354
19.7761
21.6450
25.7215
29.1327
25.8092
23.7187
22.4879
27.1498
20.9476
19.4855
22.9991
21.8105
26.2840
26.8774
28.2805
32.1553
20.1675
24.1299
21.4911
29.0537
22.2428
30.1416
23.8157
27.7931
23.1446
23.9149
26.1894
28.7028
23.3532
28.0267
28.6089
24.0147
26.3848
24.3038
22.7170
23.5289
22.3668
22.9776
21.1903
28.5338
23.6785
24.5603
27.9965
23.8563
24.1052
31.0722
20.7708
26.3780
24.3006
24.4771
25.8961
26.3694
17.8055
25.0039
24.9102
21.8318
25.2096
33.6777
27.3636
24.3232
19.8151
22.3821
25.4567
26.2847
20.0840
21.6175
19.7281
20.6177
29.9617
24.5806
19.9957
22.5312
33.8240
32.1347
27.4588
30.6766
23.3030
27.2878
18.0526
21.6913
25.4768
32.2610
26.6841
19.6896
21.4887
21.7668
22.8230
21.9016
19.8002
22.8652
25.3365
20.7122
31.5571
28.1327
21.0259
27.6315
23.3491
26.2040
22.1783
23.2865
26.0957
29.6313
19.7148
21.1107
31.2752
22.6312
23.1142
17.8273
27.2427
22.2881
23.4857
33.6136
25.6404
22.3193
27.2632
25.7866
21.2707
25.3343
27.6515
27.5841
30.3950
27.2179
26.8617
22.4853
17.0245
19.5384
32.7297
29.4189
25.5863
33.2277
24.7625
24.9893
24.2401
27.1465
22.7433
22.3428
18.4472
18.8713
25.3891
22.7929
22.3574
24.2247
20.7996
31.0419
26.4053
26.8494
30.5052
25.6120
24.6310
28.6595
29.5096
27.1845
21.8233
22.2053
30.5712
26.3174
21.1117
25.0561
23.5733
20.1026
25.2817
22.6820
27.1908
30.0527
27.0701
30.4571
24.9553
22.2593
20.9634
25.2661
27.0053
31.6148
28.4130
24.4166
26.7041
23.3271
22.1345
21.3896
23.3933
25.8301
27.7620
20.1348
28.1057
26.7506
26.7275
28.5241
23.9587
26.3054
21.0629
20.8342
23.0236
24.0856
26.7165
18.7338
19.2683
23.5469
26.5538
26.0965
29.3514
30.6211
25.9804
20.3526
22.2638
21.3384
28.0051
22.6522
21.8572
26.5490
26.6459
29.8347
22.3717
23.7057
23.3376
22.9268
26.7968
19.0938
22.4302
22.1704
24.7433
25.4938
20.6938
21.5708
24.8639
24.4233
21.3466
26.4536
22.8512
21.2742
27.3438
31.3921
31.7265
23.3472
26.8841
27.3890
22.5649
20.3853
32.5911
19.6558
20.1630
25.2485
24.6042
23.8179
26.0577
20.3290
27.4126
34.8959
32.4008
24.9452
29.4418
26.3247
28.4822
22.0022
29.2764
21.8826
17.1295
20.6862
27.0963
23.5930
21.1326
28.9539
26.2196
24.4157
17.3786
25.3017
20.6629
24.8393
33.9579
26.2488
19.1640
20.0024
26.0735
30.7564
23.7603
28.8299
23.9202
26.7376
30.7659
22.9693
24.1130
20.3867
21.7805
24.1333
29.5823
30.9638
27.7319
22.5328
30.9956
21.5485
19.0743
26.1835
25.6569
20.6204
21.2356
24.4830
20.3902
20.4242
21.3722
21.2343
29.2319
27.3674
23.1781
26.7702
21.5920
23.1496
35.8218
22.3320
27.9044
19.4802
27.8924
24.0173
25.6280
24.2770
26.4232
21.2051
27.5785
20.8377
21.7576
30.4288
21.3017
22.9164
23.5998
27.4700
24.2809
27.0962
26.3350
17.0900
33.7865
26.9702
16.8091
24.2068
20.3521
29.7542
27.1026
22.4178
18.3627
32.4990
24.0400
26.4284
32.8105
23.0595
28.3463
24.5519
17.5797
24.5892
23.9557
17.9836
28.5547
28.2060
27.0570
25.5958
24.4828
24.7710
23.6516
28.3271
24.8929
32.4826
22.6251
19.6388
25.3226
24.6962
28.1742
21.7053
23.2255
18.3620
26.0833
21.3798
23.9239
22.4380
27.5629
23.4642
21.4352
26.6807
25.3385
18.7358
28.8667
24.7140
22.5299
34.5803
30.1153
28.6541
25.7536
26.4524
26.3530
22.2735
25.8613
25.1994
19.8298
26.1680
27.2403
19.8492
29.4840
20.6000
25.4522
28.8132
27.3084
19.7773
28.7779
26.6912
19.6913
27.4564
27.9167
26.8048
22.5899
27.3938
19.1017
26.3525
27.6779
28.1953
23.1847
28.3998
30.4678
26.0185
30.1857
31.0026
25.2288
22.6330
22.9162
16.4318
22.1406
23.5272
26.0674
29.4941
29.5481
27.0832
28.6234
22.0422
20.7800
25.9674
19.2545
26.9698
25.1629
19.2659
26.5329
22.4147
31.0117
32.8723
18.9916
24.7956
21.8599
26.2539
31.7417
24.1720
28.3106
33.4871
29.3145
24.8977
22.5586
29.4722
18.0379
29.9157
22.4513
29.3830
22.9576
20.0547
18.5859
27.1500
22.6927
33.0581
33.3074
24.4778
27.6466
21.5567
23.2818
20.9973
25.0565
18.9606
21.2945
25.6374
26.1420
19.0578
23.6358
25.6827
21.6729
26.3641
24.3612
33.5361
33.9285
20.7167
21.4711
28.5282
27.4139
20.8500
16.9594
33.3381
20.6665
22.2245
27.8782
21.7680
28.3816
19.8380
17.5661
27.1998
22.4929
27.6198
26.0896
24.9198
20.6636
22.5941
16.7969
18.2229
24.8090
26.3616
27.0754
24.5950
30.2292
22.1843
33.5285
26.5380
32.5975
27.2927
21.8166
24.6041
21.9776
24.3066
30.1624
21.1249
24.2895
30.0149
25.5252
28.4288
22.5743
29.5482
25.8870
23.7084
21.5588
22.8278
22.2565
28.6413
24.6986
22.9668
26.0996
22.6550
16.7199
31.0805
24.6535
26.4913
25.1202
27.1022
27.2947
26.7778
30.1429
24.2287
29.9705
27.8752
21.8175
21.9830
18.3956
27.3210
22.9648
19.6103
24.6539
26.5032
28.8158
22.5500
21.1335
25.3927
27.7749
26.2767
19.8682
27.9188
22.9874
26.9391
24.0472
20.2274
25.3129
25.7822
24.1534
19.2220
27.8261
22.5789
24.0610
19.0685
29.3567
20.8369
23.1123
20.0451
23.8049
29.3440
20.1258
27.0559
31.5766
18.1497
23.1649
22.3494
26.1267
18.5456
17.7732
21.2994
26.5123
28.1467
25.7623
24.9319
19.3364
30.6724
25.3824
20.7371
24.1066
26.3130
26.3630
25.1556
24.2743
19.4042
24.7276
25.4241
18.5414
25.0032
23.9286
16.9883
31.8055
25.9779
21.1932
24.7030
20.5548
30.3059
18.1150
24.2744
16.8054
19.6701
19.5423
26.5415
24.0798
20.7692
19.1021
24.1938
18.9020
22.4413
17.8187
18.5258
30.2535
23.8036
18.1738
30.9800
24.3084
24.8424
24.6980
21.5464
20.7150
27.2099
23.6748
23.6044
20.0710
25.4567
29.1857
26.2848
25.1883
24.3758
24.7270
20.5466
18.4163
21.7738
30.1905
24.8947
21.2255
30.5230
27.4317
24.0477
24.8871
22.1286
29.3918
23.8458
31.4273
17.2765
25.4368
24.6289
29.1351
26.7508
25.1184
22.8096
21.2766
28.5322
23.9350
24.2204
25.4905
20.6817
27.7347
27.6837
24.1421
21.3826
20.3118
23.5281
33.5522
29.8051
25.3717
27.1596
27.4033
25.5244
23.3608
31.4699
23.4991
17.9391
30.6348
16.2622
25.7523
21.0676
23.2549
25.3144
23.1803
25.7809
21.1078
24.3150
17.1973
27.4678
27.8878
25.9436
20.7761
21.3993
27.2684
18.4282
18.8079
21.6614
25.4403
28.2064
18.4376
19.9394
26.7702
26.7456
22.1609
26.3874
18.5817
25.0624
26.7777
21.9719
32.0046
22.2427
21.7821
26.5478
18.9059
26.7449
23.4527
25.4328
29.1053
25.3011
29.9487
22.2488
24.6106
22.1784
27.2336
31.0151
29.4489
19.0734
21.1220
21.3665
24.7537
24.2898
35.5797
22.8453
25.9756
23.7702
26.2732
23.6282
19.3221
25.3642
24.6171
26.4635
19.2214
29.1407
21.2029
27.5953
28.5852
18.1082
22.3309
26.4825
21.7474
27.6688
25.2458
33.5965
21.7554
29.0617
24.8226
22.0930
24.2206
26.4594
25.6507
26.0894
24.3265
21.3817
24.6088
19.5812
22.9534
28.4510
21.3474
35.5960
31.7524
24.6625
26.3665
23.4119
31.3529
25.0417
23.8093
26.9264
30.3014
23.4517
20.8535
27.8166
30.1698
28.9881
19.8251
20.1256
21.6101
22.4340
18.7012
28.6347
29.4917
25.6526
31.0037
23.6604
19.4806
26.3993
18.6517
27.1986
23.7472
20.5647
30.5977
25.3920
20.8734
21.5271
31.5577
21.5056
22.3075
27.4378
19.2939
21.9627
23.6867
25.1564
23.9061
28.0269
23.5121
25.3921
21.4257
21.5818
24.2163
26.4488
19.9258
19.6938
26.5472
21.8638
26.4513
17.2350
26.7538
27.0895
23.9312
27.7757
27.0482
29.3358
28.8793
26.4974
21.4788
24.2610
20.3421
26.7161
27.5263
23.2775
29.6128
18.1968
31.5473
30.5301
33.0156
20.4692
23.8803
29.0202
31.1922
21.3643
28.5151
27.4700
24.4618
17.8620
19.9150
26.8454
26.1766
20.7197
17.3877
24.1624
27.3725
17.1929
20.9893
20.3150
27.9895
20.3494
25.1586
19.6908
21.6531
22.9991
23.9106
27.9201
28.4793
25.5191
25.9544
24.3515
21.9206
33.4423
28.4912
25.8626
22.0185
23.5545
20.1267
22.2864
24.7664
29.9119
28.8781
20.5152
30.7666
28.1517
25.3575
21.6721
24.5399
24.5895
29.2531
24.4161
26.1276
24.9841
22.0345
27.9832
23.6037
19.4651
27.4841
30.9696
21.3066
20.7212
22.9101
25.7803
23.7743
24.6421
33.8926
22.4141
21.3751
24.0813
23.8341
19.2141
24.6413
25.8270
24.6289
27.8249
25.4966
22.1709
21.8813
26.9407
21.6501
30.9820
27.2075
36.3854
30.1803
23.5252
23.7039
23.9012
29.0017
23.4596
28.8448
21.6404
24.1090
23.5748
21.9688
22.9962
22.7606
28.0873
29.8892
24.1571
27.8443
32.1116
28.9790
21.0091
21.0644
19.4411
18.0329
31.7068
23.1010
20.1731
24.2492
29.0724
30.9365
27.8395
25.8113
32.6347
28.0913
21.9872
22.0721
32.2718
32.6180
24.0878
20.9513
24.1814
26.7649
23.2807
25.3546
31.1696
34.9892
25.4083
30.8671
20.4599
23.4297
22.3305
23.3628
23.5302
27.9628
26.0750
24.7224
18.1699
27.3575
18.8547
24.4952
33.3048
29.0840
24.2387
26.1196
23.7343
26.9165
24.5799
20.5561
22.1228
23.4640
25.3274
25.7482
29.4264
30.0896
21.9610
22.2597
19.1034
28.9696
26.1419
27.1468
23.3191
25.5402
27.6405
23.6598
24.4677
30.0945
32.5690
24.3020
24.0352
21.1858
26.9816
23.5358
22.5052
25.1350
20.6973
24.4658
18.7509
21.8102
29.1977
28.4258
30.6982
25.3516
23.9539
25.9033
31.4513
23.0313
31.3137
25.5823
23.6584
20.9889
24.4589
25.0526
23.0755
25.5269
23.2305
21.1565
27.6436
30.6899
29.0435
33.2725
29.2480
28.0079
24.1499
27.3935
25.0459
22.8905
15.4878
21.6579
22.5857
19.5380
16.7642
27.4571
25.7819
31.8256
22.7553
37.3453
27.2378
25.8379
29.8683
29.1517
17.1499
27.8362
28.4878
25.6087
18.8534
27.3678
27.1755
27.0317
24.2295
22.2383
27.6498
28.2180
22.6704
19.2585
24.7269
15.6864
26.0566
23.9920
31.3615
22.6872
20.5923
26.2482
20.3678
30.7854
26.4028
21.6913
24.5412
31.0729
26.3762
20.1848
18.2452
31.0924
23.5542
22.8725
24.4325
28.8433
30.0444
26.6161
29.2857
25.9909
24.1585
32.2027
24.4945
25.1103
24.4588
19.7116
28.3088
27.7839
28.6738
22.3828
20.4831
26.5157
28.7479
21.7006
23.3796
26.2037
23.0329
21.1373
20.7531
27.7105
22.4882
19.5782
20.4221
32.1555
26.8489
23.4081
31.8538
24.8378
29.3509
24.7819
27.9864
25.7425
23.3794
26.1706
26.2180
25.5434
22.8849
24.3568
15.5824
23.8798
29.2328
22.2735
24.4799
26.4661
22.4466
24.3734
21.6554
22.7197
19.6707
24.2089
32.3133
25.2254
33.7555
23.5399
28.7244
26.1356
22.6521
23.3524
30.9601
21.5268
21.9063
23.0458
33.5896
18.6545
21.6221
29.3831
20.9562
26.5767
18.0882
24.9139
22.1046
18.0317
28.7484
27.1913
22.6320
19.6339
28.4150
29.3383
26.8603
22.7699
30.5904
27.7634
29.1329
32.6385
25.6209
24.0810
24.5156
24.3360
30.5337
22.1077
24.1598
19.8609
25.1079
25.9274
19.5802
24.5235
32.2618
26.9008
25.6129
28.8299
31.1586
22.8731
21.1140
27.9336
30.5665
30.9249
22.3034
29.3548
22.1485
22.7129
23.1831
17.8475
25.0391
23.4193
26.6911
23.0682
22.9811
27.6375
29.3325
20.7952
29.2224
26.8434
28.0311
30.2983
25.1583
25.0283
24.0764
26.0066
29.8889
23.0631
20.1044
25.6062
28.7083
28.4886
28.5095
30.4324
22.4355
20.8299
20.3740
21.0428
29.9471
29.7852
18.9899
23.4960
22.9718
27.8450
29.1791
26.5449
25.7600
21.7381
30.9215
24.4299
29.5210
25.3198
21.1204
27.6361
33.5484
19.1142
19.2011
23.5281
20.8519
21.1929
25.1575
24.6005
19.0076
27.3976
31.2554
22.3377
23.4244
23.4064
26.4896
28.6139
24.4518
29.6274
25.9067
28.0131
22.8649
25.2638
28.6053
25.9340
25.5842
22.8218
25.6287
30.1336
18.8584
26.5695
27.3651
26.8661
19.8685
20.0171
32.6864
28.6310
30.8307
22.1670
23.6934
22.4824
29.6980
22.7854
21.2021
21.0997
26.2491
27.9589
24.5590
31.1110
17.4832
25.7073
27.8881
28.1537
25.6706
29.4667
21.0950
22.7951
30.1089
22.9561
26.8631
25.6311
27.9365
21.1453
29.7915
25.3621
19.4178
26.8212
17.2888
21.8830
26.1582
22.4459
22.0052
27.0978
24.0416
30.5360
28.4343
20.5123
27.7381
22.9973
30.5891
22.3087
30.7401
33.0167
23.0825
23.2774
32.8113
28.3347
22.7172
27.8758
22.4543
26.1146
24.1758
26.8108
23.2638
22.1464
25.2966
29.6342
28.1266
26.3599
31.7861
22.1007
26.9639
24.8973
19.8916
22.1091
22.6142
25.4625
22.3198
22.6118
26.7365
27.6137
20.9427
27.7411
27.6460
27.2301
23.3694
24.5020
29.4486
29.7088
28.3413
24.3632
26.1898
28.7470
19.3174
25.6101
20.2768
23.5660
29.6375
28.3507
24.5117
27.3563
28.8738
26.0391
28.0045
19.7913
19.8331
27.8319
27.3721
22.4410
20.9589
23.5573
19.3573
23.9787
22.7364
26.5769
26.1938
21.1830
26.1355
24.9887
24.1760
27.9051
23.5951
22.8606
26.3729
25.5848
25.0343
20.8660
24.7826
33.9091
22.9696
24.1538
26.2246
25.1193
27.4958
21.1447
22.5357
19.9744
24.4676
18.3609
18.3050
18.3248
28.9454
24.1246
26.3911
19.2547
17.9393
27.6664
35.2453
26.9607
25.6384
26.8097
27.8532
28.4943
29.7736
29.1808
18.2001
25.4796
27.8023
26.6154
22.8377
24.4174
26.2537
24.2935
22.0761
23.1598
28.4024
20.9759
33.5510
26.8334
27.2910
17.1886
25.4185
18.4538
27.3759
27.7929
23.1029
30.9052
30.3459
29.2684
21.1859
19.4273
24.6400
20.6290
28.0314
25.1081
24.0517
22.0230
19.8941
23.4575
24.5474
23.1541
23.8286
36.7747
26.4231
30.1366
27.9992
27.0641
22.0346
21.6237
31.7423
18.1936
24.1515
31.0914
20.8690
24.5937
30.8320
26.4577
26.0125
21.1338
23.0630
24.7125
28.3641
22.8838
32.5445
21.9278
17.4008
16.5353
21.4792
26.0124
18.4612
21.6124
20.0798
27.3212
17.8014
27.0938
18.3510
27.1222
23.8780
30.2217
24.3728
32.5296
21.8229
19.2981
21.3430
21.7152
23.3496
29.4596
22.9876
24.9088
17.8527
21.1684
24.2326
24.2399
18.8537
26.0463
27.1401
23.7844
28.8173
24.0084
19.3234
19.1940
21.9235
23.8442
27.2225
22.5790
28.0510
25.2619
27.7989
22.7931
26.9558
26.1547
23.4106
25.1322
20.7602
23.4218
24.7099
19.8741
20.8867
28.3615
22.6177
20.3386
19.1996
21.4773
25.8900
23.2482
29.6964
24.0069
25.4061
25.5577
23.4659
24.2892
28.4552
27.7182
17.7389
21.1893
25.3099
20.0486
26.2331
23.4929
28.7640
20.5585
24.8458
29.2934
21.5887
26.0172
23.3824
22.8738
27.4145
32.1514
22.0620
20.0440
27.1083
21.3645
26.4246
19.4219
27.1622
24.6519
18.9880
21.2032
23.5839
20.7791
16.5938
26.7157
25.3091
28.3886
24.0232
23.1215
21.3210
22.2736
22.6307
25.6798
32.9919
25.2742
23.9447
18.6646
25.3816
35.9656
26.9866
27.0290
26.5050
23.5246
21.0470
29.2449
22.7517
33.6991
26.4013
24.1274
29.7791
21.4521
31.4219
22.7657
23.8094
19.6664
23.9386
20.9120
33.3606
20.1454
27.8901
24.6906
20.4329
23.3378
22.5675
26.3712
18.8854
25.1387
20.8449
25.3351
25.6556
26.7373
27.5279
24.5136
20.1835
22.3599
24.9507
25.7413
20.5513
26.3907
19.7850
22.3398
28.6655
20.8578
26.3554
20.8430
24.1675
28.3163
28.7279
16.9195
17.8911
20.7065
20.1484
27.8683
33.6661
24.4523
25.6740
24.8788
24.0944
37.3952
34.9671
21.4259
19.5278
18.4719
24.6372
23.9029
28.1513
29.1071
19.1473
23.1143
21.5438
23.3601
30.5495
22.5337
32.0367
22.1046
25.4371
22.7274
23.4450
21.6904
24.7309
27.4609
25.8239
25.0335
32.6546
26.6768
17.0236
30.6705
19.8499
30.7132
26.9584
26.0816
28.9379
30.1302
22.8386
33.1132
26.7393
25.9493
21.5836
26.5366
22.1205
26.1318
24.8412
31.1443
31.0463
22.1932
33.1708
29.7156
24.4574
30.2962
31.1112
35.4772
31.8496
26.8735
22.6068
25.9227
25.1850
35.7349
24.5536
28.9449
27.1468
23.8977
21.0026
24.1623
28.4795
22.5431
26.5201
22.1725
21.9596
19.7855
21.1581
26.1765
20.7213
20.2833
24.0713
19.3684
24.3715
29.7154
22.6935
29.0562
23.5901
28.6187
23.6064
29.1873
24.1651
22.6244
28.6159
21.3924
32.7143
23.0257
18.2914
29.6455
22.5240
24.8569
21.2058
33.0198
26.8799
23.6305
26.9184
27.3979
27.7590
25.0251
25.2068
26.3105
21.7468
25.5924
28.6863
20.5721
24.4088
23.3459
31.1895
27.6479
33.5709
29.9611
27.0556
17.2774
28.1008
22.8510
23.4220
26.3567
29.9004
21.6753
19.7617
26.2482
20.7568
23.7570
34.7041
23.8492
17.1775
19.0715
24.6072
25.8029
24.4773
23.3751
24.6494
25.8217
31.2953
31.8253
27.3958
30.2383
26.2064
22.5394
19.2494
24.1019
29.6361
21.5523
19.8328
28.3887
31.8321
19.7993
20.2075
19.9488
25.7602
30.3031
20.8886
28.1246
18.6657
28.3806
21.9988
23.5941
21.4726
25.5941
28.2402
33.1688
22.7708
22.1181
30.0593
21.6861
23.3158
26.2534
22.7814
33.3679
32.6435
17.3258
24.4134
22.7137
21.8783
21.4772
27.4539
28.9074
22.9337
34.3716
30.9639
19.7001
19.8950
22.7340
22.0838
33.2541
24.0511
25.2228
24.5454
27.6496
29.3915
24.1737
32.9226
17.0885
19.4528
26.3644
27.3851
20.0858
29.9673
24.4750
27.7013
23.8174
25.6037
30.1535
25.0051
20.8574
27.2078
22.9538
22.3035
30.4066
20.4156
24.7544
19.9507
21.4374
24.9087
18.4689
21.2452
23.9667
25.6405
20.1034
31.7215
31.0793
22.5854
24.9376
19.9297
26.1995
22.3255
23.5597
27.0607
25.4214
25.9171
24.1295
28.6457
28.9477
26.8656
20.3084
26.0380
26.5286
26.6393
24.9043
24.3549
20.6507
25.3993
23.5674
28.1938
31.4696
25.0555
25.4260
25.4145
31.5304
26.9781
31.8336
29.2897
25.2599
20.2960
28.8056
26.6814
29.1950
20.4016
18.9447
19.4192
29.5299
23.3931
18.4238
25.9743
20.4307
22.6124
25.6600
30.5279
30.1123
31.6004
19.5218
22.9262
25.3798
22.0697
28.4140
23.9003
18.0610
26.0728
24.7705
19.2785
18.4925
20.5336
18.5936
25.6888
21.3427
28.4125
25.0454
24.5331
20.9047
17.6977
27.0486
22.9398
23.4886
23.4899
25.0494
28.8910
23.9989
16.4385
23.8967
21.5999
27.9637
22.6110
24.4672
24.0076
18.2962
21.0482
28.2703
17.1366
27.5370
22.5364
24.7424
26.5792
23.8298
27.8283
21.8160
30.4780
20.0240
31.9488
24.4203
23.7586
27.0265
28.6613
25.6216
29.3126
28.6194
22.9890
32.8441
22.6463
26.4227
29.6492
19.5260
21.1776
22.6563
25.7153
23.6668
23.6550
20.9030
24.5137
18.2888
25.0732
26.6576
24.6265
20.2802
27.7052
21.2617
26.7999
17.2439
23.9883
22.9815
28.5289
22.2962
22.9179
22.9493
21.8315
23.8415
24.4870
21.0202
19.8993
26.9174
28.3083
19.9096
24.7414
29.7499
28.2767
29.2605
25.4957
27.6839
22.7937
22.7010
25.7534
22.4749
27.5899
28.2143
19.9026
28.0677
32.6722
23.7316
19.1635
22.1837
18.8593
27.3564
21.1103
27.9550
29.1956
25.4434
22.9514
22.0587
22.5440
32.3714
16.2097
17.5113
20.8548
19.2126
21.9219
18.9204
24.1171
18.1805
25.9239
20.4964
24.6007
19.8607
25.6765
26.9209
29.1569
26.0913
33.2272
25.0669
30.5875
30.2970
21.5275
24.4014
21.8490
15.9080
22.5967
16.6020
19.6887
24.7064
23.9397
23.3559
21.4278
19.0961
25.6753
25.7239
21.6422
27.1765
23.8581
31.0879
21.3868
21.9121
25.5870
22.0651
23.8046
21.5485
19.4166
35.2827
27.7026
26.6123
21.1932
25.9856
20.4613
23.2749
18.7645
19.0001
20.8416
21.6260
23.6622
27.0947
22.5118
21.8556
26.5533
19.5422
23.4916
25.6371
27.0017
26.7922
24.0950
21.5650
20.2272
23.4154
20.1453
26.7043
25.6683
29.9723
24.5262
27.5084
23.1644
30.7319
26.5208
21.7209
22.2907
21.4984
23.4335
28.6841
24.9291
22.8166
21.7465
18.1716
32.7803
22.7105
24.8374
25.0479
25.1562
28.1320
27.9852
25.5675
29.1792
22.1849
20.3665
23.4158
28.2409
22.0379
18.1285
30.5851
25.0880
35.7924
32.0030
31.2656
24.8389
24.7845
26.2097
25.0326
29.6324
35.5948
26.6310
22.9481
22.5141
24.7782
26.4824
29.5151
24.5482
23.3678
21.8088
26.3750
18.1100
30.1616
28.9718
30.1011
26.7978
20.6009
20.0158
24.6684
25.3721
28.8009
26.3193
30.0219
21.3299
28.9964
25.0294
31.0030
24.7355
19.4086
25.0695
25.3867
23.0262
25.0283
23.5104
27.5959
22.5991
25.9043
25.4080
31.7762
20.9823
21.1335
23.0624
29.6943
28.1615
26.2296
21.4874
23.3616
30.8803
20.2617
18.8933
30.5423
26.9742
23.1172
19.3833
28.7697
19.4998
20.9633
29.1791
31.8377
20.5862
28.1602
32.7836
26.4553
22.5231
21.9609
18.2154
27.9425
24.0164
23.2366
20.0753
22.2385
19.1714
22.4329
26.8765
31.6352
31.1561
23.8556
26.3662
25.4452
24.9865
22.7774
29.4892
20.3311
23.3227
22.6893
28.6058
21.7378
25.7318
23.7753
26.4292
20.8671
22.9899
23.0116
26.5785
18.1709
27.2169
21.2044
23.5423
26.2268
17.8034
21.2329
30.0862
22.3714
21.4761
20.3732
23.9491
22.4557
24.1484
18.8199
24.2093
21.5247
31.7219
29.8462
23.2428
27.5396
25.4147
21.9984
31.8795
20.5658
22.3487
22.5910
31.8181
29.1255
25.8438
29.2948
29.4275
29.3375
37.0155
31.0647
17.4654
25.2148
21.0279
25.8501
20.6605
24.8036
26.9836
25.0122
22.6442
31.2919
29.7626
25.5956
28.8111
18.6486
20.6728
22.4691
23.6212
22.9363
30.7607
26.2854
23.3716
29.7903
23.1091
23.1980
20.3672
26.3377
21.1581
24.9771
22.7916
21.8541
24.3643
31.9595
26.2496
25.8408
25.3452
32.1274
24.1160
27.7725
17.4422
29.5717
24.8959
26.0752
19.9785
27.1808
16.8623
22.1557
30.4843
19.4740
31.6731
22.3062
21.6070
29.1227
32.2662
24.5022
25.6967
20.3955
20.6021
22.1620
24.8923
22.8239
32.6283
21.7645
28.3743
30.6976
30.0098
20.9495
25.3491
26.5456
26.1694
20.9002
21.9779
25.7768
24.9495
22.6772
27.9690
28.6022
23.7572
24.2922
28.0993
27.4173
26.4831
32.7593
27.5023
25.2444
25.8034
17.9291
25.0748
23.3776
25.6679
22.0403
18.9902
32.1074
32.0403
21.4819
16.5086
19.9578
20.3338
22.3972
26.1634
26.9862
25.2393
27.4706
20.5375
24.1274
26.1188
21.5535
19.5741
28.7560
21.5784
28.5264
24.4348
22.7889
20.9901
25.9418
28.6659
26.1771
24.6634
30.5446
27.5547
21.5328
23.0512
23.2175
21.0859
23.6679
24.5504
21.3370
25.8734
26.4820
25.8367
20.1033
29.0115
30.3358
27.9886
28.1422
26.7828
23.5506
22.9166
18.5946
30.6469
19.3679
23.7466
18.9332
28.1694
32.0251
25.7236
24.0517
24.7328
26.1665
25.1067
20.3982
31.2537
32.7006
21.7734
19.6392
22.4827
26.7151
19.6430
27.0110
25.8535
33.0272
22.7345
21.4730
19.2940
24.4144
32.3865
27.6852
32.2838
25.0470
32.2468
24.7557
21.6304
26.5282
25.2399
29.4346
18.7694
22.1895
32.1782
20.8516
29.3940
23.0737
30.9810
22.7598
27.7937
19.8851
19.0051
25.3050
29.0769
32.6377
22.8980
26.9711
26.7695
23.2924
31.1512
22.9315
26.7866
18.3615
19.2897
27.4122
26.1188
28.5590
29.4034
23.0064
25.8706
26.9621
36.2184
27.9970
19.7848
25.4604
28.9933
29.4751
23.7805
18.5894
26.0838
27.2046
24.4719
26.6816
27.3993
28.3122
19.1257
27.1755
26.4365
19.7643
25.2847
19.4150
30.1593
18.4567
30.6169
32.2793
30.4167
30.8227
21.5389
27.2770
24.9122
19.1983
27.4881
28.2195
20.7975
30.6533
22.1962
29.1135
26.1758
21.4328
27.8498
22.0697
26.0573
21.8052
24.1639
23.1984
25.3271
29.1392
26.6367
24.9937
26.7677
17.4084
30.3745
28.7418
26.6520
29.9454
29.7516
23.7216
24.9556
19.3856
21.6287
20.8581
22.3609
30.7489
28.2014
30.2256
27.8449
22.2116
22.0967
25.5940
17.5626
26.9977
24.3647
24.2198
28.6866
28.9041
29.7862
28.1737
26.2545
22.8781
22.0717
29.1352
17.5871
24.3220
26.4375
24.0894
30.4693
24.3003
32.4095
19.9154
24.1637
25.9691
24.4280
20.5522
24.0228
20.3897
20.7458
27.6819
19.5798
22.1346
23.4755
21.6327
21.7924
24.6321
21.5529
26.0550
21.2731
27.3836
25.8182
28.9732
25.4105
23.0907
22.2902
20.6411
28.2195
28.1190
19.9129
32.0755
25.7346
18.5741
21.6628
25.4675
25.7444
24.5676
29.5699
29.8108
28.5426
25.6915
24.9517
22.1202
26.0667
21.9724
25.0279
25.3114
24.7677
23.9694
21.2615
29.1945
24.1144
29.6549
19.8987
27.4787
32.5184
19.8341
26.4286
31.1623
18.8484
26.3974
27.9085
26.9557
26.7932
28.9852
18.0511
28.8426
29.8790
23.5275
19.6207
26.7800
25.1692
23.2693
23.6067
24.7663
21.2300
28.6165
33.5608
34.1857
28.6174
21.5875
22.2796
23.5139
28.5115
23.5440
25.9079
20.1391
16.1090
23.5444
32.3814
36.7754
23.6345
21.5603
18.0080
21.2085
25.2199
25.7109
23.5102
24.7927
27.7878
19.7795
17.8651
27.8687
22.3360
21.7441
26.8561
24.4745
26.9301
25.1919
20.4790
32.2269
26.4012
28.0460
24.2547
23.4045
20.7503
32.8808
27.6573
18.7897
21.7378
22.6602
24.6758
26.7047
29.0010
21.1822
19.0391
22.3655
31.0836
29.4722
26.9568
27.9927
28.9826
20.0521
26.3234
24.5615
29.4467
31.3596
24.8506
21.7050
26.2130
28.4059
21.3858
25.2730
23.3675
17.4906
28.1198
23.0631
28.3470
21.8063
24.3394
31.4919
22.9494
26.2235
22.2039
27.8318
22.5398
30.7023
21.1166
32.7259
26.5963
22.1356
28.1754
25.0825
22.7563
30.9186
18.8624
26.2708
22.6061
25.8023
29.8398
29.5639
21.1773
37.4911
23.0350
20.4596
26.2556
22.5432
25.6058
24.5638
18.9410
33.5907
25.8872
26.6066
23.5040
27.0738
21.6428
29.0254
28.2127
20.4678
21.0893
20.2644
22.5769
27.2292
25.6165
25.8961
30.9110
25.9804
21.6061
25.2729
26.7622
30.5086
20.3836
19.7933
21.8964
27.6279
23.8466
28.5765
29.0127
20.0156
28.0335
20.6672
32.9913
21.7538
23.7257
27.8986
16.9710
21.9692
23.7230
21.5674
25.9727
25.3013
24.9706
24.2758
26.3485
25.0388
25.6481
22.7691
29.6234
28.0685
29.6137
21.9291
22.1629
19.5882
25.1477
23.3218
27.3686
26.7807
29.6675
22.7411
19.2374
26.4721
27.6997
23.7126
28.7153
30.8654
24.6822
25.4263
27.2308
20.4550
25.6784
32.9295
32.9076
20.8428
27.4387
27.1995
33.8212
29.9226
28.8855
24.7930
22.6915
20.6661
19.2738
23.1640
19.2888
16.4136
25.5606
25.6419
32.8757
25.9059
27.1738
28.3459
29.7360
21.7658
30.0648
25.1565
30.5496
18.5437
26.6745
15.8676
24.0487
22.2945
32.4971
26.5267
20.1573
28.0022
18.8267
19.3793
23.1628
27.2721
23.2203
19.0664
22.5019
23.7149
31.1078
21.5498
25.9317
21.6563
19.9129
21.2576
23.9626
30.3257
25.9079
21.8698
21.6192
25.1158
22.8731
25.0463
32.2281
21.5646
22.4310
22.7144
26.8321
26.5712
21.7011
25.6304
29.7389
24.5636
23.3989
24.9433
27.5320
21.1876
19.4635
21.8792
28.8358
26.5830
25.0112
20.6691
22.6887
28.1341
24.4837
21.8902
26.9973
25.9534
20.3159
22.7440
30.4699
26.8604
32.9459
29.7554
31.7584
27.1753
21.8511
28.3166
26.1023
24.3342
19.6060
27.8387
22.2326
24.0299
24.1749
26.2740
20.2379
27.1980
21.0210
27.1047
23.5623
29.0951
33.4504
18.9751
22.5089
28.5170
22.8991
24.4322
21.3324
24.5406
19.9986
25.6458
30.5617
24.1685
29.9971
25.0879
26.1199
20.6943
28.1974
25.4467
25.4535
23.0122
22.7807
23.5466
24.0098
21.2142
22.8228
25.1138
24.3084
21.3461
25.4445
26.9867
25.8189
19.1571
27.0749
21.5532
17.9506
21.0392
15.9059
18.4691
22.7667
22.2959
27.7168
29.5280
26.8927
34.0414
30.4396
28.1702
21.6534
21.1363
29.7214
17.9540
18.3263
21.1265
28.8851
19.3728
20.0926
27.3975
29.2066
22.3168
25.4910
23.0002
27.1620
27.9031
28.2430
26.0797
21.3611
20.7393
25.9370
17.7585
26.4535
23.3416
36.7735
25.8626
21.2819
19.3747
20.6220
22.6133
22.1627
32.6333
32.2989
26.4916
29.1141
28.5005
16.7919
23.1734
27.6344
23.5638
19.7413
24.5244
33.3815
27.2568
21.7094
20.6011
26.8023
24.0218
22.0168
28.6411
25.8088
28.1345
21.7643
26.2677
27.5672
24.5104
28.2126
19.1747
20.0432
20.3411
23.6143
28.0533
29.1099
25.3376
27.7482
23.7996
28.7561
23.0286
30.2921
28.4424
27.9295
22.2991
30.9735
17.0225
21.7617
20.9362
22.9319
20.5243
24.4600
24.3621
19.2393
21.6410
23.7897
24.9387
23.1872
25.1333
25.6167
23.3354
29.2217
23.5424
30.2842
21.4114
24.1237
23.4700
29.2422
22.6704
23.4764
18.6142
28.7869
20.5117
23.7883
21.3724
35.0568
29.1282
27.4438
26.5140
24.3755
24.2428
22.1801
31.4564
25.0595
32.0181
28.8713
25.6469
25.8984
20.1602
22.5996
26.7359
29.5736
25.3304
30.3040
24.4378
25.5867
23.9788
31.7515
24.7800
20.5015
23.7070
29.8158
32.9298
25.1640
21.6072
21.2208
21.3715
21.4557
22.4746
20.2994
27.0367
27.4646
18.4910
23.2511
30.1988
25.0832
18.7934
20.8743
25.9138
28.0230
22.4531
25.2356
22.2749
26.8617
25.1148
27.9446
19.4874
29.3910
21.9907
21.8268
24.5108
33.5622
21.1765
21.1115
24.9400
18.1800
29.2673
26.4354
30.0352
20.9216
27.2731
19.4941
28.9972
30.7715
23.6067
23.8636
18.5981
23.8047
19.1973
27.8777
23.0049
21.9931
32.0538
27.1660
20.5245
22.3840
28.9786
26.9329
18.2483
21.0913
27.7352
26.8646
21.3516
20.4631
21.1178
32.4462
32.8178
22.8274
27.3113
25.9595
24.8438
25.2324
24.2851
28.2358
23.8982
23.7811
22.4063
28.0059
23.3777
21.1040
27.8913
25.2846
23.9422
26.7691
25.7621
27.1267
22.5741
17.0122
28.8046
27.9050
29.4117
24.8610
32.6444
19.0595
31.4107
27.3505
26.1017
18.5458
26.4874
23.3001
29.9938
17.8232
23.3216
22.9546
24.1129
24.2592
32.3017
19.8267
30.1114
29.1424
19.4597
24.6130
19.9937
29.6197
18.9014
26.4290
21.6015
28.8650
24.9380
22.5604
25.0399
26.2760
24.1351
22.1224
31.6563
24.5307
26.2316
27.5629
18.3353
30.8252
22.0820
33.0088
22.9835
24.3827
29.3527
27.7062
22.9335
19.8806
23.4693
29.7966
25.8884
20.4140
31.3556
21.0908
21.7247
32.2586
22.5435
27.0052
26.5350
21.4299
36.3391
26.8155
20.0552
21.0539
27.9647
19.6691
16.4615
23.7700
29.0941
19.4365
24.8072
29.0784
27.2029
26.3352
24.5913
29.6878
20.3619
21.8233
26.8789
24.6223
28.0754
26.6065
29.8708
28.8400
24.6254
23.6392
25.5985
23.4948
29.6467
24.6239
19.0527
28.5105
29.8825
29.0345
28.1120
25.2466
23.7331
20.8121
23.8264
18.8046
28.5975
33.4835
26.4450
28.2078
26.8632
31.5515
19.9303
27.0783
21.9731
23.1377
29.8367
22.7594
20.8002
32.6336
20.9781
23.1647
23.0355
32.6223
34.0301
25.9076
23.4779
27.7100
21.7608
27.6757
28.4680
18.3198
25.6342
28.2265
33.1719
32.4626
21.1908
24.4020
29.0143
23.6912
19.5252
25.7471
22.2183
25.2934
25.2899
23.0474
30.7538
24.1317
21.3411
23.9757
24.5415
24.4262
25.5137
27.6913
19.8417
27.0071
30.6810
20.6918
24.3866
20.9674
25.5399
23.4202
18.0749
24.7257
21.5320
34.1917
29.2541
23.1263
18.8093
30.6147
26.8831
23.8408
24.8769
30.0421
28.4677
31.8114
17.7170
26.3920
23.0470
25.5079
23.0979
30.9247
20.0565
32.7100
26.8598
24.8911
23.7622
21.3428
19.8181
29.5553
23.9004
22.4222
16.8919
24.7866
20.7860
21.6730
20.8461
23.4338
25.1896
32.6058
24.9185
16.9406
22.1385
25.5400
20.8729
28.6944
20.2509
22.4045
30.6811
29.2815
24.2564
23.5912
23.7756
20.8164
26.0934
21.0472
23.8128
26.5372
26.7507
21.7538
18.5793
25.0177
23.8484
22.7166
21.7049
21.9352
25.1809
21.0187
20.1804
21.4774
22.3551
23.6897
18.9335
27.2620
35.5279
24.7157
29.3676
29.1570
19.2373
27.6957
21.0050
21.9568
20.1885
30.6729
25.5959
25.8786
26.6949
27.6002
20.6758
21.6166
19.6178
28.9355
29.2120
19.7931
28.1143
28.2376
28.6669
22.9379
27.5422
25.2340
21.4922
25.5548
19.3722
19.9806
27.5996
20.6137
20.7007
20.3975
27.0954
31.1979
28.4121
25.2794
27.2657
26.6060
30.4141
24.4557
29.7990
22.8301
23.8668
23.2779
34.1164
21.0777
27.6713
28.0597
28.5037
24.8741
20.9150
24.4877
18.4045
33.1625
25.3372
22.4646
20.7781
25.1059
20.2130
30.6083
20.8200
30.7307
30.1467
27.0793
25.7002
26.2948
17.3143
25.7498
24.5285
22.0682
20.2280
20.7780
24.4414
24.7033
22.0654
27.1001
28.9004
27.0097
27.3463
26.6315
23.0681
23.5593
24.5470
25.2123
25.5646
32.6818
30.2384
21.8763
30.5850
28.3893
26.3392
27.8587
21.5546
31.1122
24.9891
26.8513
27.1735
27.9275
20.3022
21.8574
26.5056
28.5925
22.4465
22.9873
19.7065
20.8407
24.4973
25.0290
23.0123
26.8529
24.3060
25.7511
26.8962
29.4642
21.8202
24.5545
23.2142
17.3358
22.0432
27.7371
22.9254
25.5772
22.5712
26.1973
28.1653
20.3310
21.7623
25.6254
19.0429
31.3009
27.4589
20.0869
21.4415
26.7812
27.9497
19.3834
21.9067
26.1108
24.9388
26.6301
30.4586
27.3598
25.6169
27.2244
24.3975
25.6342
25.3229
23.6281
22.6877
35.4243
26.2370
24.2918
24.0623
28.3812
28.6023
24.6614
26.5157
25.9200
24.2576
28.2872
35.5759
26.8392
24.2417
27.1389
24.2639
26.0500
25.9373
27.7978
30.1499
23.6256
23.3017
26.5270
27.0048
20.2081
27.6753
18.5775
24.1490
30.3089
25.1909
19.3165
30.2456
26.4534
32.9675
26.0094
20.3224
21.3884
20.7468
18.4943
27.1462
19.8983
20.6915
26.8364
27.3716
27.4722
23.7133
20.2046
24.6956
28.4935
17.3716
34.2872
25.6402
29.6024
20.3619
25.1996
27.4275
22.7125
20.0333
21.3813
26.4061
27.6101
23.9532
16.6040
21.2526
26.4782
26.9877
22.7946
30.5614
21.0983
31.5133
23.1124
26.9912
22.9664
25.6188
29.2045
20.2844
21.4333
24.6102
26.0808
20.5593
18.0849
22.0178
30.9902
24.1052
25.8813
25.4590
28.2951
19.5739
25.3532
27.2205
19.6594
22.3510
27.0216
27.1667
22.7524
25.1130
26.1643
26.8755
25.1204
18.9445
29.9964
26.7094
29.0938
27.3514
17.9209
31.7993
22.1223
26.0029
19.1239
26.8160
21.9991
21.6080
32.7840
25.5001
23.1652
17.7176
28.4289
25.4207
24.7665
21.7038
23.7713
25.5568
23.8412
22.8905
18.0373
17.9721
23.9830
29.8456
29.5013
23.4590
21.6075
30.0052
20.6543
21.5350
21.4305
21.4969
27.4845
22.7677
26.5992
21.9653
19.6992
25.4064
21.8003
23.1598
24.5067
26.6772
22.9385
23.3858
25.3056
18.6758
23.2113
28.3389
30.9650
29.5526
29.1245
25.6786
20.2849
26.0445
22.4385
25.1458
32.0060
17.9021
18.5150
21.1363
27.5230
24.3191
17.6512
22.8202
20.8515
24.3407
24.5634
29.0971
30.2393
25.3988
24.2729
23.7706
26.5068
26.8352
23.8590
30.5887
21.1081
22.2946
21.1433
33.8325
30.1105
21.3544
27.4538
31.0334
21.9688
27.1446
30.3059
18.9532
24.3216
23.6076
28.0163
29.7513
29.0533
36.1969
25.1095
31.4326
23.7316
19.9016
21.0205
22.4969
26.4038
25.7675
28.4082
29.7652
23.3300
27.9029
32.1599
29.6601
24.1442
20.4841
23.5891
28.2978
23.7670
24.4924
27.0548
21.9429
29.6498
29.3006
24.2538
28.5332
24.6633
24.6737
21.5748
19.7857
20.9078
23.0249
21.8579
29.9914
26.1687
23.5039
25.0017
20.8925
19.4902
27.7845
22.9440
21.6987
25.6480
23.8275
25.5371
20.0886
27.2058
25.7530
32.3427
29.6539
25.8865
23.8272
27.5285
32.7162
21.2485
24.6173
25.7264
20.6554
30.5327
18.0284
27.9154
26.2963
24.4536
25.5801
19.1924
33.3544
21.7408
26.0302
28.8317
30.0750
16.2903
27.4224
26.9869
27.2130
27.0865
26.8809
23.6480
17.1457
20.3902
24.2557
27.2070
22.1135
23.0292
24.4459
24.7029
18.3219
29.0253
22.0777
22.9112
18.6394
23.9401
30.1083
25.2674
27.4604
20.8578
21.0341
34.3130
22.2525
29.0326
28.2637
27.2932
29.3921
22.5615
23.1239
30.2296
30.8759
28.0237
36.0020
23.2876
26.4643
24.9034
24.2684
21.7427
19.8256
20.4380
23.2651
26.8951
28.0924
29.6964
17.6869
19.0571
20.4233
25.5180
25.3392
25.1469
27.5523
22.8780
24.0253
25.7632
18.6879
20.0293
22.2917
24.3394
21.0378
29.8724
19.9047
24.0588
28.5145
32.2393
21.1176
27.0447
24.8094
29.9706
18.2140
31.2345
21.5515
20.2166
19.6993
32.4656
18.0780
24.0780
26.6610
21.4698
27.4155
22.5246
25.0225
27.2460
22.5388
27.2244
17.9862
25.0876
21.9211
23.6797
25.1475
24.8194
23.8029
26.1334
25.2945
28.7689
29.1390
26.2039
25.6371
24.1500
28.4008
23.0143
23.3464
25.3149
24.8504
25.2648
29.3275
28.3526
23.3742
24.5523
32.3937
26.6524
27.8035
24.5874
21.3078
23.4765
29.9160
20.6799
25.0640
21.9677
21.8443
24.3470
28.2531
28.2246
25.6808
21.9016
21.6124
24.4563
25.4230
20.5177
28.4033
25.5497
22.8926
28.2255
22.1040
28.8433
23.1375
25.4904
19.7839
26.5668
29.3527
24.2047
31.6919
23.3988
26.0673
31.2339
26.9416
30.9228
30.1765
24.5591
25.9041
22.1559
27.9324
29.3330
24.6778
27.7964
19.5115
24.6218
27.5274
18.0484
25.5629
22.0457
24.1640
22.5242
23.6113
27.1520
23.8395
25.9332
32.7340
28.2310
22.6380
20.7153
24.9273
26.0778
22.5164
20.9195
23.7493
19.2987
23.5922
21.5732
29.3511
22.5663
23.2191
29.2821
31.4745
21.4514
29.4810
25.1438
28.3842
21.6302
17.4457
24.7855
23.6182
31.6861
22.6847
21.7156
30.0427
26.6976
21.2276
20.4344
28.2239
20.3850
22.2363
24.9143
31.8069
31.4065
30.9815
23.4501
21.9637
28.6262
25.2870
20.4749
24.1277
28.9432
26.9708
15.5506
24.1646
19.2301
24.9102
24.5840
28.4140
21.2507
24.4100
20.7592
22.6540
30.4349
16.8673
21.9002
29.2676
27.4108
26.8874
34.9170
31.8378
26.9950
24.5994
21.8679
28.5758
23.9684
25.3745
23.1298
23.4618
25.6477
24.2018
23.5564
28.1051
21.6306
22.4684
21.2507
24.4787
18.5467
27.7074
31.5701
26.6859
29.1567
25.8009
20.3509
33.5115
21.4545
24.2345
27.8264
25.2216
17.9770
22.7196
22.8513
27.1241
28.1154
19.5835
23.3258
20.0222
23.7393
29.4695
33.8985
24.1596
29.8437
23.7250
33.6020
27.7239
21.9901
24.2271
23.5310
26.0075
28.9987
20.8249
28.9358
25.5290
21.0123
19.1053
25.6884
28.3422
34.8849
24.8492
24.9181
23.8346
24.9250
25.9294
27.6307
22.8288
19.8142
24.6456
24.3426
16.3375
21.7743
28.8571
21.8899
23.3159
20.7301
34.1025
24.6038
29.0221
31.9496
26.4891
33.1495
24.3906
26.2474
28.6210
22.8629
24.9372
20.8852
20.5453
28.6297
23.3084
21.6089
19.6297
29.5252
21.8428
17.4527
21.9183
19.4703
23.9446
26.4951
30.1201
24.5136
26.3284
26.6657
26.1992
21.8930
27.6244
30.0788
25.6194
23.9530
22.9721
22.6036
21.1111
26.4041
28.1352
25.7750
31.5603
19.1952
20.5608
22.7585
23.4112
30.6713
25.1903
26.0889
22.4290
27.9967
23.0506
27.8313
19.9250
25.3944
32.2544
22.9282
32.7666
29.2996
23.9047
22.7199
31.9762
22.5026
25.2965
22.7951
23.4220
29.3223
23.7851
18.9946
27.8638
24.7308
28.2695
26.7126
29.8469
23.4365
28.7993
20.9860
19.1007
23.1185
26.2111
23.2696
21.6710
21.7314
29.7140
24.8301
23.1132
23.8239
26.2071
31.5406
31.4788
26.1016
33.1730
22.5624
27.1190
22.3552
24.8493
26.8812
23.5854
34.7362
22.2732
29.0870
32.3391
28.9378
29.0140
21.3991
20.9371
29.3628
21.8796
23.5757
21.9860
23.0663
30.9314
27.0561
24.6819
25.1769
26.0953
21.4968
20.6824
23.2039
33.7415
26.0776
28.1940
20.9829
30.8990
25.1651
32.3969
22.8514
35.2244
18.5813
28.4538
28.1949
18.2128
25.3627
29.1935
18.7243
26.2208
23.9826
21.5945
18.4382
25.1196
19.7878
20.6629
22.2422
21.5035
22.8217
30.9901
27.6123
22.0422
23.4451
19.7511
26.5340
20.2064
29.1524
25.9105
25.6634
25.0184
25.2739
26.1476
28.4635
23.7992
22.8142
25.1227
24.4007
20.2909
26.1912
31.2286
26.6869
27.9169
29.0242
25.4527
30.2587
26.6041
23.3091
29.1487
28.3576
24.1811
26.3027
29.3610
24.6444
26.5641
27.3793
21.5386
28.0812
21.2854
22.7788
28.2543
18.3209
22.1423
23.0713
21.2422
30.9795
29.3558
23.6824
23.5984
21.3795
20.2567
27.2500
21.9554
20.4970
27.6215
21.5777
18.7012
30.0993
18.1710
25.1492
27.0712
18.6104
28.4907
18.4668
28.1363
25.2442
27.2942
21.0949
25.1400
25.0586
21.1795
24.9164
22.9450
22.9214
23.2012
35.0968
26.4567
17.6444
25.6303
25.0247
25.2831
29.8481
19.5018
26.6109
35.5116
34.8579
24.3520
22.3892
23.8384
18.5283
32.8492
21.5541
29.6573
26.5192
19.3057
20.2279
25.2353
19.6361
23.1975
23.6602
23.4607
21.7911
23.8450
25.1172
23.5710
25.8689
25.6327
31.9454
17.0467
29.2876
24.5884
26.5188
22.1996
26.0375
20.3719
19.8627
19.0252
19.9586
30.6462
28.0923
31.5056
21.9162
21.4798
18.9982
21.9177
28.0582
31.6876
29.5456
23.8015
28.9155
33.0657
22.9730
32.8569
21.3219
24.6380
30.5911
19.0516
18.0923
20.2724
27.8115
26.5629
22.2471
26.2024
20.4201
18.8234
24.3990
24.5112
25.8573
31.0402
22.8389
19.7351
32.1625
28.1107
24.5305
27.8883
25.1624
24.8979
26.4015
22.9585
28.7555
23.5967
31.9816
24.5522
25.1557
23.3379
31.4813
22.6490
21.9724
22.2753
28.6720
24.8108
21.8782
19.7608
20.5173
25.2092
31.3969
23.1693
26.2414
27.3680
30.2545
24.4897
28.5397
22.6230
27.5966
26.7309
24.6198
18.0091
26.2822
22.0451
25.1292
22.5505
26.8801
24.1605
25.7159
28.7329
28.2091
23.5510
27.7895
24.5301
23.1184
24.1499
26.5328
26.6508
27.2126
27.7771
26.6549
29.5638
25.4735
21.4949
21.6695
21.6907
31.0701
20.1056
27.6666
22.3099
26.4413
28.2195
24.6057
22.4877
21.7972
21.0931
23.6996
22.0387
25.1344
24.0933
26.2068
28.6541
31.0757
21.9406
27.1512
20.7985
28.9751
20.1172
16.2020
20.2852
21.2433
24.8454
33.1921
28.0808
27.5258
21.9361
23.7280
26.4913
26.4042
23.2928
24.5665
21.2733
23.7509
20.4268
27.0306
35.5237
28.4424
32.4628
29.1619
27.8093
24.4441
25.9510
27.0886
19.5805
35.1470
29.1091
20.7644
24.1626
30.2281
23.3860
29.2273
26.3706
27.1188
23.8299
20.6771
26.1842
24.2517
28.3445
20.3593
22.0483
20.7408
26.4494
22.4841
25.0188
27.2199
25.4472
28.9243
33.1160
28.3859
26.1323
29.7406
25.3556
25.5932
20.2027
29.4825
28.0422
25.8136
24.8034
20.1004
19.7258
30.4637
25.5820
30.5860
29.3334
27.7950
24.0559
19.6167
28.9732
23.8707
32.8339
21.5818
24.1051
22.2773
24.2964
22.5909
29.8948
25.2394
32.1268
21.7257
28.2378
24.2929
29.4387
23.0314
25.1247
19.8909
28.6042
23.9787
23.8881
26.9408
19.1941
24.7322
20.4945
24.9386
27.5267
23.1857
29.2367
20.8940
28.3836
28.6143
22.9910
26.9581
24.5069
25.4850
22.6158
29.0667
24.4425
31.0738
23.4949
26.2575
32.7113
21.2565
25.9699
32.7647
20.4032
25.8977
29.1387
27.2388
22.5183
19.8205
30.6088
21.3852
31.7035
27.0455
19.4711
23.9475
26.0812
26.8043
24.9505
20.8556
25.2705
28.2209
29.8372
26.7538
21.0525
19.9120
23.9680
18.8655
30.3116
21.6825
29.2701
27.6981
32.9323
27.2382
19.7788
25.0265
23.1842
25.9082
24.0032
21.2569
22.4584
30.5478
26.2359
24.7240
28.7094
21.7378
19.5946
26.0703
28.4940
35.2272
24.9828
31.0287
22.4290
21.8473
23.0025
25.7034
22.4226
22.6408
29.4793
25.7323
19.3368
27.2458
31.6883
37.5492
34.5901
29.7263
25.5916
24.7774
23.6918
26.3980
22.6785
32.2639
27.5037
33.0678
22.6407
23.6697
30.5408
22.6496
23.0799
29.3787
28.6303
19.2047
25.5995
26.7683
31.5793
21.3394
28.3837
26.1859
31.2387
31.4547
20.6219
24.0599
27.3136
25.4580
27.3383
24.5447
25.3316
29.6782
24.3187
22.9477
24.0821
27.5090
23.0434
27.5627
25.7911
34.3899
27.2320
28.4314
30.6939
22.6632
19.9682
27.2932
22.6342
29.8648
26.8029
21.1128
31.2861
31.4788
29.7882
25.7749
29.3610
25.0407
24.5239
24.0589
28.7783
24.3445
23.5548
22.7067
27.5923
27.4073
27.9315
23.7992
22.0223
21.2652
22.6225
33.1098
19.9018
28.5876
27.5938
33.4310
32.4844
31.2510
25.4498
23.1689
22.7827
21.9943
23.0030
21.5763
31.2977
27.7606
21.2953
30.2249
32.9828
31.3310
20.3589
22.2034
32.6534
26.4362
28.8497
20.4584
27.5159
25.5820
29.0553
29.6910
23.6903
30.0334
21.4377
25.9877
25.5962
29.5430
21.8709
29.3072
23.2084
30.0384
23.0932
19.0451
19.8411
21.4400
26.7459
26.4249
30.6538
24.6643
24.2644
26.5986
32.6919
25.0504
23.0125
27.9586
24.8805
22.2156
19.2638
25.3153
21.1115
30.5090
30.7441
26.7719
24.0906
27.6206
27.0821
20.1176
23.1657
21.7512
21.0868
29.1899
30.4299
27.6640
31.5202
29.0987
24.7269
21.8977
26.6948
24.6349
33.6702
27.9895
32.3649
29.8266
22.4884
25.1213
29.2890
24.0622
29.3029
28.2812
27.0042
23.7980
26.1485
27.0893
27.6856
18.5290
24.4499
25.8363
20.2550
35.0912
26.4353
27.1853
22.9879
19.4682
28.5899
22.7552
29.6433
27.3550
18.4256
26.1915
24.4843
29.9577
20.9493
25.3318
29.8291
23.0323
19.6198
20.4556
28.4879
31.2641
23.2780
28.9663
20.6579
17.3336
27.8128
21.8558
24.2504
17.6638
22.2123
35.7690
28.0050
29.8315
28.7589
23.5584
24.2257
22.1030
30.7870
20.5827
30.3284
29.5200
28.5619
26.0017
26.9775
30.3235
25.1766
20.5970
24.3433
32.9547
24.9796
20.9269
18.4963
19.8555
26.5999
33.0288
35.7588
20.7975
24.7217
27.9174
27.9701
23.8954
25.3660
23.3112
20.7426
28.4600
25.0797
22.0074
28.3589
21.5591
26.7027
24.2484
29.4038
20.9932
28.6624
21.7058
25.8644
27.8210
21.2739
28.9248
19.2935
24.2052
30.3349
32.8458
30.5608
31.2962
25.5137
22.7601
28.7527
27.4415
31.8966
27.6971
20.7969
23.8921
22.8253
27.6474
25.6738
29.8101
19.0650
23.8225
21.8108
22.1190
24.9132
27.3244
25.3715
24.1904
20.5768
25.2451
27.0006
22.3280
22.6166
28.8434
25.4963
19.0982
28.3923
29.4051
27.6217
22.6570
27.5435
21.3621
22.7683
25.0950
23.0740
23.7017
20.1121
31.8035
30.9852
23.0250
26.3687
30.7266
19.9560
17.4689
26.0676
28.5733
30.7208
22.9268
29.8969
23.2458
24.7047
22.9115
26.4220
30.6735
20.7913
25.0550
25.7689
26.6932
30.6214
28.1267
27.2377
20.6332
18.6249
29.4246
27.7331
25.0018
28.7275
23.8042
24.3819
27.2317
24.0519
27.3136
23.7457
22.1618
19.1058
27.2186
19.2024
25.6774
31.9499
28.0297
22.9146
20.0220
24.5080
32.6250
24.7560
19.9395
25.7660
18.1461
28.5214
24.1942
22.4525
18.7154
21.5045
23.1697
25.1467
28.0490
19.5966
28.6575
19.5650
19.2254
28.4891
28.5086
26.8595
27.2418
21.3207
30.6000
24.7161
26.4724
21.1428
23.2422
20.9138
25.7690
24.9340
24.1471
26.3168
35.2957
28.2682
21.7227
24.1213
34.7922
24.5992
19.6425
28.2814
23.3606
25.3915
24.4903
33.7182
25.3555
27.3363
29.1951
24.3373
29.4302
24.1362
26.1172
27.3725
30.8523
29.5963
26.6467
24.4074
23.2665
23.4268
21.2780
22.7564
22.3946
28.2509
20.0545
27.1543
24.8258
30.9001
28.5776
29.9941
21.0756
19.3489
33.2549
25.0776
29.1334
24.0302
27.2920
29.7057
29.1876
23.4953
33.2663
36.3795
19.7961
21.5660
26.8831
32.7833
24.8977
26.3177
21.6013
31.5229
20.3861
22.0175
24.5740
24.2549
25.6113
31.2907
26.8658
29.6851
29.1903
23.6186
28.1875
22.6566
33.6314
25.6738
22.4384
25.4725
29.8156
29.6126
26.4597
18.7262
25.5550
25.8257
22.7579
25.2791
21.1447
18.6692
22.2351
28.5188
24.3049
22.0461
32.5671
29.9839
18.2762
26.7604
20.5550
32.2548
21.4488
20.5890
28.0249
24.0912
30.3029
17.9141
27.4002
21.8947
19.1389
18.3189
20.5410
26.4140
27.1777
33.0191
25.9390
29.3371
24.3126
21.0997
25.7560
28.4093
25.9703
23.9161
28.1288
31.0518
26.6368
26.5059
17.8246
22.4542
18.1574
23.6691
23.3225
19.4098
28.3609
18.8828
25.1855
23.0574
30.3640
23.8537
20.9509
23.9606
15.4286
22.2837
24.3365
19.3200
24.9327
22.5293
25.4444
24.4943
22.7906
22.8282
23.4665
35.5938
21.3925
19.4924
26.1463
33.4933
21.3919
27.7594
26.7533
22.7066
26.5743
24.8907
27.5144
20.8978
25.5394
21.6168
30.6618
24.7543
26.8980
30.1186
22.7588
34.4231
27.1763
20.7098
28.3702
24.2034
28.4079
25.1889
30.3803
23.0283
28.8837
27.1756
19.1561
21.1132
21.4172
30.2188
25.4007
24.0372
20.9845
22.3126
19.9458
28.3582
27.3596
29.9392
29.1235
20.2448
22.6249
23.4452
34.0711
29.7244
27.4363
23.1010
19.7846
23.3707
23.6173
28.0654
30.1950
28.6472
23.3996
24.6730
23.1919
24.6282
27.9532
23.6003
18.6646
25.3123
24.6014
24.6178
30.0430
19.2807
32.0146
27.4073
19.5656
23.7805
28.3977
24.4019
28.0364
28.4407
35.8474
23.5502
30.7791
24.2664
25.7435
24.9454
24.1301
31.5434
31.2178
22.1031
22.0969
26.1465
22.1698
23.3914
25.1560
36.5953
26.8033
18.6903
28.3589
17.8175
22.4879
26.7666
29.8135
23.9504
27.4586
29.6968
22.1495
21.9422
33.2278
30.1046
24.7569
20.8352
22.3651
28.1915
24.7559
21.7104
23.6904
18.3375
24.4470
20.2362
24.0284
28.0819
26.8327
25.7701
24.4142
20.3442
30.3530
32.5424
25.2363
29.7198
30.7050
35.2638
22.0699
22.5985
27.5187
22.4005
35.3160
29.5108
22.6438
21.7142
26.0865
23.9834
20.7385
19.4833
25.8091
23.6921
29.5400
22.0404
27.3329
19.7988
29.7523
22.5412
28.2115
24.1268
21.9433
30.5173
27.5960
23.2358
24.4050
28.0323
28.2190
22.5882
25.0538
20.8928
25.2814
24.1287
20.9982
19.3851
27.8077
26.3946
23.4409
21.9248
26.1954
21.2953
23.1928
23.5954
30.8058
26.5253
21.8916
34.0355
22.7006
28.8379
20.9564
20.6605
26.4270
31.5811
25.6673
24.9521
23.6100
29.4139
29.2340
25.5120
25.8969
32.3887
16.2127
27.5893
24.2434
24.7740
18.5008
28.6447
29.1743
28.5432
22.0923
24.8032
18.4991
25.3140
23.5311
24.3776
19.0734
26.4966
27.2038
24.7307
29.0053
18.7296
26.2238
37.2979
26.7540
22.9995
31.6303
20.9572
20.9172
20.3918
21.0261
26.1114
30.5421
27.9387
26.8493
32.3348
20.6464
26.3886
19.1540
21.8419
31.2285
29.2120
34.8732
24.2617
25.8288
27.5657
28.1248
21.2714
21.0421
35.6338
26.7792
25.8848
20.8226
23.8614
27.1361
21.0950
21.9809
26.1439
30.3572
21.2705
27.4568
30.1049
24.5072
23.4784
22.4911
24.2991
20.2474
25.0387
27.3280
23.1578
19.9872
24.8808
27.8146
19.2464
26.5712
23.5661
30.1575
24.3522
27.0948
26.7666
24.1680
24.5994
25.9353
19.2299
25.6363
27.6873
25.4175
27.7795
31.1912
27.0106
23.3006
34.3438
20.1940
27.1261
23.2531
23.8266
27.9658
24.1454
26.2189
20.0055
29.5540
23.3827
22.8764
30.8747
25.1325
27.3064
26.9442
19.4149
24.7935
18.0105
27.5951
23.9040
27.1022
27.8076
26.5436
21.9526
22.9799
20.3361
28.7130
23.8563
33.6357
24.3609
16.9212
26.9047
30.2340
30.3522
27.9694
21.3275
24.8784
22.5271
26.3606
23.9652
30.1455
27.9978
28.6630
30.6774
22.1454
27.4252
21.5756
26.4277
24.0814
23.2350
23.2645
27.3323
18.7022
21.1094
25.7312
21.5454
25.9388
25.5089
24.0843
25.7967
25.5383
20.5024
23.2356
24.2091
35.5235
22.6603
22.5437
25.2178
20.3762
22.5849
32.2442
19.9952
23.4530
20.3699
30.2609
20.6429
29.0827
22.7712
28.8873
21.1316
20.2534
30.3722
33.8432
23.7975
20.6042
28.0370
18.9891
25.0187
31.4430
31.9536
28.6838
30.4469
26.5767
22.6282
28.9172
30.3535
22.1140
27.6512
24.9153
27.8058
22.6003
22.3008
24.8804
25.2594
24.7443
23.1740
28.8554
18.9008
30.2369
21.0679
27.2471
32.3433
23.6319
23.7562
21.1728
23.5777
28.1094
20.9853
28.1571
23.4858
22.8394
23.4517
31.5264
23.6789
31.0419
23.5306
21.1690
29.1612
26.6134
25.0510
25.3409
26.9913
22.0407
35.8392
24.6872
20.6940
26.4294
20.8296
23.6983
25.3763
28.2069
27.0923
24.9537
18.4427
23.3453
18.0485
23.7658
25.8234
24.1657
21.0136
30.7920
24.2635
30.3239
27.3616
24.0716
24.4971
20.8382
24.3690
26.1593
20.7569
24.0583
29.9937
22.7640
20.6841
27.7717
18.8986
25.1736
23.8526
26.6301
26.1922
26.3736
23.1776
20.2667
23.9989
28.1135
18.9689
25.4764
33.0621
25.5119
22.7352
19.1350
23.1470
18.6717
22.7326
25.4133
22.0757
22.8082
25.4346
25.1014
31.3209
21.9690
26.7286
23.3097
25.3878
27.7171
21.8323
27.3653
22.9215
27.2043
22.2046
26.0775
28.8110
21.9678
21.5561
31.3169
34.0346
20.5611
23.3847
27.1541
27.1213
25.9284
19.5950
30.6416
23.6386
29.8435
22.2981
26.3396
36.2246
24.4292
21.4749
26.8277
23.6621
22.4531
22.5318
24.5923
24.0514
23.9923
29.8941
20.0971
26.9404
20.3299
25.2858
22.0979
32.7264
21.3158
28.6527
22.3486
25.1444
29.7290
22.9467
24.0435
23.5249
28.3144
34.4077
30.1337
22.4349
24.7561
19.1668
27.9823
24.0112
29.2314
30.1362
24.0661
27.2415
27.0811
24.1818
25.8611
31.0886
24.4825
24.4522
25.8334
18.0794
21.4354
30.4929
23.2217
31.3916
19.2968
18.4794
27.0932
18.5549
23.2538
25.0934
33.7960
31.2692
20.7660
27.3354
26.1318
31.3629
32.3123
28.1248
32.2964
28.0761
23.5747
24.3944
32.3643
26.8121
27.7773
25.2395
20.3063
17.2516
24.5565
23.8300
22.7479
22.8944
25.7347
26.1163
25.7478
31.3520
25.4289
25.5078
22.5527
21.3514
27.9014
26.7301
25.8313
25.7984
26.0397
24.5002
22.8437
23.8629
20.9128
21.3786
22.9539
19.4387
18.3847
29.8185
23.7322
28.4748
23.6915
22.0546
19.9364
22.2844
27.7133
23.1197
28.6789
29.8176
24.8038
25.1759
22.8223
31.8089
21.3323
23.6063
25.1796
27.6186
24.0385
28.8685
26.6156
33.2352
23.4016
22.4740
28.9526
33.7284
19.4695
25.6747
29.6410
28.5895
31.3231
27.8595
18.7272
22.1007
20.9417
17.7031
27.7841
30.6456
23.7628
25.0139
27.9239
18.6573
32.2460
25.3137
30.6101
26.2197
26.3930
29.1333
25.2085
24.2113
22.6499
30.2229
22.7187
24.0829
28.3419
26.6793
22.1389
21.6045
23.6640
20.1307
27.0016
24.4991
29.1807
27.2617
21.4538
29.2213
34.6936
20.8652
17.1077
19.3676
20.6396
26.5557
26.9587
20.5326
23.9449
22.2405
26.9357
23.3495
25.3698
21.6649
28.8968
22.0514
27.1237
24.3602
30.9164
33.7373
20.1428
23.5054
15.9588
17.9793
24.2373
23.4252
26.6452
20.6316
22.4753
28.9323
25.1300
20.1873
23.9791
24.1198
25.1610
17.9718
24.9465
29.0553
20.7867
22.0041
30.8214
26.4096
28.9583
24.5939
24.4415
29.3058
24.1026
25.0769
20.3477
16.8054
20.7287
29.0412
29.6266
38.3723
20.6370
20.7911
28.2888
27.3704
23.6058
25.1750
32.7177
24.8693
21.5708
23.5963
28.4584
27.4878
23.7378
26.6023
19.8764
25.0515
23.4889
30.6115
18.0815
26.6771
25.6754
22.3678
24.3752
25.5205
18.8983
26.2001
22.2865
29.3567
22.9067
27.2797
24.6301
24.8300
21.4189
25.4115
20.2649
27.3027
21.8600
32.6154
31.6670
22.0604
18.1147
27.0533
27.2805
29.6680
25.5710
21.9076
27.6051
34.9511
25.1659
22.7964
23.8018
20.5703
28.0965
29.8980
19.7773
23.6749
18.4509
23.8010
28.2874
19.4297
26.1125
20.9001
18.4202
31.0560
20.1673
27.0004
23.0456
21.5309
25.7855
17.8670
30.8218
19.0943
25.7786
26.0637
21.9454
23.1642
30.2692
27.1278
20.5480
20.4099
25.3844
17.6352
22.1604
22.6767
23.6834
25.2538
29.2335
24.8755
23.9482
29.6967
26.9364
21.7669
25.1309
26.9211
25.2503
29.1481
32.0582
23.5515
18.7264
21.0171
29.3423
19.9293
27.8693
24.4923
25.3848
31.3810
24.9011
23.9043
23.4389
25.3197
25.6607
27.6524
24.3128
25.4367
27.9583
24.4450
21.6422
27.3454
22.4730
20.0085
28.3612
30.9313
25.4107
26.0574
17.1716
24.0638
28.6361
20.2298
23.3546
20.0999
24.1837
23.8225
27.5478
29.2584
25.8323
24.2141
24.5571
26.8696
22.8483
27.8512
21.7277
27.1078
26.8757
28.4238
24.8452
31.3695
19.1886
30.9019
27.7651
27.6752
20.1897
27.3396
22.2470
23.9314
20.0200
25.1785
22.1458
23.5777
21.3237
19.5697
23.4035
22.7482
27.4502
27.1657
27.0622
23.1219
30.2268
21.9615
27.4257
20.6128
21.3929
24.8546
21.6601
23.1760
29.2625
26.1917
20.9514
20.5305
28.8081
22.5302
23.6789
18.8225
29.1517
27.9906
21.2246
20.1222
25.0792
30.7238
33.0304
24.9161
29.7361
26.5219
33.9128
16.3566
21.6095
25.4196
27.1503
29.9971
22.4204
23.4056
20.6746
24.6377
23.2834
24.1646
19.6412
30.2315
30.8762
26.4580
24.5495
19.8797
27.7429
20.7583
31.4095
20.8288
28.6300
30.7283
29.8307
22.5572
29.4192
21.1746
21.8365
29.0105
30.1850
27.7938
25.9056
23.3441
19.7546
18.7371
22.2780
28.6918
23.6510
33.3594
24.8995
24.5306
24.3217
25.9412
27.9076
30.1178
20.8099
21.6792
25.1450
23.6799
23.5124
27.5044
21.5210
34.6922
30.4500
27.0582
25.3564
25.8649
18.0303
25.3985
27.8759
24.1309
22.4456
24.4604
22.2217
19.9807
30.8991
28.2497
25.7558
31.3742
29.3527
29.7011
31.9860
27.9577
28.2052
20.4934
24.9538
25.6921
22.8729
23.4160
27.0652
20.9059
23.2189
24.2040
33.2557
23.9347
33.4224
28.4029
26.1728
19.5077
21.5836
21.1556
23.9884
20.2399
27.8099
20.2509
24.7328
33.1619
25.1753
24.9221
22.2236
29.6305
24.9388
28.6664
32.5676
23.0894
22.6761
26.0884
27.0259
32.2256
19.2489
23.6949
23.5711
26.0568
21.0463
19.2994
26.0409
29.5450
24.1786
24.8554
22.7655
24.6641
26.2693
19.9734
18.3935
28.8529
29.2768
21.5600
28.7032
24.3754
23.7468
28.2656
27.5774
21.8799
24.6472
18.1336
20.0033
21.5982
27.3775
34.6003
16.2392
20.5243
23.0737
23.7584
29.2603
28.0438
27.2600
20.7560
19.6886
29.4476
27.7820
24.7327
18.5422
27.6729
25.8186
30.9854
35.1538
31.2580
20.2060
26.4107
24.3958
27.0913
28.7248
25.1634
28.2865
29.6045
24.6956
26.4027
26.5066
28.7928
27.8366
24.4189
26.2624
32.5390
25.5858
22.6049
25.6208
28.4105
27.1749
23.4457
19.4989
28.9708
18.8137
26.7577
21.2334
29.1601
26.0175
24.3316
21.1499
20.9407
27.7871
19.7298
27.5589
22.7886
19.7032
27.7420
27.8674
31.8435
20.8581
22.3499
23.1234
23.9599
26.3994
21.7132
29.7817
21.6148
25.8973
20.8655
25.8909
23.7787
26.5525
24.5123
24.4693
26.7443
23.5702
25.6900
29.3386
21.4301
23.8792
22.4268
24.8153
17.5837
27.5549
29.7174
25.2681
22.7051
26.9157
23.3330
17.5248
22.4898
26.4669
21.4005
23.2051
29.2653
27.0830
23.1331
28.9835
22.3131
21.2673
24.4176
27.8856
29.6523
31.1192
20.8099
23.7029
26.9675
26.3575
37.0633
19.6028
27.1411
22.8928
20.9469
24.4679
35.8077
30.2648
32.0301
23.2126
23.6209
31.3622
25.5553
24.0187
22.8762
28.8062
18.3788
23.6403
28.4940
27.7711
29.8987
20.1511
30.4633
19.7266
22.2182
21.1431
24.1413
26.2397
32.4880
22.2958
19.6666
24.6905
23.6366
14.6469
24.8031
25.2686
30.1857
32.2196
23.4918
22.7103
26.2079
25.0119
28.4783
27.2792
20.6172
29.5474
28.0599
24.8477
25.3706
22.3858
30.8721
21.8993
28.9516
32.0106
25.5044
22.9439
23.1529
19.6559
26.5071
26.1097
28.6542
24.1627
29.5158
25.3564
29.8309
22.3658
27.9235
20.8016
22.8015
26.4388
23.2099
27.7299
24.0019
27.9071
26.0226
25.8284
23.9358
25.2474
24.1238
32.9579
26.8713
19.5152
27.7837
24.6796
30.9736
20.3699
30.1167
29.5129
28.7255
21.5920
28.9652
35.2442
28.5505
20.3086
21.0597
25.3359
26.0659
38.1330
21.8251
23.0270
28.8671
21.5988
24.1700
24.1720
29.6169
25.2789
29.6500
20.8701
21.0080
17.7321
28.8517
25.6477
24.5967
26.2835
22.3921
21.9229
20.7093
27.1969
23.1558
19.3823
27.0798
16.6538
24.1450
24.2996
24.4727
26.8122
21.6375
27.1367
23.1621
29.4611
22.8807
19.1158
24.5348
23.4767
21.4115
28.9611
28.0960
23.6116
26.2855
23.1272
23.7833
21.4531
22.7155
33.4207
20.9768
22.5702
29.2846
20.8872
28.0125
21.9502
25.5384
28.9279
21.8325
25.8386
31.5751
30.1442
20.0791
27.8744
25.3091
27.2589
22.1707
23.3567
24.7751
26.7567
25.3749
25.3477
28.0738
22.0077
21.8688
23.8208
21.2231
26.3700
22.8210
21.2272
24.3875
21.4157
22.2438
27.8631
27.2965
29.5952
26.0474
26.0054
20.5855
23.3211
27.8024
29.2729
29.0754
26.8132
25.5179
31.7668
25.3725
30.0274
27.2756
27.1671
24.9448
30.7312
36.6137
22.7809
23.7624
24.9904
22.0414
23.2075
25.8365
28.5959
25.0726
21.0018
22.2213
21.2675
26.2421
28.0092
22.9501
23.9177
24.6373
23.2401
23.4543
25.4876
29.7369
25.4973
25.8995
25.7797
16.1897
20.0986
21.3163
25.5098
31.1247
33.8668
27.2147
21.8580
30.3242
28.7080
20.9335
25.7883
28.7066
24.8017
21.1236
28.7204
28.3244
30.6348
19.5767
34.1287
22.8601
25.5036
21.2627
27.2290
17.5348
25.0673
25.6479
23.0648
25.8583
23.8190
25.3635
25.4726
21.8848
27.7880
30.7142
23.0839
29.4184
23.7682
27.4856
20.1182
20.0316
22.6840
30.7883
35.2248
30.7379
19.3431
22.2715
27.5468
27.1501
24.6734
19.8641
28.4399
22.5457
24.4252
23.3622
31.2571
22.4138
16.7417
23.5958
28.4436
26.5802
23.9584
25.0878
25.2320
18.6724
26.3182
20.3560
24.4203
21.4136
21.6864
21.2365
26.2322
23.8061
29.0839
25.1219
29.1038
31.5201
27.1909
22.1500
24.6058
26.8958
25.9408
23.4907
17.9558
19.1582
25.0151
27.2662
25.5383
30.2559
20.4762
18.1983
21.7043
19.6765
27.4358
17.0499
18.7697
25.4723
35.3418
23.5767
20.6949
24.4178
27.2644
20.8330
29.5243
24.5632
26.7558
19.9785
20.7764
18.8998
27.2857
33.0486
31.0853
26.1908
27.1431
27.2918
20.5957
26.3814
23.9400
24.1093
19.2800
27.2546
26.6283
24.6406
25.4335
28.2038
18.5157
24.0597
28.3558
22.7242
32.3756
28.5456
32.1446
18.1237
19.2200
25.4205
25.0317
19.9533
24.4712
21.3442
25.8069
29.6009
21.5769
29.3998
26.4518
29.0425
29.3017
21.1290
19.6722
24.0051
23.1395
22.1103
24.0759
22.9122
27.4113
24.2053
21.5539
28.3564
28.9665
27.8842
28.3221
21.8357
25.4133
18.1480
18.6539
22.6020
23.5660
22.0184
27.9280
25.9154
23.0595
23.1728
24.0965
28.8743
23.1636
27.0174
24.6180
26.6484
26.0647
30.5748
30.0066
16.5527
27.3657
21.7476
22.1610
30.8204
25.4621
28.1328
20.2303
27.1581
26.5312
25.1625
19.6839
28.2206
20.8825
22.8140
25.7874
30.5766
19.7876
29.8709
33.8984
24.8206
28.8798
29.3990
28.7107
28.7325
22.0978
24.7163
17.4456
27.5117
25.2755
19.8883
28.2750
25.1474
31.5649
25.7899
22.4898
21.5234
26.0153
29.4706
29.5562
28.7836
25.8247
22.0933
24.7890
21.2485
24.4904
19.8828
22.3905
24.9817
25.1608
27.2439
23.6525
29.9207
31.2036
25.1486
22.5040
29.8117
23.3838
26.9221
23.1296
33.6711
24.5757
21.9014
27.3056
31.8986
34.7132
23.8529
20.2786
31.7473
25.3570
29.8772
25.0044
20.6659
29.9860
22.7388
21.6734
27.8312
21.8336
28.8594
24.7230
24.5285
29.1722
31.8781
21.2362
25.4409
23.8283
28.3623
30.5705
34.8627
29.3391
25.6592
24.5282
24.8783
23.4962
28.3935
22.3899
28.9624
20.9794
33.8070
21.6672
26.6940
20.3404
22.2984
28.2031
24.0423
21.6232
21.3464
31.9795
28.2381
25.1515
27.3877
31.8647
26.8432
21.2565
29.4460
25.0814
32.9386
22.8999
29.2595
21.8970
34.1229
25.8144
25.2921
22.9638
21.0249
23.2618
25.3299
24.3021
22.7602
32.2473
21.4602
21.3725
24.6038
21.8268
32.1978
24.0360
26.3615
24.6342
20.3510
22.6572
19.8888
21.2771
19.8475
20.7224
22.6339
19.1510
20.7525
26.0388
29.6079
24.5083
31.4425
22.0760
24.8771
29.2726
25.1314
20.4986
20.1233
26.4279
23.9852
31.8292
25.2463
30.6399
20.9861
29.5918
25.0486
29.6807
29.8505
18.9199
26.6215
24.2804
22.2694
29.3029
23.3449
24.1786
30.4202
26.0753
20.6820
23.4887
33.4182
27.3652
27.9203
26.4160
27.8745
30.0570
22.8376
28.6920
23.3824
21.3964
17.9150
22.2164
16.4276
21.3243
17.7087
24.6245
27.1977
27.2087
24.8606
30.6929
26.1309
22.7232
20.7196
28.2392
25.1184
25.6823
22.1178
27.8941
19.6495
20.1094
23.8567
25.8621
20.4966
29.2774
31.1529
25.3381
20.6362
18.0959
26.7438
21.6283
23.7192
23.9612
32.1613
22.5452
30.2346
22.4519
26.8951
20.2137
26.3560
33.8564
31.0651
29.3262
21.7941
22.0579
20.0966
20.4910
31.4192
33.7739
21.7309
25.3192
28.0693
21.6617
28.1137
31.8026
28.6659
30.9487
18.5241
29.7789
23.4014
22.3085
24.9143
23.3942
21.1012
17.9485
28.1905
19.1360
23.3633
24.9229
19.2819
18.9923
18.2085
19.8911
21.8210
28.6019
19.5159
24.0411
27.6743
30.0074
26.3677
28.6704
19.1151
25.4068
26.4816
20.1207
23.1912
32.5378
24.1153
22.7550
23.7514
31.9883
23.6265
29.8559
34.4977
26.7017
29.3791
33.4795
26.1134
25.2580
29.6952
18.4445
25.5914
22.2617
27.0543
26.7191
27.8832
25.5612
20.3864
19.8315
27.7134
28.8307
26.3686
27.1877
21.6351
22.1767
21.4077
18.4589
27.3307
29.4957
26.7966
18.7400
20.8200
19.8572
27.9914
29.6736
17.6897
31.2607
24.4931
23.9062
28.8675
20.7952
21.2347
28.7231
33.2330
28.3325
18.5745
30.2750
24.3774
20.1791
25.0417
18.5219
30.6235
20.9802
22.5856
23.7656
25.8252
22.0018
33.1310
23.8537
26.1252
25.9377
19.9699
25.8673
22.0492
23.2903
26.8940
22.0039
24.7253
23.5292
28.5881
29.3257
28.0738
29.1145
21.9490
28.2338
31.8102
24.6397
23.1926
19.6473
23.2167
28.5442
21.3777
24.7491
22.8069
32.6589
24.0184
24.1459
22.4139
18.7585
25.9518
25.2689
21.9238
23.1091
18.9386
29.2865
18.1297
26.1849
21.5753
19.8235
32.7238
32.6676
33.4964
26.6449
26.7968
31.5056
22.8104
20.1115
18.5700
21.8593
21.7612
33.8717
22.5751
22.5459
26.4813
21.7687
33.1448
27.2171
29.5215
25.8637
19.9326
25.5629
25.6924
25.6335
22.6023
26.5172
27.1812
21.0582
20.5432
26.4846
27.0595
28.7605
22.7903
27.7686
25.0229
24.5278
20.9329
27.7351
21.1706
34.0573
29.0527
22.1825
30.6758
23.7384
27.0609
31.3385
19.1528
27.1456
21.5513
29.7980
23.1671
27.7602
22.8780
26.5205
24.5747
32.0764
23.6778
36.9686
25.6878
33.1958
30.0442
26.1381
19.8243
25.0570
26.4261
29.0542
18.4299
23.1550
18.7719
24.9125
26.2350
29.0372
19.8996
31.0881
20.5392
21.5617
21.6116
24.3674
31.9835
27.5381
24.8150
25.7452
25.1189
20.9098
22.7399
21.9548
28.7075
21.9100
23.7125
24.1748
21.5073
20.4835
27.2965
23.1521
28.2834
17.2425
23.6854
32.2520
28.3349
25.5970
26.2734
27.2286
24.8620
21.3866
17.7357
22.3929
22.9911
23.8385
31.5061
31.6406
25.0653
29.6936
25.6680
27.9345
20.9430
31.4587
21.1039
32.6778
30.2133
17.7440
27.3269
28.6816
22.6147
23.6610
27.1096
18.3218
16.5883
22.3452
25.6703
24.7895
25.1865
28.6449
24.2937
25.0480
25.9034
31.2953
35.0339
30.2973
26.0041
27.0612
26.3811
23.9605
25.9738
27.9136
27.8486
18.3495
26.3662
23.3364
22.5233
25.3258
30.5329
20.4989
28.4164
22.1463
21.2109
27.0281
23.2718
28.5666
28.4018
32.5591
23.0846
20.0139
20.0637
21.6610
21.2559
31.7401
25.5975
18.4515
25.7283
22.7670
19.1018
22.6532
26.5849
28.3286
24.9086
20.9963
20.3972
31.0811
37.1144
26.6792
21.1174
24.0302
25.2583
28.2242
25.9055
21.8600
27.8616
23.5011
21.0612
34.8894
24.5440
23.6037
22.0815
32.1939
23.4497
25.3711
34.8471
25.4848
29.2862
29.0348
26.1923
18.3180
24.9232
20.9485
24.7162
28.8639
23.7395
33.6671
25.2290
24.8438
19.4082
19.2448
29.6074
22.4801
25.4982
16.6670
25.7871
23.3009
30.6967
19.1655
27.4108
23.8380
26.7059
25.2720
36.1522
18.6710
26.8415
24.2219
22.9418
24.8390
22.3369
30.7436
22.6569
24.6088
19.6256
23.9420
34.8720
27.1347
22.3227
32.7258
24.2336
29.7795
25.1874
28.8973
31.7206
18.6771
28.5157
20.7419
16.3689
30.2439
24.5810
25.1187
19.3853
28.1172
24.3897
34.7784
28.1983
27.2053
21.2760
25.6065
31.8795
26.1617
28.4323
20.9298
22.7901
18.8432
24.8756
26.5310
23.3656
26.7245
25.0529
21.0520
26.3605
18.0126
22.7105
22.9424
23.9115
26.9481
25.7211
21.6582
23.1881
23.3586
26.4471
26.1156
29.6425
27.7971
20.7908
22.9268
25.3081
22.8342
25.6357
18.9751
26.3978
29.3644
33.3466
31.1094
28.5089
20.3162
32.7825
29.0454
29.1418
26.3606
17.3033
28.0446
34.0911
25.9936
24.6671
24.1114
25.8389
32.2740
26.6534
23.7030
27.4890
27.2531
29.1711
29.9044
27.7772
20.8419
24.6294
20.2749
25.9543
25.8794
25.5405
20.5765
27.9653
27.3850
26.6024
33.4975
24.4222
29.7580
17.9184
26.6956
30.3973
22.7517
29.1213
32.7237
28.7516
27.7878
33.7147
24.0483
29.3734
31.8803
28.8196
30.4506
28.1218
21.7488
33.1664
23.1999
21.2359
24.6462
29.0487
32.1522
25.7060
22.1348
27.2062
22.6159
21.1588
22.0389
24.1527
24.4157
16.2806
28.5451
26.2259
32.4021
19.8098
24.5355
22.5555
23.6234
29.7232
23.1291
20.7033
22.7893
29.4174
17.9141
20.9826
25.2414
28.9160
22.5352
22.3985
31.3194
28.8110
26.1982
22.2021
21.4026
22.0934
22.7901
30.7983
22.7827
22.5309
21.3383
30.8272
23.5757
22.9391
26.7086
24.7630
18.6811
24.9378
23.7505
31.8550
27.0924
24.5764
25.7660
24.7702
20.1357
23.1126
22.6670
26.6999
31.2805
27.3398
29.4470
18.0734
23.6586
28.8770
27.1114
26.6100
28.9675
19.9099
22.5030
21.9239
19.9305
21.7902
21.4454
25.7851
26.9874
24.7424
23.0628
22.6813
20.4437
26.2532
19.5857
21.7051
21.6353
23.4545
25.5706
28.9552
22.3361
22.0860
19.0365
20.7245
24.8099
25.0202
20.5457
24.3640
23.3482
27.3121
19.3686
24.7743
26.8183
29.1216
27.5809
34.8077
22.6702
30.2079
29.1333
26.5983
22.9129
25.0664
22.6939
30.0513
22.0552
30.3103
30.2378
21.6222
19.2160
29.6885
25.3374
30.4119
17.2229
19.7700
26.6214
27.7239
24.2100
32.7076
23.5381
27.4653
28.0729
19.3924
27.5888
26.3340
18.9837
26.0645
30.3416
20.4010
20.1170
28.9814
31.8095
20.8080
22.2128
19.4185
21.1006
22.9915
25.8628
35.0128
18.4275
25.1291
20.7594
22.1165
19.8946
25.3223
19.2532
29.7644
22.8492
20.7096
28.6267
25.6699
32.0317
29.6825
17.9625
17.9894
23.3598
24.8579
32.8230
27.6270
23.6373
22.7404
21.9609
21.4417
23.7030
25.7883
25.9599
27.8225
21.4564
22.7853
29.0115
20.5964
25.7660
20.1877
19.0166
30.5828
26.9262
24.9596
30.6719
32.7503
30.1472
25.8870
25.5661
36.9005
19.8481
23.8991
27.8283
21.2400
32.0182
31.2509
26.0242
18.9996
36.8392
25.7263
31.1924
19.3405
23.3860
19.9269
16.2133
27.2626
27.7578
20.3475
25.4415
18.3597
31.0168
30.4509
21.4890
25.2803
27.3998
32.2006
29.6211
23.4068
28.0741
21.1308
28.1677
24.2760
26.2027
28.3848
30.7492
33.4570
27.1307
24.7987
30.6908
34.5175
23.2431
23.4154
29.6033
27.0069
21.6366
26.1522
22.9979
21.5111
22.5333
22.6213
29.8173
22.9372
28.0695
22.9543
21.8248
27.3950
27.6071
25.5397
27.7361
24.9471
19.4700
23.2717
30.2988
19.9556
22.3769
31.9269
28.3282
30.1099
27.4180
20.9471
26.7043
29.5469
29.6064
36.0156
26.2128
25.3899
18.8821
22.2311
26.7264
21.6525
28.2626
22.6882
21.6665
25.1926
19.1715
22.4753
27.7885
21.7192
21.9505
30.5450
30.1242
35.8922
21.9562
17.0312
21.9925
22.4872
35.4402
17.5696
23.2845
18.9324
26.0527
33.5491
25.9007
19.4228
29.1877
16.6537
26.3364
32.5052
27.5932
23.5800
21.3002
24.6217
24.7738
28.2399
24.8856
23.6917
25.4704
25.8333
25.1185
27.7410
28.5678
23.0327
25.0710
27.9344
20.8286
31.5697
27.6335
21.4850
25.7923
29.4514
29.9450
24.4153
25.0552
24.6295
28.3960
19.4273
31.6344
27.1498
24.1801
22.5028
23.4509
20.2836
26.0663
19.7366
35.2793
27.3890
23.4195
28.8598
27.1589
31.1307
23.9117
19.3410
22.4735
18.6232
32.6149
26.3120
25.3072
28.6335
25.9171
22.4999
30.1951
24.5284
26.2128
24.3589
21.8483
27.1114
28.1506
25.6072
28.6037
28.0152
27.8012
25.5154
25.9507
20.1555
31.8988
22.9842
31.7266
21.1258
22.8096
20.5877
29.3125
22.4896
31.8296
31.7217
33.3630
28.1348
22.0315
21.4060
30.4113
26.8546
29.1790
33.4930
30.8415
23.0626
27.8708
27.5054
30.6912
24.6107
16.8586
23.8390
28.8191
26.4471
21.0824
25.4942
28.6672
32.0119
26.2380
25.1032
28.2449
37.1412
35.1521
24.3336
23.0141
27.3528
26.3609
26.8389
29.7131
30.9975
21.2281
27.2975
20.1379
30.8583
26.8848
27.0725
21.0213
20.5609
24.5901
19.3980
28.0308
23.9305
22.9028
29.3588
28.2810
26.6327
23.9460
30.2422
28.3837
35.8935
25.9942
26.8392
26.6679
27.6474
16.8827
32.5069
24.3016
24.6872
24.4045
23.9209
28.6947
30.4292
24.6859
27.0624
22.3844
33.3388
30.2288
19.0837
29.1478
24.2278
24.6862
23.0950
22.5179
25.6611
23.2492
21.1862
18.3074
26.5265
22.3320
19.9362
28.2963
19.5451
21.2537
23.4615
18.7883
25.6422
26.0205
25.0251
21.4839
30.8175
31.9379
28.9561
23.9038
21.6143
23.6463
28.0754
19.2477
31.9501
26.3175
22.3872
23.6021
22.9581
27.3985
30.1527
31.0898
26.6990
27.4091
29.9004
28.6553
23.0852
26.1365
27.0439
16.6168
29.4921
28.2052
23.9624
22.4308
25.2066
21.0020
21.4131
27.5096
28.6655
26.3453
19.3098
28.4185
29.2245
25.6785
19.1632
20.6077
31.1875
21.0121
21.1201
20.4562
24.0294
20.1809
27.0169
21.1429
23.1615
22.1149
27.0992
18.2952
24.6501
26.7481
28.5541
23.0386
29.5781
31.2723
27.0352
25.2520
28.4445
28.2105
26.4348
28.5773
22.0518
21.4246
26.2710
27.9163
25.0885
24.4449
25.6180
27.3003
21.7120
26.2911
27.9208
26.3556
22.6867
22.2555
24.7893
23.5727
18.7051
19.1216
25.3875
25.7939
29.3828
23.7894
27.9961
27.5581
30.0295
20.3155
28.1121
27.2290
21.5288
23.7220
23.5818
29.2870
26.9069
27.9836
26.4666
22.7263
22.9459
32.2770
21.7556
23.5968
24.5313
24.2881
23.7877
26.5756
19.8006
24.5950
19.0480
24.1020
28.8503
31.6135
26.3736
27.2921
29.2266
20.8197
23.6218
26.9825
19.7481
18.7423
30.0950
22.4071
22.4239
21.5205
23.8218
19.5767
26.3642
25.0930
17.9611
21.1913
19.1963
20.4734
20.9307
34.2679
27.8122
27.3418
28.5186
17.6549
27.5370
28.7352
31.5575
28.3068
25.5065
31.4564
27.8479
21.0177
19.9253
31.5396
24.2621
26.6324
31.8349
22.4602
23.1568
23.6170
29.1914
22.4222
23.6960
20.7797
28.0275
25.8533
24.2101
24.9617
27.7100
31.1966
24.3049
29.8898
21.5192
20.8285
29.7534
29.5324
28.5939
25.5469
32.3457
25.1275
25.7488
29.9475
17.0949
26.0784
22.0520
28.4150
28.6682
19.4946
24.1535
23.6810
21.5426
25.1493
27.8189
25.9361
19.2880
25.5226
23.2699
24.1548
23.2667
24.9837
20.2829
29.0936
26.3108
27.0770
28.0324
20.8496
22.7488
23.0061
25.2296
24.1560
25.2379
27.0492
27.8110
28.8093
25.4976
29.6218
27.2394
29.7440
23.6054
24.2834
24.0891
30.0640
19.1373
22.4774
29.7511
22.2029
27.5403
24.3443
26.8278
27.7768
27.3832
23.7913
20.6077
28.1953
29.2202
25.8726
28.2897
37.7187
23.4206
28.3262
23.3286
27.7932
20.4206
26.4212
24.8513
21.5214
27.5314
21.7615
24.4752
24.2712
21.5512
27.6260
27.5750
26.4266
18.7425
26.7892
25.2569
31.7808
28.5784
28.9220
32.8683
26.9101
26.3181
26.8293
24.7320
37.0899
28.3789
27.5436
26.1840
22.9843
23.5427
25.9237
23.1536
29.8691
33.6994
33.7478
22.7645
17.0622
24.1506
28.1386
28.9963
25.5987
24.0553
28.5690
21.0332
24.0195
25.5562
20.4656
18.9920
28.0364
28.3679
24.1639
23.5507
27.1935
21.7499
31.0672
20.4723
27.0593
26.2727
23.7508
30.2662
17.2998
24.2837
23.5752
26.1696
27.9740
24.0028
21.2559
24.1175
26.8777
28.7437
26.6388
28.8329
32.5384
19.7201
24.3439
23.7862
24.1430
23.4728
40.5136
23.5191
30.8975
22.0539
26.7229
16.8253
33.8982
20.4070
25.7353
22.7906
30.1163
21.6770
29.1749
23.6232
20.8066
35.4607
24.2329
29.3529
24.4842
23.2395
23.0418
25.4147
22.6771
27.8321
18.9728
22.2221
22.3338
19.7103
25.1282
25.7967
20.7645
25.2409
19.6978
26.3301
24.5533
22.7455
18.9849
24.2036
23.6024
29.2802
26.6424
27.4612
31.0106
16.3717
27.8287
35.2136
27.4761
22.6121
30.1500
23.0701
19.6334
35.4535
30.3589
19.1108
27.3493
23.9519
22.7051
26.5051
24.3909
29.5823
32.5946
27.1874
24.8820
23.8827
24.7293
22.6209
25.0107
28.1449
29.0607
31.0713
32.2194
26.9305
24.8991
22.4420
33.0935
21.6135
22.4935
25.2086
23.9427
35.2073
21.2084
26.6115
28.9601
30.7966
24.4567
20.8901
20.2981
27.1949
21.0631
25.6514
29.0106
18.6047
25.5043
24.1702
18.1557
26.8046
29.8298
22.1002
23.2136
29.9912
23.4468
30.0154
27.3449
30.3316
25.2235
25.9106
24.1105
31.9470
21.3176
25.0278
30.3650
21.1298
26.5456
25.2050
26.3243
26.3009
31.9263
31.2677
30.6872
23.2279
32.1288
24.7786
19.5948
27.2936
26.9481
26.6124
17.7387
20.5469
19.9144
24.4717
23.9449
29.4794
26.2240
26.8691
28.3421
30.2167
28.6421
26.4355
24.7093
24.6456
22.9586
23.2786
27.0929
20.7733
26.2786
23.1507
25.3801
26.2920
23.1178
30.3730
24.6607
26.0459
18.0747
26.3889
21.8799
28.6873
20.5974
28.2711
20.9399
18.1535
17.1992
26.1571
18.1715
21.1046
21.8352
19.9651
27.8543
29.5591
30.9268
22.3143
21.6235
23.1371
20.1948
22.2009
29.8515
26.0433
19.2699
25.4450
26.6547
23.4540
28.2855
19.3613
27.2054
31.0034
25.0051
26.1213
27.6410
22.8196
29.7672
18.3514
20.2824
24.8476
21.1114
30.1211
25.4130
29.7597
22.1186
22.8589
21.0909
25.0803
21.9149
28.5781
25.7241
20.2261
24.2770
27.6065
21.6609
17.5907
23.1698
22.2454
25.5720
28.3110
28.1381
22.3544
23.8863
22.9304
20.0925
21.8371
31.5966
28.0742
19.6690
23.7230
22.1669
28.7032
16.8001
30.4666
25.0095
26.0577
32.4087
24.7857
29.1643
19.2795
26.8075
24.4924
23.1000
32.4599
23.3096
27.5406
16.8184
30.2645
31.6890
32.3139
28.4002
22.3196
32.6596
19.2767
20.5875
25.6751
29.8530
26.0690
19.8057
18.3576
25.6205
23.0875
19.8213
24.8247
20.3614
22.6642
21.2442
30.5015
24.2234
22.5956
23.5258
19.9202
23.2685
25.2442
23.4149
31.1095
25.1855
25.4052
25.2854
28.0383
24.1908
28.4233
37.8707
24.9801
33.4178
26.5806
23.8829
28.5054
31.4950
28.5805
24.1921
17.2079
19.2674
18.8941
18.9682
24.2923
27.4052
16.8947
34.2006
23.2419
27.7015
25.4482
21.8550
25.8782
28.3927
26.8292
22.4945
24.8806
30.4473
23.7285
26.4420
27.2311
24.2690
26.8676
21.9763
23.2273
25.7322
22.6397
27.6107
24.6857
23.3173
35.2390
21.8783
20.1999
27.2316
19.8743
26.7098
28.2114
22.5854
21.0641
23.1475
21.8712
17.8225
30.0341
26.9551
23.2343
23.8675
24.0878
22.1521
24.0283
20.7798
28.2903
19.6371
25.2128
19.1133
27.6619
28.5731
22.9055
25.4221
28.4232
27.2280
19.4203
25.3970
20.5388
28.6742
21.7310
24.8121
22.0262
23.7754
27.0331
21.6700
19.7512
28.9999
29.3361
30.9659
26.3025
29.1070
23.1337
18.5815
28.4089
27.1573
23.9060
23.7596
24.9272
26.1391
22.7171
26.1750
22.2978
30.3275
19.9909
27.5568
27.6528
21.2147
24.8635
22.2031
23.8757
24.7537
26.5329
23.1118
28.6032
27.9019
29.3940
27.6739
25.7697
25.3542
30.3633
25.2210
22.0804
19.2826
28.6170
31.1436
24.8259
24.1259
30.7786
29.0790
26.4053
25.7544
19.8807
20.9304
29.5628
23.2656
21.3523
35.7165
24.9063
27.1538
23.2039
23.9685
27.1777
23.3175
25.6287
25.4536
25.5746
23.1805
26.9352
23.0427
26.1942
32.9255
19.9384
33.3874
25.1240
22.5073
28.2756
22.1440
25.5869
29.3481
32.4680
27.7034
22.6863
25.1005
24.4105
25.3732
24.1717
24.7832
24.3160
26.9862
19.7792
28.8958
26.1455
27.2797
23.7119
22.8500
20.2785
26.2905
27.7164
29.6786
23.9442
24.0275
27.0678
24.6682
27.8660
35.3967
33.2871
21.4104
25.4136
24.1915
23.7162
20.5654
24.9993
24.7982
23.7788
40.9169
25.5711
27.3232
30.6002
29.7663
24.2410
32.2754
20.9446
30.0071
29.6260
27.7827
26.9943
35.8530
22.2884
23.1520
23.3196
25.2888
23.2296
24.9960
29.0142
24.0654
21.8733
20.7548
21.3757
29.2771
22.1993
21.5839
24.5330
30.1979
28.0837
27.5820
24.4098
20.4658
21.3377
32.9337
29.0265
29.0284
25.2335
28.4101
34.2681
19.7260
26.7437
27.5552
18.8899
18.8748
17.6970
29.3539
22.6717
28.2852
25.6931
24.2353
30.1006
16.7716
27.7897
25.9487
26.3302
30.1580
28.1998
28.2249
20.7183
27.0395
23.6556
28.1438
25.7448
19.5953
25.6199
24.3510
25.8611
27.1795
21.7550
29.8558
29.0577
31.1592
22.2092
26.3789
31.3238
32.2632
20.1248
22.8917
24.6188
24.8597
19.0117
25.5796
23.6158
25.9140
29.8262
28.7991
27.9836
25.4843
24.5707
23.5194
19.1049
24.3751
26.6965
29.2953
26.7258
27.0376
17.5840
17.1261
23.0871
25.2512
21.7329
22.8368
24.9667
27.9113
27.5046
20.8623
28.3977
25.9080
27.9208
24.5747
32.1962
22.8901
26.5658
26.1710
22.2196
22.7649
19.5513
19.0903
19.8783
28.4957
23.3397
23.0452
27.7445
21.4983
22.4016
28.3444
22.5665
22.5931
24.4050
26.9950
22.4513
27.8493
25.2550
29.9797
34.2411
17.2814
22.2491
22.9854
26.0395
25.2612
24.9827
25.9678
29.6081
28.8694
21.6534
30.4571
25.4798
30.8717
24.6687
26.5677
26.3959
18.0943
26.8070
30.7022
31.3109
24.1117
27.0080
24.1956
34.7749
25.3834
20.8923
24.3958
25.8115
25.9107
26.1378
21.9708
26.6062
23.7595
27.7249
24.8465
25.4974
28.1664
22.5508
24.7595
25.7711
18.4907
22.3957
22.6782
19.9606
23.6606
24.8698
31.1699
29.5746
24.3137
22.0137
31.5660
22.3707
25.2956
30.9120
21.6120
18.1794
28.8461
30.5960
24.5041
27.0850
20.4096
26.2172
29.9451
34.9115
18.7438
25.7092
26.0677
27.9275
27.7658
19.7302
20.9503
22.3626
24.0477
20.5566
25.3447
24.1170
30.2269
23.9831
19.9496
31.7992
27.9441
23.8213
30.7163
35.9672
29.5299
19.2904
28.5180
28.9479
22.3772
21.6229
25.4375
23.6700
29.5468
20.3376
27.2937
18.4437
26.7272
24.6666
30.7551
21.0979
25.9866
20.7136
23.1879
28.7221
26.8196
24.5351
32.4544
17.5800
21.2603
31.3607
21.8590
23.1380
26.9810
20.5195
22.4285
24.9642
27.9989
31.7680
29.1348
20.4649
23.2039
19.5582
18.6943
20.2915
18.4674
27.0491
20.5536
23.4610
27.0477
25.9089
19.4827
21.0771
22.9041
26.2864
20.4143
24.7012
23.7737
20.9652
17.5186
22.9786
23.6768
20.6186
31.0153
25.3131
24.6976
20.8923
22.7431
24.7718
22.4242
26.6990
19.1561
21.2717
26.7515
30.7724
26.9183
28.7237
28.0045
22.4614
21.0737
22.1991
24.4883
22.0612
21.4542
22.9870
24.0006
22.5665
25.0073
18.1606
23.1629
25.8584
27.8155
20.2460
25.4735
26.8339
26.6035
25.5409
25.6511
25.6436
21.4243
26.1339
27.3129
25.4462
24.5712
19.7549
25.1810
29.4117
25.5523
26.5947
33.5254
27.7061
26.8447
21.0148
24.4224
27.1384
26.2845
22.7330
30.3129
33.6721
26.2242
24.3302
24.6512
28.1127
20.5276
25.3048
18.8800
24.9318
24.0970
29.9688
23.6709
29.9426
23.5724
34.7640
24.9792
29.2183
26.0400
30.6604
23.5729
35.4532
25.2116
27.2682
32.3406
26.0574
22.5243
25.2914
26.9913
22.8973
27.4774
19.4648
25.7666
28.8113
28.7768
22.5142
21.6227
31.8774
26.1496
23.7292
22.2488
28.6622
19.1156
26.5992
25.8008
18.3273
21.6057
20.7006
20.7164
30.9801
19.1199
23.5575
26.5594
28.1157
29.0384
27.2043
23.5983
27.6055
29.2437
25.2019
27.5702
19.6414
23.8538
27.1074
26.5391
27.9876
27.6344
31.9845
30.3778
21.4378
20.3373
26.5966
27.9529
21.7458
25.2594
27.6679
25.0443
20.8084
20.8097
25.7232
22.3062
25.9481
22.0821
26.1499
29.0109
25.8661
25.3149
27.2145
24.8792
21.0551
30.0296
28.5602
28.7761
24.2712
24.4207
23.2377
26.9132
22.6376
29.2650
29.5750
21.4826
27.1302
24.6693
25.9271
27.5843
28.8298
19.5459
27.3293
23.7733
30.3038
21.3693
24.3905
25.8244
25.2991
22.0197
24.6643
19.2129
33.3253
22.1634
26.2710
24.4614
34.3685
30.3362
24.8201
20.2747
22.7123
21.1020
27.4943
27.8038
31.3284
22.4712
29.0025
28.3051
28.0978
20.4436
22.7101
28.3222
23.5502
18.6242
26.4015
26.5452
24.3647
32.2637
23.7296
30.2697
24.9435
34.1716
18.1018
19.1951
23.5901
25.3726
20.3580
20.1282
22.1061
26.0987
24.8658
30.2596
27.7595
20.2112
25.6798
21.8667
20.2785
24.0917
17.5127
28.1978
20.5356
26.0733
23.6246
25.7244
22.9683
24.3915
22.0982
27.7045
24.9937
34.6763
30.7356
23.4658
22.7614
30.0490
25.2801
28.4870
25.8257
27.9597
19.3519
34.0822
28.9282
20.3594
33.4976
26.2277
19.9807
24.6402
25.7849
30.9813
27.8051
28.9998
18.1112
27.1698
25.3938
26.1275
27.4618
28.5187
22.4670
18.6017
20.2535
29.6033
24.3232
21.5989
22.4430
17.5445
24.4938
19.7248
25.2288
23.3753
19.0544
36.7120
18.9053
20.0832
24.6860
31.7994
33.2699
27.8521
19.2674
29.8099
22.9302
18.6144
22.1235
22.1728
23.4530
27.9958
27.1247
28.7155
21.7067
27.9861
20.2646
23.6531
23.4419
23.0951
24.7728
24.9536
22.1219
20.2209
23.2924
31.0701
20.0199
27.0030
29.0445
31.8644
26.6003
27.4785
28.5777
26.6666
28.8132
27.3015
26.4718
33.3435
28.3508
27.6505
20.4238
19.7471
22.2661
27.8271
26.4998
25.3593
23.5378
22.0882
22.5125
24.2157
21.4764
24.6257
29.6840
24.7297
35.0949
21.0484
20.0512
28.8513
27.1645
26.6888
20.6987
23.8265
25.3941
31.3209
26.6506
24.7999
27.9711
20.9654
22.3833
29.1674
22.5938
28.5305
21.9956
20.9346
23.6048
21.4518
25.8741
23.9791
29.1942
25.6265
25.3631
21.8850
24.6470
21.1807
25.2406
31.6536
23.2154
27.0714
28.4177
21.7902
21.6679
27.9168
20.8174
23.7927
24.9087
22.7412
21.5918
28.8564
23.3457
22.7183
18.4771
22.3478
26.3928
24.6133
28.8845
28.6410
23.1932
30.2806
26.1207
20.4615
27.1237
22.1606
29.2639
17.8744
25.4437
21.4960
19.3192
23.9475
24.6526
22.5036
25.9157
30.9731
31.2751
22.8555
23.3312
22.4468
23.7947
23.8133
28.1033
20.2629
28.3434
34.0222
22.2177
23.8020
29.9908
29.8590
28.3814
25.0204
22.4225
25.2229
18.0792
25.8518
30.7943
23.1436
17.8031
17.3544
17.8526
22.3498
26.0515
18.5249
27.0819
26.0249
26.2761
30.6057
23.6985
20.0478
19.6501
21.0946
23.3826
22.2420
22.6164
24.6238
29.5924
17.2176
23.6571
23.2439
20.1876
22.0127
26.9690
25.4736
28.3313
24.4882
24.0399
25.5332
25.0457
26.0432
24.3815
25.1994
32.3090
20.1809
28.5782
28.3710
22.7502
23.7220
21.5412
25.9147
17.3967
20.0050
21.5064
21.8033
29.9067
22.9273
26.2715
25.2120
28.8080
25.7811
23.9048
21.6437
29.6088
18.2233
25.3054
27.8821
24.1081
23.5479
21.8450
26.8476
20.2761
32.4195
17.9047
21.8971
26.4986
17.7157
24.3888
24.5708
30.5643
25.3199
30.3556
25.4810
26.2698
26.6228
24.2551
20.7247
21.2086
25.0106
27.9236
23.2376
20.1623
27.7787
27.3992
26.8681
20.9707
23.4499
24.1429
31.0833
25.9832
22.6761
30.0083
32.3475
27.7345
32.1170
24.9990
29.4320
27.6927
18.9467
30.1577
25.7191
22.0967
17.2799
25.7780
38.3183
21.4968
27.4186
21.7194
25.4647
31.9812
32.0423
22.5288
21.3548
27.2524
26.0812
26.1557
23.4767
29.3829
30.3121
22.5006
28.0935
30.6178
28.4534
21.3297
28.1141
23.5971
23.9405
27.7348
22.3582
31.5483
23.2598
28.0460
26.3104
27.2653
26.9053
29.2196
20.3396
34.7159
21.4557
37.4769
29.3840
20.5108
22.4090
22.0402
28.2815
23.2427
23.3638
19.8608
27.7534
24.2842
29.3878
26.9933
32.4416
25.9425
22.4917
28.9630
18.1887
26.9966
28.3060
29.9189
24.5968
18.9048
27.5380
21.2113
29.7673
35.1391
