0.01	27.494	1.9861
0.011	28.355	1.6707
0.012	27.905	1.4337
0.013	27.424	1.3184
0.014	27.823	1.2432
0.015	27.617	1.2009
0.016	28.311	1.1738
0.017	27.874	1.1377
0.018	25.877	1.0935
0.019	26.174	1.0679
0.02	25.187	1.0478
0.021	25.176	1.0184
0.022	25.536	0.99828
0.023	25.04	0.9854
0.024	24.67	0.95692
0.025	24.563	0.93212
0.026	25.007	0.9108
0.027	23.894	0.89751
0.028	22.366	0.8857
0.029	23.028	0.8893
0.03	22.063	0.86639
0.031	22.168	0.8529
0.032	21.436	0.83457
0.033	21.406	0.86816
0.034	20.286	0.88219
0.035	19.824	0.87006
0.036	19.528	0.87075
0.037	19.2	0.86993
0.038	19.371	0.86679
0.039	18.321	0.86202
0.04	18.509	0.8492
0.041	17.848	0.8528
0.042	17.67	0.84573
0.043	16.274	0.84113
0.044	16.302	0.82781
0.045	15.324	0.83036
0.046	16.536	0.82119
0.047	14.657	0.81755
0.048	14.926	0.81614
0.049	15.296	0.80374
0.05	14.751	0.80698
0.051	14.087	0.13413
0.052	14.219	0.13208
0.053	13.699	0.12894
0.054	13.41	0.12874
0.055	13.183	0.1235
0.056	12.942	0.12529
0.057	12.605	0.12526
0.058	12.391	0.12414
0.059	11.948	0.12203
0.06	11.668	0.12202
0.061	11.436	0.11993
0.062	11.189	0.11964
0.063	10.869	0.11928
0.064	10.67	0.11863
0.065	10.534	0.11691
0.066	10.12	0.11782
0.067	9.8389	0.11436
0.068	9.4745	0.1144
0.069	9.6042	0.11422
0.07	9.2802	0.11232
0.071	9.1147	0.11151
0.072	8.9495	0.1113
0.073	8.5905	0.10909
0.074	8.6251	0.10877
0.075	8.5284	0.10821
0.076	8.313	0.10804
0.077	8.1863	0.10819
0.078	7.9145	0.1073
0.079	7.8879	0.10753
0.08	7.8605	0.10797
0.081	7.486	0.10362
0.082	7.4802	0.11188
0.083	7.3391	0.11302
0.084	7.0467	0.11222
0.085	7.1902	0.11585
0.086	6.9209	0.1185
0.087	6.666	0.12292
0.088	6.8152	0.12411
0.089	6.2253	0.12451
0.09	6.24	0.11272
0.091	6.2655	0.10959
0.092	6.2317	0.10668
0.093	6.0822	0.10388
0.094	5.9268	0.10222
0.095	5.8277	0.10044
0.096	5.9415	0.098258
0.097	5.8487	0.098568
0.098	5.6857	0.098277
0.099	5.7404	0.098268
0.1	5.4437	0.0976
0.101	5.3006	0.09745
0.102	5.3991	0.096369
0.103	5.3774	0.095908
0.104	5.0398	0.093834
0.105	5.182	0.095363
0.106	4.9576	0.093978
0.107	4.9582	0.093463
0.108	5.0418	0.093648
0.109	4.8725	0.093491
0.11	4.6628	0.09277
0.111	4.8098	0.092692
0.112	4.7678	0.09191
0.113	4.464	0.08856
0.114	4.5324	0.088054
0.115	4.5205	0.087467
0.116	4.5202	0.089077
0.117	4.4793	0.087064
0.118	4.4139	0.08723
0.119	4.2577	0.086973
0.12	4.3301	0.087172
0.121	3.9615	0.086641
0.122	4.2942	0.087075
0.123	4.1192	0.085706
0.124	4.0046	0.085456
0.125	4.0731	0.084743
0.126	3.9043	0.084921
0.127	3.805	0.083703
0.128	3.9328	0.083479
0.129	3.8244	0.083271
0.13	3.8019	0.082608
0.131	3.716	0.082689
0.132	3.7062	0.082142
0.133	3.5657	0.082199
0.134	3.616	0.081595
0.135	3.5253	0.080999
0.136	3.5243	0.078768
0.137	3.5247	0.079441
0.138	3.4466	0.079334
0.139	3.3163	0.078786
0.14	3.3649	0.078985
0.141	3.4004	0.079016
0.142	3.3493	0.07796
0.143	3.1575	0.077345
0.144	3.1964	0.077916
0.145	3.3342	0.078085
0.146	3.1517	0.077348
0.147	3.0596	0.076738
0.148	3.1332	0.076643
0.149	3.0922	0.076382
0.15	3.1728	0.07652
0.151	3.1132	0.076295
0.152	2.9938	0.075569
0.153	2.8827	0.075553
0.154	2.9159	0.075615
0.155	2.8696	0.075117
0.156	2.7977	0.074284
0.157	2.8453	0.07421
0.158	2.7978	0.074352
0.159	2.8246	0.07349
0.16	2.8616	0.073791
0.161	2.7413	0.073155
0.162	2.7055	0.07314
0.163	2.4798	0.072931
0.164	2.5217	0.072813
0.165	2.6453	0.072482
0.166	2.6834	0.07205
0.167	2.5953	0.072154
0.168	2.5915	0.070589
0.169	2.4896	0.071133
0.17	2.3544	0.071356
0.171	2.4131	0.069903
0.172	2.3669	0.069235
0.173	2.5035	0.070153
0.174	2.2747	0.069666
0.175	2.3872	0.069332
0.176	2.4482	0.070373
0.177	2.2707	0.069492
0.178	2.2682	0.068697
0.179	2.341	0.068982
0.18	2.2337	0.068576
0.181	2.2764	0.068396
0.182	2.1527	0.067351
0.183	2.0556	0.070378
0.184	2.1872	0.072395
0.185	2.1829	0.074176
0.186	2.0784	0.075606
0.187	2.0304	0.075971
0.188	2.0063	0.076624
0.189	1.9941	0.07726
0.19	2.1747	0.077653
0.191	1.9455	0.0773
0.192	1.9138	0.077855
0.193	2.0163	0.078783
0.194	1.9769	0.077888
0.195	1.9361	0.078527
0.196	1.8627	0.078691
0.197	1.9245	0.07845
0.198	2.0449	0.079198
0.199	1.7409	0.078662
0.2	1.8105	0.077648
0.201	1.6396	0.084174
0.202	1.8571	0.087271
0.203	1.7443	0.087906
0.204	1.7975	0.091454
0.205	1.8635	0.092353
0.206	1.6506	0.092569
0.207	1.6637	0.09447
0.208	1.5509	0.095137
0.209	1.7056	0.097657
0.21	1.6069	0.098277
0.211	1.7535	0.0998
0.212	1.7621	0.10001
0.213	1.7818	0.1024
0.214	1.4928	0.10305
0.215	1.7105	0.10614
0.216	1.7781	0.10682
0.217	1.6298	0.10682
0.218	1.3322	0.10779
0.219	1.8412	0.10773
0.22	1.6957	0.10936
0.221	1.4009	0.10831
0.222	1.5367	0.11094
0.223	1.4488	0.11168
0.224	1.7215	0.11447
0.225	1.6018	0.11509
0.226	1.3831	0.11662
0.227	1.4854	0.11946
0.228	1.7317	0.12038
0.229	1.5443	0.12189
0.23	1.4892	0.12312
0.231	1.4248	0.12672
0.232	1.3334	0.12554
0.233	1.44	0.13029
0.234	1.2069	0.12934
0.235	1.3956	0.13183
0.236	1.507	0.13443
0.237	1.3709	0.13762
0.238	1.1506	0.13829
0.239	1.2394	0.14195
0.24	1.4563	0.14508
0.241	1.1427	0.14633
0.242	1.0283	0.14761
0.243	1.0159	0.153
0.244	1.1873	0.15492
0.245	1.1692	0.15657
0.246	1.0272	0.16051
0.247	1.0986	0.16563
0.248	1.3996	0.169
0.249	0.88947	0.1692
0.25	0.99268	0.17597
0.251	1.2734	0.18371
0.252	1.3985	0.18562
0.253	1.3618	0.19525
0.254	1.2569	0.19809
0.255	1.2626	0.20672
0.256	1.0015	0.20632
0.257	1.1005	0.21864
0.258	1.1414	0.22686
0.259	1.2557	0.23783
0.26	1.4024	0.24356
0.261	0.59619	0.25688
0.262	0.81675	0.26685
0.263	0.97251	0.28196
0.264	1.2069	0.30701
0.265	1.057	0.32874
0.266	0.77028	0.36318
0.267	1.0798	0.38841
0.268	0.86945	0.43722
0.269	1.3879	0.53439
0.27	1.7324	0.68468
