26.6350
33.1067
28.3892
33.9852
21.6397
29.8802
25.0184
28.0463
30.3659
25.2275
25.9957
34.3035
28.9689
28.5685
31.2991
22.6965
32.8019
28.0134
30.8103
23.3604
30.1871
27.4324
26.2775
28.0492
26.3921
31.9250
28.2132
33.2310
32.4751
34.6359
28.3492
29.6366
31.3849
27.8382
30.9849
28.7722
29.6293
36.0300
30.5675
29.9875
30.3485
24.7081
23.2121
28.1869
35.9691
33.0929
28.7742
32.3216
28.0083
37.5407
31.0093
24.0611
35.7229
28.4251
35.8745
34.4738
29.2067
29.0358
31.7525
29.1498
24.1188
24.7127
25.6332
27.3221
33.7948
30.4279
34.2015
22.4820
27.8190
28.4119
30.4720
25.3127
30.1512
32.0767
30.4990
23.9719
27.6733
29.4199
28.1925
29.6129
26.7201
31.1357
32.6571
26.4238
28.8968
34.1821
31.2726
24.4781
32.5411
33.1424
30.9034
31.5445
35.6810
28.8921
30.6793
36.4077
28.5073
31.8934
27.5096
29.8243
31.3060
30.6045
30.1628
33.5604
30.5909
24.9041
32.2850
28.9182
27.7401
32.0351
28.6935
27.2782
31.9986
32.8283
31.1267
37.0184
30.3195
26.2952
25.8566
29.0878
28.8443
31.6833
35.8513
31.3586
29.8184
30.0166
24.7778
26.2315
31.3241
27.9186
28.4335
30.9814
30.3805
32.4401
25.7381
26.6103
30.3054
32.1258
27.9510
30.7304
30.5609
27.2578
31.2897
32.2810
30.1553
23.6676
26.5329
31.8374
31.3726
33.7934
29.7646
27.3884
25.3991
22.7179
34.1776
26.3651
32.7993
25.6695
29.0926
27.7700
27.8689
36.2830
24.4781
27.2478
27.5890
30.2571
22.5392
24.4110
30.6211
23.1793
30.2126
30.7899
30.4105
23.1512
27.9977
23.4499
32.5289
35.0001
25.4915
33.0760
34.7077
29.2593
32.4297
32.1230
37.1150
26.6789
25.8769
32.8653
35.0118
33.7396
25.1728
29.4969
24.3773
26.1285
32.3349
25.6912
28.9242
26.4006
26.4280
35.9130
30.9722
24.5647
31.2455
30.2283
35.0218
31.2679
30.5860
31.9062
27.5734
25.6025
33.8167
29.0267
28.3767
34.5685
26.1096
27.8263
31.5135
27.8925
27.4838
27.5496
32.3141
26.6083
26.5244
24.3493
27.9118
31.0489
31.7782
33.6925
25.0098
28.6916
30.7854
32.2316
25.3801
31.4518
27.0366
27.0119
27.3938
21.1042
25.1273
28.0445
28.7521
28.2479
29.2704
32.2870
29.0975
29.7827
26.3487
29.4539
27.1435
36.9734
31.8951
31.1499
22.2344
28.7157
28.6401
30.0483
32.0337
27.9451
30.3167
27.3813
22.4279
27.3960
25.1762
32.8176
31.1979
23.5074
28.0594
33.9267
28.3602
29.4286
26.5936
31.1717
29.8661
24.2577
29.1002
28.6327
33.0681
31.0607
30.1935
28.6737
30.8427
29.2087
27.7991
32.8529
24.8851
35.0798
31.8525
28.1730
32.8378
28.1142
24.7384
29.3265
24.9480
29.6910
31.5011
25.9715
33.1078
29.3155
23.7624
28.2978
36.8583
26.6589
29.8208
25.1937
34.4229
29.7036
35.4029
32.8482
28.4579
29.2997
25.7504
25.6950
27.5035
29.9664
25.4098
28.0815
28.2157
31.5515
33.3271
30.0434
36.4800
30.2683
32.8725
27.3210
31.7147
30.5436
30.1385
29.5791
28.0184
29.2962
30.9019
31.2871
26.4148
33.2707
29.8517
28.2269
28.8437
26.1958
31.2085
28.2617
33.0774
30.0455
28.3253
24.4552
30.5576
32.1195
24.0230
33.4689
34.5445
30.9192
24.6680
21.3551
36.0089
37.3673
32.8924
25.9268
27.6956
26.7010
33.2148
28.7392
26.0036
24.0035
29.3553
25.0758
26.5067
29.5774
31.6486
29.6004
29.3651
28.0948
26.0101
32.9698
25.9079
32.6127
27.1479
35.0545
29.7038
34.2292
31.4044
28.0600
32.4876
30.1473
29.9407
28.5160
29.7874
33.0701
30.3967
24.4956
32.0468
32.3027
31.0810
33.6607
28.5373
26.6933
26.8458
32.4187
23.3932
35.1221
22.1538
32.6934
21.1654
33.8654
34.6295
28.8198
22.7401
32.4880
29.6637
35.1435
30.1581
24.7146
26.9475
35.4608
25.3410
24.9267
27.0784
33.6793
27.3554
31.5790
23.6418
31.0474
31.8245
22.4861
33.7728
30.7546
27.4394
27.8362
30.5871
34.1104
27.4396
30.8342
29.6466
24.6488
27.3685
25.2065
37.1744
33.5154
29.2905
30.5524
31.9731
30.4161
36.9929
30.6423
26.9441
34.3292
23.3181
37.0651
29.2706
26.8649
31.5517
25.3397
23.9088
24.6541
33.0476
28.3033
28.8524
24.3608
23.5197
31.0526
34.1551
33.6167
25.6694
27.2781
27.3715
32.3891
35.2005
32.3311
25.6221
28.4175
27.0445
32.2850
29.3285
24.3351
26.5457
22.9102
26.8101
27.6267
32.9096
25.7907
26.4490
24.1914
26.2014
25.3160
26.8015
29.2054
28.2686
32.5821
28.3113
24.6380
32.4445
26.6885
30.9707
28.5014
35.4081
36.0083
32.4106
33.4595
31.7092
26.6324
22.7569
25.4264
27.0966
24.9172
23.7096
25.5639
27.8485
30.6205
28.4960
25.9228
29.8108
34.2118
29.6676
30.9503
31.7908
28.8218
25.9620
23.4874
28.9553
31.8645
32.2923
24.6595
35.4845
35.5251
29.2735
34.4951
29.7836
27.7006
29.4707
31.4858
31.1076
34.4334
30.3487
36.8848
33.9207
27.1071
22.4468
32.8071
29.4040
32.0212
25.5044
26.6540
36.5092
30.2183
32.7482
31.5097
29.0821
34.2977
30.5473
24.2888
30.2888
27.2237
26.0342
30.3382
31.3042
35.7777
29.2186
20.7066
30.8382
25.2671
25.1953
34.5674
31.0600
27.3196
28.8692
28.0193
32.4851
31.7964
30.9988
27.6268
33.2246
25.4407
24.5246
24.7494
27.6119
27.0711
37.5951
34.5291
31.7590
32.7957
30.4118
24.0338
26.9765
31.2281
35.7473
37.5139
33.3163
28.1221
25.5380
29.0062
29.1265
26.2371
35.4729
31.4557
32.0060
27.8785
31.4092
26.8275
30.0731
33.8626
29.9101
29.4009
27.7271
28.7197
29.9763
33.3101
27.3225
24.2093
31.1481
31.7707
37.9596
28.2441
32.9778
31.4118
25.4433
25.2397
36.1469
26.6096
33.6280
34.5354
26.6182
28.1501
34.8651
30.8206
29.6517
34.9641
35.4575
37.0814
24.4160
29.7531
31.0289
28.2521
26.2472
32.4608
29.0305
26.7683
28.5702
26.6681
30.3864
29.0037
28.6557
26.2752
25.7957
29.1794
34.0429
25.2376
28.8664
33.8746
31.3182
33.7783
35.6669
25.1993
26.0893
24.6609
27.3635
26.7899
32.8244
35.0328
31.0417
36.3604
29.2783
30.1832
29.8461
25.6753
28.1794
28.9770
26.2759
31.5698
26.8124
29.6710
25.5617
33.5074
27.8595
29.4217
31.0179
28.4388
30.4184
35.6633
32.0942
34.0860
34.0787
29.2677
32.4962
28.7529
28.0691
24.9170
24.8076
27.4964
24.6844
24.7072
26.1073
27.8516
30.3348
25.3148
28.8714
32.2096
29.5788
29.3192
27.8455
30.0843
23.8999
34.4660
25.7976
28.7657
28.2107
29.7436
27.6211
30.1274
28.5396
31.1344
27.5442
24.9751
26.2618
27.4716
30.6428
28.6194
29.0140
29.1649
30.9312
26.2055
27.6836
27.7358
24.0347
29.4487
19.7427
32.2001
34.5848
22.5080
27.7599
31.5571
31.4383
31.8836
32.6562
30.6413
33.4151
30.4295
26.7269
26.8568
24.3134
33.0631
30.2568
29.9304
29.1038
24.9255
28.6596
29.2517
27.5193
27.2149
28.7090
33.7605
27.5772
24.7350
31.7256
29.7684
27.8640
29.4091
30.2082
29.8876
26.4925
32.8795
29.1378
30.9469
24.9242
24.3702
26.3262
23.3754
29.3651
30.8490
22.9789
24.2740
31.2364
31.3536
34.0696
30.3033
22.4240
28.5833
25.5650
30.2790
30.7675
32.8565
33.0814
30.0626
31.2680
33.1541
25.9364
29.0832
33.5851
32.6188
30.5439
34.3845
33.4239
35.4777
33.1258
32.3793
31.1564
25.2634
32.1254
27.3248
20.6414
33.5300
23.5603
27.9582
31.1144
30.0256
26.5815
28.3595
25.5698
28.6182
27.2179
23.6002
28.0643
24.5298
23.0534
26.1491
31.1057
34.9508
23.7922
28.8227
27.9918
32.2160
31.5661
32.3378
36.3225
32.6724
33.5558
32.3094
31.5833
28.4561
30.0261
25.7141
27.9396
29.3970
29.3588
27.0658
31.3681
26.1829
26.6525
26.7697
28.8655
25.7256
27.0141
25.5153
34.2567
31.0232
30.5620
30.2257
28.1989
27.6058
26.0352
23.1307
33.3946
34.2953
34.3960
25.6946
24.2146
22.6790
35.2973
32.7530
31.5171
33.9679
31.9751
30.7164
33.3678
29.6761
28.7727
33.4771
24.3633
28.9553
28.2505
25.4219
29.4198
29.2935
30.7874
26.5206
33.2347
28.7336
30.1559
25.9487
27.3809
31.3650
29.9677
31.6215
35.3140
29.4600
21.7796
23.3470
29.3259
32.9155
23.6297
29.3327
33.9771
29.2102
30.1578
31.4930
28.5493
30.4487
30.9603
31.2598
25.5445
24.8949
27.1624
27.4013
26.6697
23.3479
34.9421
27.7925
28.7411
30.2542
23.8927
24.6150
28.3467
28.6796
34.0142
30.2592
22.0864
32.4243
27.5338
31.0033
25.8999
26.8467
31.5564
28.3398
30.7199
33.3098
31.6950
23.3105
29.8889
25.4448
20.6080
20.8416
31.4554
30.9876
25.7397
34.2883
29.5426
35.3368
29.7382
36.1561
24.7121
28.7452
31.2194
30.8267
27.0279
26.8787
30.1218
27.8319
35.3452
31.4940
31.8088
34.9876
25.6032
32.8042
28.0720
31.2754
34.4118
27.4820
34.4692
32.5988
23.0227
21.5576
21.0420
30.3807
29.4444
24.5675
24.3228
25.8911
27.7022
29.7477
34.6227
26.2422
25.6632
32.6384
24.2822
30.4140
30.3125
35.1913
33.2960
34.5394
29.9382
28.9033
24.3718
29.0356
35.5349
28.2059
31.2170
26.4775
20.8723
26.3692
25.1486
33.8642
31.2166
29.5441
34.2079
29.6361
26.3439
30.6028
26.2736
28.0717
31.4332
32.0905
37.5251
28.1510
27.5321
28.9796
30.9278
35.4467
32.0275
29.7373
33.1345
20.3844
24.0295
31.5164
31.4592
28.8803
28.8040
34.0441
26.5779
31.7820
28.6623
26.3870
36.8634
31.9638
31.6588
27.0651
30.1674
27.6075
25.5870
27.9922
28.1388
27.3900
32.3505
27.5053
26.6016
34.4761
34.4387
32.9229
29.9403
25.5256
27.1174
29.3179
27.4679
24.5509
26.9519
27.7817
30.6359
27.9992
32.0648
24.8308
25.9648
34.4036
27.0424
27.4440
31.0982
33.1849
32.5966
29.4617
30.0313
35.1670
33.7813
27.4036
31.3449
28.7490
33.2950
32.2798
22.1049
28.8187
24.5109
30.6087
26.7554
20.9822
23.4444
26.1864
25.9024
25.6697
27.8745
26.3905
31.6255
24.6134
33.1822
27.4731
28.0015
26.9071
31.0395
31.1999
22.3238
28.5363
25.5028
35.3458
29.5174
31.2889
28.3880
33.6496
24.9397
23.8535
29.8271
33.4035
26.5226
37.0797
28.2380
24.1175
33.6808
22.2813
32.2265
24.2331
21.2876
33.3290
31.6091
23.0071
28.4097
33.8797
28.1942
29.1361
27.0536
31.3017
25.0770
18.5863
30.9459
31.8613
27.1426
29.9070
26.6253
26.6483
28.4833
31.6403
29.7043
21.2844
23.7158
22.8864
26.7977
35.1852
30.0089
28.8859
25.3941
25.3381
33.0820
34.2494
27.5776
30.9679
28.9581
30.6141
28.0902
30.6580
28.8025
26.9360
34.2693
23.2109
21.3846
26.6247
31.4017
24.9659
23.9650
23.7314
23.6555
26.2262
35.1047
25.8249
27.1830
27.5021
30.1761
33.5706
30.2853
26.2670
25.8002
28.2973
29.6937
28.0665
34.2802
27.3459
30.0065
27.3938
26.6450
23.0797
30.7294
28.5976
32.2861
28.5722
34.9386
33.6669
28.8844
29.4408
27.3474
27.5760
26.2898
30.6025
30.5437
30.0267
30.0490
27.7503
31.9064
26.8709
29.7231
23.1395
27.9832
34.9747
28.3025
32.1025
24.0865
27.5062
32.0378
26.5216
27.7579
30.4666
23.9101
27.4530
30.9059
29.1011
29.0697
33.2557
26.0093
26.9227
31.2935
30.5789
33.8279
25.8093
29.5045
22.0499
29.3562
30.6159
34.5180
25.0289
30.6286
29.6017
25.8434
26.1138
29.0780
32.8417
29.4539
24.6965
30.7742
26.4725
23.4726
22.8447
26.6537
24.2548
23.9603
32.7564
22.7554
35.9184
25.3887
34.1926
28.4089
28.9337
28.0301
28.4774
27.3497
27.2543
28.1077
30.2409
28.9728
29.1871
26.6475
32.4047
28.6725
32.1841
22.2688
25.1782
29.9654
28.1587
32.2555
27.5735
30.0266
28.4698
26.0174
25.3538
27.1342
26.2199
29.6947
27.5214
27.8842
35.6237
30.7187
27.7903
29.1529
33.2146
23.1750
29.1956
26.7262
28.7548
28.0204
30.4535
32.1511
34.7737
31.9841
31.6561
26.1543
30.7098
22.6415
28.3546
30.1518
24.9096
20.6485
26.8835
31.7315
26.3894
32.0929
32.3143
28.0644
28.4787
27.1485
29.6334
31.8118
33.3308
27.6419
34.6801
26.6847
27.3458
23.4279
26.9042
26.9529
31.2512
34.2664
25.4942
26.4993
27.0599
25.2517
34.0505
25.4731
29.0923
24.3358
33.0162
28.7155
29.3081
30.1885
29.4336
22.8188
28.6382
33.4379
26.1966
33.4688
28.7800
26.9372
35.7602
30.4414
33.2029
28.9388
19.7547
26.6762
27.0961
27.2496
27.5213
34.4476
37.3176
30.5211
29.5428
31.9370
31.5136
30.5653
26.4422
28.7997
23.4093
29.5654
31.6860
34.5452
27.6982
26.6554
29.1930
32.0901
28.3971
28.5480
27.1977
27.2075
24.9749
36.5243
32.0722
30.8595
29.9619
25.3064
34.0569
33.3808
25.8428
33.3766
30.9105
25.7494
27.2522
38.9006
28.3874
20.1060
32.0632
33.0024
25.0254
29.2001
30.5996
34.8902
27.4511
34.6177
36.6600
27.3597
30.6358
29.7500
30.3610
27.5248
32.3631
29.8496
34.3168
27.9160
22.7453
28.6126
28.8507
26.0845
31.4081
22.3915
27.8090
30.5582
28.2857
26.5885
21.1092
29.7648
28.3651
29.8680
30.9316
30.9720
27.6803
30.4981
22.3373
25.0019
23.1534
32.3113
30.7715
30.3189
24.6092
31.6397
34.0389
31.7645
31.4675
33.3230
29.7551
29.2687
30.4676
31.8857
27.6362
30.3835
32.0383
31.1641
24.3176
33.9861
33.6954
33.5307
23.1940
29.4558
26.1289
28.3372
25.1355
31.8933
29.1020
22.7630
24.3045
25.2292
23.9759
28.0017
28.6549
29.7115
25.6267
33.8440
25.1248
29.5550
29.0355
28.0844
29.5253
30.3802
26.1525
27.0128
26.8169
27.2856
30.3661
31.3252
30.2754
31.3478
28.3919
27.9064
26.6761
25.4518
27.7978
32.4006
24.7805
34.3538
33.8455
29.0638
30.0544
25.3668
36.2779
27.4275
29.7697
35.0419
29.5091
32.2253
22.7077
32.4330
22.1363
31.8734
26.4162
34.1657
24.9943
32.0535
31.7793
35.5602
33.5081
30.0744
25.9825
27.4499
29.8959
35.6211
34.9356
35.2263
30.4798
26.7408
27.6675
26.6994
34.6471
25.5788
29.1505
25.1705
25.7163
32.7244
34.5875
33.2602
28.4231
31.7114
25.0639
25.5523
25.3510
35.4293
31.2633
33.4247
32.8029
22.3267
33.9426
35.0990
29.6919
33.9209
21.6347
22.6447
31.1774
31.1427
31.9589
35.0618
28.4973
23.9650
30.4341
29.6203
31.2989
30.1049
31.3157
27.5189
28.0540
28.1284
25.0460
27.9404
32.6446
30.0051
31.7891
28.2749
30.0877
31.3187
24.9355
25.7771
23.5768
28.2305
26.0397
24.7582
28.0388
31.9835
23.3840
26.0215
34.0518
30.0481
33.3026
28.7783
26.7831
29.7598
33.3160
26.6993
34.1391
30.6123
24.9781
26.5937
23.1909
23.4912
33.1150
26.9431
29.3815
32.8059
28.9277
31.5737
25.7952
27.3342
23.2314
27.4799
29.3806
29.1724
27.4305
38.0467
33.8720
22.8674
25.8638
32.0888
29.0977
25.0824
31.6779
34.1534
30.7477
31.7301
32.0484
33.9877
30.0644
24.7362
29.4359
30.8334
29.6901
28.5529
26.9310
25.5172
31.1230
30.8236
27.2075
20.5784
27.4793
29.3739
28.9766
25.7397
26.6088
28.8197
29.5676
36.4051
33.3559
32.9247
31.8890
24.2897
32.3846
33.1969
27.2409
30.2748
32.3093
20.2469
36.3728
29.0122
24.2333
27.0800
26.5584
22.9567
28.1304
30.1856
32.9995
29.3343
29.4313
26.0149
29.0463
30.7385
30.6264
32.2491
34.5735
28.5279
31.7206
27.3214
21.5225
25.5323
29.5590
27.6315
31.7216
30.6498
26.1622
26.5770
32.1493
27.3735
23.5452
30.6218
31.3684
27.4047
23.8975
31.3385
31.0666
32.5628
34.3623
30.4209
28.3320
26.9164
26.4977
26.8492
25.7588
24.6758
31.2030
25.7290
30.4727
27.1747
27.2160
30.1733
31.5743
27.9231
29.5808
22.2998
27.1634
29.1613
26.8700
28.6529
22.7737
30.3649
26.7293
36.9471
28.5151
26.8066
29.0774
28.1605
31.5990
29.9818
28.3854
32.0195
29.7966
28.3290
25.7445
31.0876
29.9048
28.9549
28.0874
26.4380
40.2507
33.6486
31.8690
26.4072
32.8567
25.8997
35.0396
30.5170
30.8358
23.0693
31.2206
24.0657
31.1280
34.3023
32.8542
25.3516
31.2800
33.6741
32.0392
23.5381
27.6996
24.0382
30.3956
33.5733
22.4081
28.3732
29.5937
27.0686
29.4719
31.1714
24.6341
25.8771
32.2421
29.4274
23.8214
29.1847
21.7220
27.2799
31.2152
26.0539
24.0042
30.2424
24.0883
26.5731
30.7866
30.1444
34.6605
30.0033
31.0413
24.9284
29.0229
34.1476
26.8203
32.7328
28.5574
29.7164
25.9757
29.0596
28.5454
33.3678
28.7521
30.6344
29.0756
24.2892
28.0418
30.2988
32.0111
32.0659
33.6349
31.1681
27.5295
24.4845
26.2994
30.7586
28.9712
29.1376
27.9503
40.0948
29.5694
30.3806
32.2047
29.2806
27.4442
32.4012
29.1640
24.7897
30.6175
34.8159
33.1231
29.2713
21.5872
24.9134
23.2855
27.2475
27.6610
25.6337
23.9510
29.9719
25.4230
29.9967
24.4076
26.6640
31.6706
28.0020
28.7308
24.9926
32.7083
27.9640
32.9991
29.3217
35.0043
34.0437
27.3878
31.9046
24.6680
26.0201
32.9936
33.2913
27.7336
31.2557
24.2096
25.1459
25.4886
27.4390
25.9814
31.3644
24.0823
23.5114
28.2156
23.9907
30.8039
30.0914
24.4489
26.7387
30.1557
23.0836
34.5089
27.0556
33.4553
35.0571
23.3593
21.9427
29.2085
28.5834
29.1278
29.4762
33.0604
30.3525
25.2605
27.0151
29.4268
32.5552
27.2634
25.1558
23.0452
29.4507
23.2948
27.7442
28.5953
24.0656
27.7937
27.2375
22.4148
25.4946
23.8061
30.9859
29.9813
33.6443
28.4533
25.9623
36.2348
24.2062
26.1169
30.7505
29.6565
32.1105
24.5507
32.1230
28.5290
23.4628
29.1439
33.6585
34.5161
29.5500
28.9341
32.8820
27.9199
25.7494
29.2600
28.7635
28.1958
29.3871
23.0652
29.4614
37.0042
34.8886
25.3711
31.8130
29.8440
25.1727
34.1864
22.2647
26.8159
25.4201
29.6654
33.3182
29.1737
28.5163
33.9361
31.1205
35.5914
32.3530
31.0021
29.1825
25.4573
23.7385
30.6631
36.7491
35.0966
33.9569
24.6914
26.6870
34.0015
29.5850
27.6477
25.6341
25.2114
27.4254
29.5361
25.6124
28.9917
25.3393
29.7871
31.5223
28.7419
30.9823
33.0704
30.4052
25.4235
34.9057
30.4152
25.5130
33.4652
30.5914
26.8171
31.4154
26.3262
32.7088
34.8593
33.7823
22.8875
27.8950
27.8054
26.8830
32.0148
23.8802
25.9466
33.4318
28.6331
28.1164
29.7256
25.4781
27.7187
26.5850
30.0157
26.7085
31.5179
25.7436
28.8653
31.0289
33.1596
25.8195
27.0516
31.2157
30.8432
27.6534
26.7893
26.6457
29.4066
25.0172
27.5997
26.5470
26.2561
25.8329
31.0581
28.8804
37.3778
29.3153
27.6062
29.2328
31.0895
28.6629
21.9987
28.4427
31.8420
27.7324
25.8632
28.9213
29.0807
27.6724
25.2478
28.2035
25.0887
29.9219
29.3194
28.1201
28.8354
27.2482
26.9606
30.8206
29.2972
22.6870
29.2117
27.9966
22.8061
31.0531
24.4378
34.5180
32.3094
32.8776
23.9089
28.2981
27.5150
30.2970
29.8339
30.3829
28.9491
32.2583
22.3116
26.5408
26.7295
29.1037
24.3355
26.2426
32.5425
28.9347
24.4890
28.1944
32.7945
29.1787
32.8752
33.1456
26.6713
35.5418
30.7170
28.1322
29.9494
31.2778
30.1404
26.6070
24.1549
21.0101
31.8076
31.3728
36.5721
31.4799
29.3359
22.7215
23.7080
36.1473
26.1997
28.4299
29.4461
27.4733
30.3426
32.0049
30.3109
29.4445
25.3882
30.8928
26.5981
23.0478
23.7346
22.1838
25.0776
30.1374
29.7866
31.3583
28.2113
27.2108
24.8849
26.5338
28.5450
26.4765
25.5963
30.0646
26.2939
31.7943
29.1574
27.4313
35.9667
34.4121
33.0566
33.5245
34.9707
26.2425
26.2125
28.0909
24.4406
31.7229
28.1858
23.1565
32.6302
30.2385
28.1602
24.9935
25.1141
24.3264
35.1883
28.9007
34.3405
27.9335
27.9003
24.8093
32.3637
35.6091
32.3122
26.5742
29.8485
34.1973
24.7630
30.6687
33.5230
36.3968
34.8993
31.2935
34.6656
21.0603
19.2025
28.9209
31.5553
33.2880
34.1137
29.9987
32.5091
28.4836
26.7700
31.2352
30.7047
31.6537
26.1259
27.1905
31.4166
30.1533
28.5910
28.0961
30.7443
29.9970
31.8171
23.6568
23.0749
31.3166
31.7250
23.3320
30.6634
31.6364
29.2417
25.5992
32.7791
28.2950
27.3111
24.3005
21.5962
28.1238
30.4104
25.4476
29.8141
25.4942
23.6693
26.4675
33.0485
28.0244
26.4071
26.0037
27.2840
30.5425
31.6296
27.4168
24.8562
37.3897
30.2453
31.6537
32.6530
29.1658
28.6800
25.5737
24.8479
31.1480
34.3915
31.0867
32.4391
33.1849
24.0731
22.8042
28.7315
26.0674
29.7782
28.3670
30.5641
28.5692
33.2803
33.6775
25.7800
27.5584
29.3768
33.5690
28.8050
30.8037
31.2870
27.1582
30.8260
26.9847
27.6653
27.0913
28.3933
26.5071
30.4984
27.0457
32.1519
26.1364
34.9533
29.5153
28.3678
25.5227
28.9067
24.0145
27.1319
27.3107
26.4300
29.4204
23.0107
23.9645
24.7785
26.0825
29.7973
32.3722
34.2467
27.4221
31.4695
28.6548
32.9140
31.0814
28.1621
28.3344
30.3090
24.5046
27.1833
27.2743
24.3429
35.3142
29.0380
31.7488
25.6756
24.5810
21.0718
32.7813
29.1226
25.8575
25.0812
27.4257
30.3634
32.7376
26.5933
32.2082
28.7066
29.7083
30.4573
35.0080
30.6868
34.7401
24.6537
23.9445
30.2543
32.1962
31.7587
25.9395
28.0955
23.8269
24.3710
29.4937
29.9239
22.7828
28.2065
29.6027
32.6719
41.2233
37.5174
25.6835
27.2985
31.1184
30.6084
30.5986
25.3949
29.7869
26.8893
30.0921
34.8762
32.3367
26.7986
26.2834
32.3812
31.9131
33.8237
31.3478
33.0705
26.2969
32.9654
25.0821
35.0013
25.0963
24.3149
28.1337
32.0823
35.6498
31.7705
28.3216
24.7332
29.6811
30.7221
25.1690
32.4335
26.7395
33.2939
27.1890
27.8237
27.2704
29.0459
21.7317
24.7033
26.8499
31.6375
27.5808
29.3672
27.2161
27.5874
30.7455
31.0392
32.4759
32.9627
28.2887
28.6319
28.6635
26.8242
31.9513
30.4496
32.0037
31.8336
26.4799
29.0640
28.4368
28.6827
27.5728
27.4718
26.8715
26.7685
25.1942
27.4206
29.5012
25.2119
27.2345
28.9797
29.2640
28.4395
33.6353
28.3714
29.4943
29.7274
30.8192
29.6093
29.3130
33.0083
31.7489
35.4946
25.4952
30.3439
33.6161
27.6841
23.3343
23.3370
33.6118
25.1684
21.9569
30.3502
24.2668
34.8895
31.0741
26.7222
28.4792
29.6696
30.0888
35.0055
33.4174
26.7796
31.9074
30.6896
28.0036
21.5276
28.5285
25.4830
31.3691
30.6242
29.4281
25.3307
26.6370
34.3296
31.3312
31.8611
27.9931
33.3303
29.6954
27.3282
27.9593
28.3403
23.5936
31.5991
22.9165
32.7894
29.5078
33.1553
28.6546
30.1878
32.6517
29.5692
29.1092
30.7735
35.2484
28.8121
31.8540
27.5955
32.3644
24.1628
31.5949
30.6030
28.4022
29.1867
32.4607
28.6322
25.0271
22.5781
30.8945
24.8620
27.2559
33.5870
33.6989
29.2197
25.5484
26.1589
26.3023
28.8689
33.4313
35.2602
32.1534
33.0821
29.3865
29.5459
26.0688
34.3953
25.8040
26.6479
31.0174
23.1261
23.0539
23.2610
29.0114
31.3753
33.2845
34.4414
27.7911
26.6932
20.7353
30.0046
27.2195
27.3987
33.6679
33.6542
29.0683
29.4717
25.7530
31.0676
26.9052
28.4033
28.5394
28.6501
28.2180
40.0864
24.8949
30.4961
33.3786
28.5546
23.0809
27.1192
26.4253
26.4236
26.8177
23.4956
32.3689
31.5984
32.6186
24.7881
25.8711
24.5181
28.2815
27.6094
34.1036
30.3600
22.4973
25.0894
26.1308
28.6195
33.1177
35.3487
31.3550
33.0390
23.5814
24.7364
26.6516
32.3397
29.3172
30.3100
34.7393
32.8188
29.3599
37.9239
29.6974
32.7830
26.2728
31.9593
30.1702
34.5544
29.0423
29.0061
27.4561
31.8184
33.1245
25.1187
28.6578
26.4218
28.7649
25.9942
29.3230
33.2528
24.1848
30.9644
27.8211
27.4675
29.1882
29.3595
27.9210
29.8176
25.3214
32.0292
33.0420
33.3992
34.2652
30.1666
31.2351
28.9171
31.5118
26.2004
30.2358
30.4566
28.5978
30.0447
27.5132
30.5332
26.5390
28.0583
29.4642
25.4891
31.9490
33.5149
26.5033
30.6671
34.2542
39.3646
35.1442
23.1508
30.5525
35.7095
30.6104
35.0869
20.9483
31.4011
29.6625
24.2496
26.4569
28.5796
28.8343
24.6051
24.4947
36.8209
24.0933
32.6848
23.9347
26.2722
25.2551
35.1367
27.4291
23.9136
29.2435
27.9698
32.1487
26.9645
23.0173
28.2794
32.6326
23.6757
29.4952
33.2802
26.9774
29.9259
28.6803
33.3222
33.0772
27.3442
23.2566
29.1271
26.7638
29.3621
27.5434
33.5825
26.0949
32.3765
33.1455
26.1561
27.9634
25.9716
24.8121
29.8751
26.0054
26.3771
30.5227
23.0624
28.1756
21.0334
23.9149
23.5989
24.1136
24.5518
23.5395
35.4012
33.8917
29.4974
28.7780
30.7838
34.4987
30.0658
28.9532
31.2081
28.8599
25.7538
28.0358
32.1335
28.3758
23.1151
28.3101
27.5860
32.2034
31.8107
27.7669
28.9598
29.6407
28.5258
26.4805
36.6354
33.4959
31.2477
29.6803
25.1912
28.7419
35.6554
24.3484
31.7132
25.5226
29.4423
34.4642
22.0754
30.1115
33.1453
24.9775
27.5566
33.3618
32.8453
32.7828
31.2826
25.3843
32.0626
30.8202
28.4039
30.2079
21.4082
26.9740
28.6289
29.6473
30.0519
30.2233
27.9094
28.9548
30.2698
28.2933
30.0081
28.8955
28.8713
30.5368
30.5019
31.1016
31.3084
33.3727
27.5729
32.6382
27.4647
29.2407
33.8830
20.6267
28.0761
28.3779
29.6202
26.0782
24.2660
26.0413
32.1664
31.4220
33.1862
23.0430
27.3758
23.5253
29.3071
26.8799
32.4271
27.4135
27.3972
32.0775
30.3858
29.3910
31.8019
36.8607
29.3917
25.8130
29.3293
32.4454
32.0712
28.3570
27.0846
25.5578
31.1735
31.5857
33.2788
27.1399
31.6149
28.9197
29.9695
27.6676
35.7590
25.8710
32.7712
23.6935
30.1224
29.2108
31.6124
30.7132
24.2812
26.6885
27.1598
26.8268
25.6409
32.0386
29.4329
28.1949
32.4709
26.7619
36.8091
26.3701
18.7096
31.4723
31.2513
29.6190
24.5095
31.1579
26.8069
27.1851
25.4730
31.8312
29.9515
33.7785
28.8908
31.5864
25.1832
25.1779
36.6330
29.4475
29.4240
25.9038
33.5857
33.3187
31.4889
25.0908
36.5600
33.0011
31.8473
33.5868
33.1931
27.8734
28.0783
27.7400
29.6286
25.7534
32.1818
30.2111
37.3547
27.1110
33.0399
27.9031
22.6298
31.1932
23.2269
26.5597
31.0365
22.3414
29.0471
27.5947
27.7603
25.9117
30.1216
28.3031
30.4926
29.7830
25.3979
33.1794
24.6490
33.2411
26.0745
25.8379
37.3102
37.0608
34.8069
35.7359
28.7057
33.0479
32.2252
30.0283
28.8488
27.2811
27.4014
26.5139
27.2775
22.2800
29.7971
31.6646
30.3303
35.7176
27.4992
26.1646
29.8003
32.6439
34.6952
30.2684
33.9461
31.8637
34.0728
26.4369
25.2986
27.7432
24.6648
33.8737
36.9726
29.7627
28.1056
34.1720
24.3849
31.4498
32.6537
23.8348
26.3526
28.6066
34.7981
30.0797
26.6043
26.6350
32.5646
20.7040
23.4195
29.1393
32.2510
29.2908
25.5993
24.2325
22.1645
27.2528
33.1292
30.0214
31.7705
27.2900
31.4863
21.1517
25.6912
27.4713
31.6756
29.6167
27.5018
24.7333
30.7601
26.1159
32.2115
31.8047
24.3562
32.0108
27.9966
24.0348
30.1077
27.3727
24.7290
32.0933
26.5521
32.6101
27.3527
26.5805
25.3751
29.0143
30.1279
25.3217
28.8782
28.5498
33.9072
34.6529
26.7817
29.2745
34.1656
32.1920
26.7732
28.4129
30.7601
33.2713
25.4676
25.5555
27.9209
33.8804
25.5244
28.7137
27.1104
29.2998
31.6304
32.6509
31.7579
25.1771
30.6445
32.0295
28.5764
28.4449
32.5063
33.4397
25.3371
32.5560
33.0881
25.3381
27.4865
20.3653
25.5039
26.9338
27.8550
29.7782
32.1222
28.1299
26.8686
22.5432
32.7329
36.0834
26.2987
26.0919
28.9225
29.8680
34.3067
33.8016
31.4090
30.1668
28.9861
29.7126
32.6613
24.7474
26.0807
23.5574
32.1377
31.6796
26.8583
22.8313
28.0896
31.1804
26.7836
26.3400
23.9285
27.7149
25.9080
26.3223
29.9576
32.7041
33.3079
25.6341
30.3402
26.3513
27.6172
30.6815
34.0991
31.0504
27.5064
27.1644
26.4877
31.0789
34.0139
33.4820
30.3511
27.4886
27.3234
31.6380
27.2240
31.0056
29.7715
25.2772
27.4677
27.4090
24.4258
25.8570
31.1052
26.5340
31.7788
28.4364
29.7846
27.9915
27.0981
23.8026
27.3631
29.6157
32.5232
30.2710
23.1341
22.8473
30.2343
28.5497
26.6405
34.1986
30.2300
29.3717
29.2138
30.1612
28.6856
26.0950
34.5866
30.8602
25.1497
27.4926
26.6170
34.7219
31.8926
30.7227
28.1206
23.9255
27.0406
32.8587
34.0828
26.0311
30.8777
28.8575
37.7436
32.3901
28.5984
26.2950
32.0898
28.4033
32.5616
30.0252
23.3829
25.1413
33.6209
24.6360
32.7448
27.4422
33.1230
25.8551
34.1457
30.4965
27.6242
25.1947
28.3853
32.2356
29.4809
27.7266
31.2656
27.8265
34.6716
32.6233
28.0088
27.3959
28.9511
25.5822
22.7545
27.5381
25.0276
28.1254
32.2075
29.2396
29.9120
33.4682
26.6538
26.2855
24.6940
24.1046
27.0668
35.1198
26.7531
23.3167
29.0481
30.6276
30.3092
30.4679
29.3773
32.7695
28.2492
26.1260
25.1147
29.6984
29.5601
27.6648
24.8213
29.8589
23.3876
27.6126
29.5179
32.1383
28.2883
29.6140
27.6117
30.8460
31.9482
31.9273
30.8492
29.7921
24.9930
24.5826
32.7840
25.3150
23.4712
30.0619
31.5699
31.9128
24.2233
26.7197
25.0739
29.7749
33.0429
32.4962
25.4068
24.9297
34.2883
31.7856
27.5266
29.1106
26.7082
29.6205
25.5853
37.0270
32.3831
26.9994
27.7678
25.6519
27.5812
25.5519
24.7626
24.2251
25.6627
21.8377
25.7413
24.5542
31.2859
32.2669
35.6566
32.6413
30.9568
26.0033
30.9515
29.4505
37.3547
26.1788
27.8936
27.7781
26.7920
26.7446
25.2005
38.9531
30.9382
25.7651
29.2060
27.4764
27.3706
26.4755
29.1309
34.0847
31.5882
32.1903
31.1384
29.1424
26.2582
36.4136
29.4290
28.2840
28.9890
26.3972
26.7386
25.5874
31.6815
29.4028
28.2834
27.3400
30.1982
28.8854
31.8393
32.3539
31.0148
25.5271
24.6379
29.9278
31.6554
34.6271
28.4563
29.5953
25.4629
23.8706
26.6344
25.4625
30.1209
25.4866
34.2844
35.0938
26.3146
33.9361
35.1873
25.2621
29.5318
23.8259
30.0318
30.2590
36.1514
28.6022
27.7461
25.5125
35.0677
32.9941
33.0732
26.3715
35.7751
22.7827
28.6491
30.8449
29.2683
24.3682
25.2078
29.2396
31.6375
29.6915
29.3067
26.1919
34.0507
31.3744
26.2541
28.2607
27.6333
31.6906
32.2331
31.7326
32.3529
27.8484
25.9276
31.6621
29.2876
29.5332
26.7713
30.0994
25.6284
35.6355
23.6765
27.5396
24.9455
29.0343
31.5567
35.8062
25.3273
31.6408
28.1892
32.8636
35.8000
25.7769
28.5828
27.0257
23.6979
31.1803
21.7916
29.4545
25.5558
23.4091
29.7467
27.6906
36.1235
27.4146
30.9130
34.8329
24.6576
26.8974
26.0787
23.9810
31.5488
23.2192
35.2549
33.7745
34.0397
21.5058
25.6158
30.0540
30.5649
27.0653
27.9591
22.4349
30.2537
28.8048
25.0757
25.8818
29.0007
35.5632
31.9632
38.2163
32.6279
32.1436
26.9029
27.4562
27.6695
32.0473
32.9179
30.7997
33.3578
28.9957
27.9035
31.9684
30.2233
26.7387
29.7420
23.9443
28.3633
32.3913
31.6975
28.0109
28.9732
27.9654
27.0768
31.1747
26.4359
24.3315
30.5600
28.5309
29.3900
23.7938
25.5458
26.8255
29.6663
24.4199
30.7823
28.9503
31.9700
28.6269
22.0492
35.5295
29.8910
29.2210
23.6558
29.9310
26.2795
29.2526
26.6298
28.9991
29.6274
32.5373
33.3099
29.1842
31.1335
33.3042
32.9394
24.4711
22.9135
33.3846
26.6255
32.2589
24.6011
32.8255
35.2987
31.3419
33.1251
25.4500
24.4725
28.3754
28.3707
29.0102
29.3677
23.3964
32.7527
25.6398
27.1880
28.7668
26.1339
29.4615
23.3051
24.0148
33.6970
25.7945
30.7491
33.2969
34.5015
29.9213
27.3735
29.2843
29.2869
28.0808
33.1780
33.4157
33.1154
31.0807
28.2240
24.9413
24.1474
25.4284
25.7356
29.4887
31.5649
28.4640
33.0599
32.2061
28.2884
25.4760
27.1487
27.8701
29.2423
31.8737
27.9317
24.6947
30.6413
30.6940
24.3523
31.5151
26.3453
28.9456
30.0323
27.9031
33.8986
27.3008
27.2183
30.3125
28.7781
26.6621
29.4350
24.9393
28.5788
29.1342
29.5934
29.9829
31.4739
28.2588
31.4803
30.7561
30.1396
31.0288
33.9343
32.6176
34.7500
31.5187
28.4186
28.3998
20.2715
31.7771
27.0175
35.6337
29.6039
33.8009
29.9703
34.8992
28.8024
35.9181
27.9396
29.1222
36.7312
34.6377
29.9621
27.6880
30.7520
32.2665
29.7617
27.8345
25.9339
29.3076
22.9415
27.6355
29.9641
27.2913
28.4775
28.1775
30.9059
34.1669
28.9214
27.0254
32.1177
27.7140
22.2564
25.0242
29.5627
23.9339
20.0076
25.1919
24.9557
29.9750
29.9434
27.3018
30.2374
22.5847
30.3638
36.1320
27.4659
31.7799
27.9512
27.4668
30.2401
35.2854
21.5146
30.2175
25.0572
28.4862
27.6888
31.2949
32.6155
33.8428
35.1095
26.0766
27.3810
31.4855
29.0222
31.1735
32.3559
27.3218
34.0185
32.1936
34.1537
27.9551
32.1237
24.6645
26.8246
30.3959
28.1789
29.6071
30.3692
30.5724
31.7811
33.4812
28.9394
28.3887
27.0359
27.2306
27.5543
29.7634
26.7493
27.7678
26.3322
24.6089
28.3322
26.7888
26.2717
28.7091
29.0613
33.0969
34.0320
36.8579
29.0973
28.1436
30.9993
28.8206
33.1458
26.1436
29.4759
32.9148
35.2484
28.6011
33.7884
31.7674
25.5395
32.9479
29.9816
31.2140
24.1729
28.7140
25.6377
25.8380
32.4134
30.7333
34.3706
30.9623
32.9509
32.9418
27.2389
32.4020
26.2440
25.3495
32.5918
27.7270
23.1570
32.7993
34.6739
27.6746
32.1165
28.4031
22.8359
30.3227
33.7443
33.4982
25.6137
28.8908
34.1379
32.9018
29.4944
27.0277
29.7393
27.9765
32.2293
26.5289
26.9392
22.5528
27.8946
29.6576
28.1821
29.3970
31.7705
35.1880
30.1289
24.6522
30.6400
27.2546
34.2200
27.1407
26.8582
31.4595
32.5534
32.7930
24.9758
32.4979
33.4575
32.0380
28.3746
34.0267
31.6349
27.7791
35.4209
20.9961
33.3772
25.5411
25.6098
36.9626
36.5933
34.7771
32.9434
32.5228
35.0084
33.8931
29.3142
32.7104
35.9967
33.3653
27.6220
26.8549
28.0045
30.3350
32.0877
22.8287
23.9644
26.3737
36.7945
35.7331
26.9094
30.4270
32.7980
25.5205
19.6488
28.4600
25.1340
33.9299
32.3602
28.2002
30.2974
30.5351
33.8870
32.6124
26.8683
33.5298
26.7991
25.9893
32.0307
33.4536
26.9517
25.9755
35.3857
30.4323
28.5892
28.5828
29.3509
31.1667
26.6025
27.2676
27.2960
34.0161
29.1010
32.8321
29.9143
32.5740
24.3100
20.9430
27.6541
31.4897
28.6253
36.4598
34.3213
29.4266
26.5461
28.8830
27.7290
35.1582
29.4339
26.1494
31.5534
29.3186
27.0930
35.3574
32.9120
28.3570
26.6919
33.1774
31.9694
34.8985
27.6248
21.4533
27.5335
32.6999
31.6533
28.8556
30.9636
31.6491
28.4598
26.2007
31.8800
38.4428
33.7841
34.3267
28.1706
36.6775
26.9340
30.4737
25.8938
25.5806
24.6080
27.2157
26.8393
28.2940
33.5922
32.4689
28.4779
31.0703
24.7644
27.5757
23.6657
29.0927
31.2115
29.9245
31.3393
28.7723
32.9770
31.2751
28.8401
29.1211
28.4762
27.7359
28.5638
27.8048
23.3276
24.0714
29.1439
29.1693
27.1874
28.6982
24.1521
32.9799
33.3945
27.5754
30.9693
29.2841
24.7241
35.8557
24.6192
21.5050
22.1482
29.9242
31.0613
26.5275
29.7330
33.4596
28.6000
25.7113
36.5381
25.4879
30.4243
32.2802
28.3335
37.7878
27.4475
26.9570
27.6692
30.6518
27.2825
31.8790
27.1565
30.2024
29.1596
30.3841
29.0743
28.4214
30.9607
29.0900
27.4470
30.7885
30.5505
27.9352
28.6112
29.4336
29.7149
22.1105
33.4869
29.0979
34.7035
29.7305
30.5549
30.8142
32.4953
26.6523
25.5204
31.4014
32.8880
28.3174
30.1992
28.6720
27.2158
23.9402
32.5779
25.7855
28.5607
27.4551
28.7471
26.0820
36.7757
26.7200
26.8544
24.4108
36.3471
34.7616
32.6390
25.3927
29.4999
25.7847
24.4565
21.2039
24.5409
36.0807
30.8535
24.9782
33.5667
25.3762
21.5881
30.8656
28.5681
23.9496
28.0788
31.1615
26.4816
34.9618
31.3314
31.3813
25.9820
33.3268
22.0124
24.7901
29.1724
25.1511
26.6357
30.9818
29.8736
31.2426
34.8466
31.7070
25.1769
28.6494
37.3140
27.4058
26.9578
30.3365
27.4238
32.1731
26.7195
32.7198
27.6178
29.0354
32.4954
27.9052
26.4537
30.2626
30.9331
32.0765
30.9310
29.1376
25.1884
36.2986
24.7626
25.9965
28.5045
29.3392
31.1367
32.0580
29.4371
37.1418
27.3059
27.4825
26.2835
30.3026
28.8568
26.1520
30.8623
31.4274
26.4579
32.9290
31.2345
31.7678
25.2668
25.5343
33.3924
27.9952
27.2199
23.8715
34.1674
26.9733
24.8228
30.7183
31.0825
26.4714
28.9362
26.6219
28.1764
22.1627
27.7618
31.2442
21.7549
31.3766
26.1904
30.0428
31.5915
34.5959
33.9134
30.2081
33.7934
34.9435
28.8338
28.2349
26.5686
30.3567
25.6183
26.6233
31.3527
29.5004
32.1333
26.2555
27.5943
29.4051
27.3602
33.1669
31.6542
27.0962
23.8968
29.5088
30.1085
30.0762
34.4649
28.4759
26.6211
25.7085
28.7332
23.9399
26.4540
25.7944
25.7975
27.2590
25.1905
30.9351
25.4123
33.2538
32.9664
27.0821
23.3638
27.9581
34.5601
24.3097
29.1103
30.2560
37.6394
20.7154
28.4250
30.0758
27.8686
30.6104
36.8011
31.5340
26.5561
30.9388
28.8352
32.9086
35.9940
25.7015
35.0405
32.2060
28.6539
29.4271
25.3953
23.3263
28.3141
28.5264
21.6759
32.4310
24.0861
25.6185
31.1620
26.7647
26.0605
27.9836
28.7417
27.5386
26.7394
28.3091
27.1827
33.9741
30.6765
34.0298
24.6770
26.5344
30.1913
21.5902
30.7517
25.9263
30.4860
33.9874
31.2727
29.3850
25.1725
23.6236
32.4618
27.3226
27.1452
31.8219
26.2534
31.3076
26.0520
25.6368
30.2947
27.5819
25.9063
25.2422
28.7213
34.7916
22.5159
31.1317
33.1817
31.3006
31.1174
29.5930
26.4588
22.4424
31.0500
29.4126
32.6924
22.7243
28.3895
27.3646
34.6485
33.2728
27.4479
33.2476
28.2173
34.3468
30.6467
28.7445
30.4753
26.1879
29.9738
28.1789
25.3128
27.1310
29.6012
25.1609
29.4641
30.9292
25.9175
33.1672
34.6753
27.9844
28.8162
25.7106
25.8062
21.2268
29.2125
29.3192
28.3082
26.9901
25.6408
27.2389
25.4548
27.5118
26.7250
32.3122
25.8436
30.7168
29.6298
29.5236
30.9303
30.1065
23.5603
32.3706
27.4680
26.2915
31.1878
27.6877
29.4581
34.6507
28.9564
32.5359
25.9789
28.2631
27.4639
31.7731
29.2866
28.3222
28.7964
29.6415
33.3771
27.5398
36.7823
24.5332
25.2474
29.8465
24.7427
31.3530
35.5998
22.9522
29.7069
32.2619
28.8874
22.9844
27.6193
26.8840
31.5915
27.1255
37.7517
35.1770
30.7450
29.6863
34.6064
28.5141
30.1581
28.6188
35.0342
31.1701
25.1993
26.4735
25.8794
34.8156
32.0505
28.2484
23.3913
31.6357
30.5908
28.0519
25.5315
30.4531
31.7982
26.7999
27.9115
28.8980
28.4234
27.6804
28.4543
32.4710
26.5741
25.4366
28.5304
26.9013
25.8345
29.8600
24.4396
31.2902
34.7611
30.7477
22.9324
33.0776
27.7456
32.0500
23.7943
22.6241
29.8750
24.4105
24.9264
33.3932
26.0884
28.2381
30.5106
34.0621
24.2105
30.5120
29.4119
33.3726
27.1294
26.2075
25.3063
28.3129
30.1215
31.8355
27.9278
27.9853
31.9183
25.7088
28.9596
25.0289
22.0401
23.1965
28.5493
27.3423
35.5296
31.1393
34.5038
29.1551
31.7151
19.8497
32.2369
22.2287
31.7789
31.5505
24.5422
24.1767
33.9493
28.6165
28.6592
29.4144
26.3862
26.6681
24.5356
29.4916
30.0040
31.2164
28.3761
23.4676
22.4618
24.6759
25.6857
32.0290
33.8975
32.3707
32.0088
32.6710
22.4290
25.5402
31.2177
26.2800
33.9274
27.5818
25.1718
27.5005
29.5720
28.7928
30.1226
33.8190
29.5064
28.9829
24.8231
27.3410
34.5545
36.9583
29.2773
31.0888
29.2917
31.0255
23.3069
25.5122
27.1674
26.2995
23.3991
32.4391
26.6423
28.9882
24.5966
28.2192
30.4089
31.7703
31.9582
36.5016
34.6909
28.7131
30.7809
26.8309
33.5306
25.3507
30.5567
29.1001
35.3577
37.2815
29.6707
25.1097
27.0752
25.9462
23.9587
30.6525
30.0066
27.6083
28.9785
22.0699
24.1613
36.8125
24.1920
31.1771
24.8781
32.8791
25.4520
33.9062
31.7785
29.0611
23.9845
30.6228
26.5776
27.8313
22.0574
28.5803
26.2361
27.8954
28.6625
28.3426
31.6402
24.0318
29.8398
30.9707
26.7242
27.0977
31.9493
37.4366
32.5071
28.0176
29.1931
30.9558
29.5071
33.7375
28.0489
29.1542
33.3613
27.1266
34.1258
31.2029
32.2091
30.8131
32.6530
30.8271
32.8644
31.0733
24.6213
29.6507
31.2986
29.7165
37.3742
29.9768
28.3373
29.4781
28.7732
32.5737
27.8843
24.5145
32.0811
33.2660
31.1709
28.3195
23.9701
29.4983
30.4865
22.7897
25.1777
24.8502
29.9831
31.9264
27.1214
30.2642
30.1399
26.5994
32.6346
31.3092
25.4176
26.4672
28.8160
34.1715
36.0189
31.8399
22.6476
28.1947
29.5328
31.9575
26.1334
25.5699
35.1373
34.0794
26.4189
23.0588
29.2588
25.8521
28.6804
27.3335
32.1462
31.9476
31.0946
34.0068
30.1738
28.5588
30.4001
30.5506
29.4154
27.8367
32.9905
27.6419
30.1503
27.3343
30.1034
26.0912
34.7325
31.1520
26.9923
21.7310
28.1622
28.5596
28.8922
35.4506
24.0314
27.1402
25.6436
25.2574
23.0411
28.4193
29.1576
32.3877
23.3828
33.7235
30.0923
24.5386
35.8943
29.7352
24.2421
29.5780
25.0799
28.3408
29.6850
31.7435
25.8450
31.7468
27.5759
24.1700
33.1112
22.3263
29.4105
29.5418
27.5957
30.7173
30.6858
31.0382
30.6703
25.5814
33.3163
29.6537
34.4312
31.8458
30.4551
29.9142
24.3899
27.9577
31.1628
29.0214
35.6216
31.4565
26.2247
27.3155
27.8406
23.9659
29.8409
29.3798
28.5283
32.1792
37.1091
34.1696
23.5682
30.7170
32.1498
32.9387
31.0559
26.4998
30.0533
29.2525
30.9294
28.6546
25.9960
26.5325
22.0943
24.7939
27.3730
28.3640
28.1655
35.0569
24.8835
32.8514
23.9350
28.9545
23.9209
25.7400
27.6679
20.5361
26.2716
23.1029
29.2501
24.1948
27.4415
30.5313
28.8005
32.4557
21.6097
25.6232
32.7663
32.7654
24.8625
34.1384
29.0050
28.7106
27.2177
31.8554
31.6577
23.3606
22.9529
29.1582
31.1295
26.9427
26.7860
29.0942
27.4294
34.5164
25.1286
35.6656
29.1549
36.9529
36.2429
33.1669
34.3276
31.2322
28.8102
21.4287
29.8817
32.5742
30.3096
22.6266
29.9891
33.5332
28.4750
25.6022
28.4764
29.9061
28.4192
26.2033
29.7142
32.2850
31.9362
28.0504
32.1447
33.0949
26.0552
31.3798
27.6631
31.1276
29.0270
26.5055
31.1222
32.9402
31.6570
28.8285
25.3163
30.4995
27.4773
28.8440
31.0576
34.5417
30.5650
33.6275
31.5832
32.7066
25.7803
30.0518
31.5617
28.7506
29.5174
30.1476
31.0179
32.6606
26.3383
31.3578
27.6770
30.2138
28.6873
23.1572
24.8585
28.8075
28.7338
29.1376
29.3100
28.8076
27.5135
26.5474
23.3837
29.8871
32.9027
23.4557
29.5685
27.7194
32.5723
29.2958
28.4002
30.5092
32.8142
25.7540
27.8378
22.1410
30.5175
34.0635
29.5586
32.2713
32.0739
28.3718
28.8489
28.3435
36.1337
25.6806
26.6827
26.8298
33.0525
31.1645
24.6215
28.7656
32.2840
30.2869
26.5543
26.3105
22.0853
24.3315
36.8605
25.3657
34.2779
35.0381
27.2756
33.4890
27.1052
34.6005
31.3323
30.9876
32.3757
26.7481
29.5133
23.3737
28.0865
35.6135
26.2983
29.1666
25.3596
27.1319
25.6923
33.1473
29.7199
33.4788
21.2566
22.0236
22.0326
33.4526
31.8124
28.7288
35.6371
24.7634
29.6157
33.3623
26.5597
24.8196
25.7276
30.7868
30.7745
28.1773
29.3185
29.8221
26.5649
30.9508
25.8623
36.9946
26.3117
25.3840
26.8407
23.7639
34.5173
26.7727
28.9546
34.9852
33.0400
28.7883
22.1083
24.1700
30.7028
20.7374
27.0304
28.8737
21.7714
25.6458
30.3819
29.5255
31.3845
28.0349
37.6290
30.5171
32.2362
30.2643
27.7013
24.0184
26.9285
28.2792
28.8187
28.0478
30.1722
26.7630
26.9752
29.7802
30.0058
32.5841
29.4109
22.5076
31.3347
31.1093
23.0840
27.5900
31.0282
29.9741
27.1394
24.9559
36.0776
23.1409
31.4526
30.8265
28.8952
26.1300
25.7270
26.3228
22.7247
27.5100
36.3473
24.6334
26.9644
21.8694
26.7414
29.5259
29.2278
25.2143
28.5730
33.7799
30.8150
21.8976
30.7637
25.8447
28.4246
29.4025
30.7154
31.3282
25.0979
27.9893
25.3635
28.2719
30.1556
25.8621
25.9205
27.1037
30.8926
28.3161
20.3626
28.9762
26.9181
29.1659
29.0678
34.3263
30.4380
27.6934
23.6237
32.8323
29.0217
29.5919
26.7116
37.3818
29.8398
31.6116
28.4684
25.7291
32.8490
32.6951
30.1922
34.3642
29.5158
28.6511
30.6228
26.7688
23.5969
26.0108
34.2329
26.8820
29.9667
25.2870
32.5847
29.0258
29.3508
22.3107
25.7991
30.2853
29.5656
32.6199
27.7518
31.4440
22.9045
31.1940
32.1943
28.8790
26.5561
32.7587
26.6911
30.6034
31.7785
24.6570
24.8873
26.3694
29.2015
27.1896
25.9453
30.9051
29.3863
35.2515
28.6508
30.7636
33.1279
30.9350
33.9403
24.3857
33.3497
32.6105
28.9163
32.8751
29.8224
31.4233
32.6475
31.3505
31.7904
27.2487
27.4244
28.2593
32.2549
28.9546
20.4356
29.1629
35.5121
34.1016
30.1024
24.2912
24.9387
27.6394
27.6234
30.0273
24.8593
24.2042
29.7472
24.9617
26.1963
27.0334
28.6454
24.0886
27.6191
19.2656
21.8395
26.9057
24.7049
26.0884
23.6806
31.7859
30.2337
36.2415
30.5477
30.9336
24.1825
29.5133
28.2355
29.4565
22.6691
30.9738
23.7067
23.8239
32.6168
25.5220
25.8091
29.2242
40.4914
25.2594
29.6865
34.1636
30.2905
28.7003
29.3716
30.6359
27.0762
35.4918
31.0566
26.8206
23.2337
33.2530
30.6205
25.6682
36.8394
33.7319
27.7067
27.1880
21.2212
33.9045
28.9076
34.1661
28.2814
30.4409
28.6711
24.2986
30.4363
33.9856
32.5482
25.9357
26.0914
26.7806
35.9968
22.9872
26.1426
28.4496
26.1106
29.4831
35.5661
30.1184
24.8265
34.0920
37.0523
29.8123
28.8765
28.7028
36.1038
29.2207
27.6138
27.9884
31.6617
22.4734
25.4414
26.7530
31.9979
29.1768
33.2969
29.5563
23.9205
28.3410
26.9301
28.8314
33.4418
33.6183
28.4317
28.5958
24.2182
25.2076
33.2913
29.9535
25.0990
27.0814
27.7553
30.9521
27.1167
35.5755
33.6144
29.4367
25.9794
34.6783
26.6529
35.0474
33.6868
33.3895
24.1102
20.6204
27.3737
29.5270
26.0039
30.3491
31.1935
29.7645
24.4699
32.3912
32.7179
35.7894
25.0960
33.0686
24.9155
26.4697
31.9607
27.4721
29.3721
28.5237
28.6637
24.7152
26.1216
24.4948
31.0778
25.6652
26.7370
30.2084
28.3512
20.4712
25.1522
35.2196
29.6032
24.4748
32.8747
32.0190
28.3383
29.8491
25.8456
29.6991
27.8936
29.4922
31.3690
27.5224
25.5051
30.0017
26.9323
31.0854
24.4212
31.2553
29.8271
29.5018
30.7521
27.6022
27.3716
31.0612
26.3008
28.3351
22.6560
32.5960
26.2968
32.9024
24.4954
28.6191
25.4003
33.3765
24.4350
32.9962
30.9803
29.4987
39.3662
25.7485
26.3612
27.9152
34.7112
29.8703
29.6704
31.9095
35.2813
28.6662
31.4716
25.7570
24.6280
34.9069
24.4078
24.7995
21.6747
31.3183
30.8629
31.3414
23.9860
26.8525
28.7964
30.7897
37.1687
29.1355
25.9609
29.7796
31.4626
32.2274
27.1516
28.3299
29.4341
31.0351
35.5727
28.0377
27.3151
26.4575
30.3690
24.3307
29.3099
26.4465
36.6018
28.9532
33.4320
27.2381
33.7580
28.1599
31.4338
24.6484
31.6405
24.8944
34.2001
30.3249
31.0103
32.1092
26.1281
34.6205
24.8857
30.2660
28.2962
24.2037
27.7785
32.7264
29.4022
37.7737
28.7763
34.0040
34.8592
23.8858
26.5971
30.9696
28.5368
29.9182
29.0676
33.7534
23.9335
32.8859
27.0768
24.6450
26.2051
29.5575
25.7443
24.6521
32.4926
30.7431
26.1949
22.6602
27.3234
32.3606
28.1529
25.5838
28.2018
22.0089
30.9671
29.5576
29.4762
22.9756
30.6447
31.4089
29.4921
33.2556
35.5218
28.7680
30.9991
28.2828
27.3433
30.1757
22.7742
27.9122
29.0734
35.9712
29.3360
30.4725
26.9209
30.8417
29.0653
26.4296
28.6196
29.2473
26.3024
33.1724
27.1679
31.9181
25.8222
30.7965
27.5946
30.1968
31.1722
25.6014
36.4213
37.8633
32.1198
28.1330
30.3111
26.4245
29.7978
24.9240
30.7553
31.1885
30.6181
28.3978
32.0232
34.5401
29.4182
23.3316
27.0607
35.6145
32.4246
25.5110
30.0121
28.2976
34.7658
26.9745
31.6454
31.6040
27.7590
26.2261
28.8683
24.4047
24.8371
29.3868
28.0098
30.2453
27.7080
33.0394
24.9387
22.6102
25.6531
29.6441
34.0744
24.6332
23.4568
26.8748
34.1192
18.1275
25.0976
30.1590
27.6902
26.4262
31.5615
32.3672
23.4823
25.9129
25.4955
29.5928
35.4473
34.2098
24.5801
27.0645
28.4290
31.3830
27.7640
23.1121
23.5591
37.9754
30.7608
31.6201
29.7768
35.0385
37.7802
24.8457
27.2831
27.3198
33.5200
30.2023
25.5214
36.7031
32.4757
25.3143
27.3951
24.9989
29.8409
30.5631
32.7079
30.4305
36.5455
35.9258
26.2513
28.9091
28.7907
25.5193
26.0482
27.1125
27.5525
28.9915
27.6001
25.5985
32.8822
35.8418
27.1405
27.4850
26.1888
26.8739
24.2798
30.5123
30.5136
26.4170
29.3989
30.2283
31.4890
25.8288
24.6541
28.0102
28.3086
25.5210
28.2897
36.7853
28.6367
26.8196
32.0232
32.8756
33.4652
25.7809
34.6907
30.3284
33.1969
23.0334
29.1532
25.4155
31.4259
27.0636
26.6845
30.2583
32.4010
22.6562
28.4662
29.4178
32.3184
27.4311
31.3933
30.0928
36.4225
27.6368
24.1426
25.8366
25.8573
30.6668
29.6597
24.6331
27.8833
21.3397
21.0044
29.0979
31.7667
28.1644
24.6392
31.7714
28.8763
31.3812
28.7020
34.7738
31.4630
35.7030
26.0052
27.0523
29.0922
30.0052
25.7368
28.6983
23.4676
26.9059
25.8961
24.5572
24.2650
22.4319
23.7590
31.6524
33.1270
29.0934
31.2212
29.4577
34.4292
30.8029
31.2799
30.0046
27.0707
29.1108
25.7064
23.4281
27.6255
29.2368
23.3880
29.1909
33.3596
32.1843
30.7154
28.0596
26.1158
22.8955
28.6977
35.3766
34.2213
25.7028
26.9345
29.0393
31.1977
33.6643
34.2556
31.0700
33.7208
27.0292
28.7329
28.8612
32.5339
26.0656
29.8571
25.2439
27.0764
28.5149
24.0982
27.6490
21.3995
30.8551
28.6873
25.4816
29.5038
25.7779
33.0659
29.4545
28.1592
25.7453
26.8384
26.5490
24.1027
21.5946
28.3512
20.1418
24.1067
24.0499
29.2102
29.7170
32.9422
27.9883
28.7619
31.5946
28.1484
27.2980
29.8886
28.5488
27.1399
33.5007
25.3471
24.4459
25.1619
26.1805
31.7757
26.9956
26.9202
28.3621
26.9482
29.0402
33.4591
23.8098
27.3706
27.1831
33.4289
31.3248
33.2159
34.1738
34.9050
30.8753
32.1869
29.4400
30.6187
32.8270
21.3678
26.8873
26.3239
39.3285
31.8159
28.1950
31.7376
28.4297
30.8633
26.5376
28.9000
30.9853
30.0049
31.9127
30.3696
30.3322
32.0278
31.9100
26.3142
29.9587
27.4674
23.2325
35.1666
24.7691
22.5578
34.0500
27.7820
28.1714
28.2714
27.4530
25.0121
31.3566
33.9456
29.8128
30.0324
30.1083
26.4274
25.7848
23.2202
26.2828
26.4520
24.4549
29.2119
36.7187
31.0048
29.1366
35.3784
23.3768
23.3980
30.5332
32.2117
29.2446
28.8506
24.0721
31.4276
30.9138
29.4560
26.7275
24.1406
25.1427
34.6378
31.0628
28.6904
28.2262
32.5265
30.8817
33.7623
30.4454
27.1084
32.9999
25.8259
29.2973
23.5504
28.6912
26.1548
27.8816
33.0462
27.1857
26.0042
30.5209
23.1107
27.1784
28.8204
34.0502
31.5275
24.8687
32.6448
24.0337
29.7965
27.0465
35.3448
32.2253
31.6157
24.3735
28.4024
33.1420
28.7694
29.9564
26.9239
24.3710
28.0454
29.6703
27.8022
28.9209
29.2650
33.2698
31.8750
28.6819
28.3633
36.4698
22.5262
23.1407
24.7357
29.3214
27.1059
30.0345
29.5115
29.6172
34.3361
26.9613
32.0219
28.6839
30.8301
27.9420
26.0342
28.3850
25.6228
27.2628
25.7861
32.7703
24.7368
30.0802
28.8342
29.3416
28.6707
36.7043
30.4500
25.0854
30.5753
25.2892
28.1522
28.7545
35.4227
29.2261
27.7565
29.8082
27.5435
35.4134
26.2538
30.1535
22.2310
26.0916
30.9019
23.2109
28.4762
25.9198
28.7107
29.4887
24.7345
26.9810
23.1134
31.0766
28.8986
24.7621
22.7112
24.6911
26.4616
25.7922
35.3023
30.6730
29.2958
26.8852
31.0388
24.7250
22.9091
28.1624
22.3733
27.3653
29.8632
22.8576
25.8161
31.8707
32.0294
24.3555
25.0523
27.4829
25.9828
27.9905
27.9031
31.9157
33.3381
25.3941
27.5358
22.6999
22.7177
32.0387
25.0240
26.1657
35.4393
29.0352
27.4706
28.3147
25.7134
28.0842
27.5938
29.5754
26.0817
32.4405
30.4417
32.0470
25.9268
31.4874
27.6936
29.1694
29.1954
29.8873
25.0520
35.1201
27.5284
32.0684
30.6661
25.9511
25.2151
29.5238
21.7682
28.8400
30.8242
32.9445
31.4843
25.9024
26.9686
26.0219
32.6783
32.3151
30.1915
30.7343
30.1810
35.2190
23.0265
26.4882
26.6528
31.3374
26.1171
24.6549
30.1548
26.3722
30.8999
29.7217
21.3214
27.2196
31.2387
25.8073
30.8759
30.4502
33.6872
29.0330
30.7420
20.7246
31.6731
25.7920
26.8369
33.9167
22.5790
25.3809
27.5464
28.3296
33.7402
29.3380
30.6713
37.9951
30.2021
29.2418
30.1747
23.3854
32.2290
28.1251
26.5610
31.8070
31.8672
20.7764
34.3651
24.5814
27.2298
36.3178
30.2811
28.7614
30.9594
31.6990
30.5061
28.8402
32.7273
29.8352
32.1411
29.1127
29.7260
26.6343
22.8913
30.9325
31.4005
27.5845
30.4538
30.4864
28.8934
34.7721
33.0546
30.2336
26.2703
28.5180
27.0708
26.1379
30.1421
36.8768
28.6035
23.4628
24.8629
27.0779
30.5423
33.8101
22.1097
29.5167
30.5659
26.3414
24.1702
33.2901
31.3680
30.6140
38.3659
26.2501
29.4760
26.4223
35.1458
25.3834
23.9300
24.6475
22.9725
31.3751
30.5081
32.5108
24.8538
29.5696
29.6309
30.5403
32.4089
31.8226
29.8252
31.2191
24.7439
33.5215
27.4210
27.5263
29.3844
30.0553
25.8332
31.1106
32.2881
26.1516
28.4901
31.5564
27.5085
27.7966
25.6056
30.1889
31.2429
30.9981
33.7314
31.2217
33.1821
25.3899
31.3318
25.3296
32.2814
24.8141
30.8599
33.0025
29.7635
35.0178
24.3965
30.5577
23.8331
31.1349
26.1521
25.1481
29.4522
30.1377
25.5169
29.8125
30.2863
30.4298
35.0390
34.1469
29.3111
27.2419
26.0950
31.1071
27.9002
34.0299
31.2738
25.8015
35.7705
24.8676
33.4139
29.5153
29.6197
30.1630
24.6851
31.9184
24.9839
26.2459
27.5598
28.7285
32.5516
30.8787
32.2007
26.8894
23.4460
29.0229
30.8088
32.5894
30.3672
30.6654
23.1388
28.3684
26.7443
26.8175
28.3955
27.1712
26.0175
21.3226
28.6483
29.5223
29.6010
34.4487
28.0288
28.0803
33.8047
27.9595
33.9317
26.0239
32.6444
27.4556
29.0475
32.9187
29.1742
31.6133
27.7466
25.8288
28.3691
35.2094
30.0442
28.6025
22.9009
31.3206
26.9090
31.9480
29.2801
32.4794
30.5489
28.6393
28.5619
21.8961
27.8633
26.4033
30.2570
27.3788
26.2937
25.0601
33.2441
25.3524
23.4180
29.2130
31.7438
28.2832
29.5719
28.5020
25.8538
24.9922
29.4423
32.1837
29.4235
32.0039
31.7904
36.4628
29.0959
29.8738
30.2352
31.6901
29.2618
29.6495
25.3610
36.6322
25.5519
24.8152
28.5942
28.5806
31.5684
29.7958
30.8971
26.8098
30.8007
33.4442
30.0030
29.4411
27.7463
31.1486
30.3683
26.3684
24.3056
30.3834
32.1193
29.5435
33.5502
23.7576
25.1228
34.1224
26.2390
30.2283
22.5055
25.3060
37.0662
31.6045
29.5345
32.1245
33.1222
28.9106
32.8233
31.6169
30.0753
30.6775
25.8793
28.4860
30.0559
31.8663
31.5442
29.1719
28.3417
30.9737
29.0760
26.0384
26.4014
27.9275
25.5450
29.3899
26.2476
25.5822
32.2130
34.9702
25.6229
24.7956
31.5730
32.4765
34.3924
29.2711
29.0116
26.2929
37.4292
23.4928
27.5644
31.5913
30.8434
28.2186
26.8149
23.7566
33.9183
26.5787
27.4978
29.1880
24.7917
26.9595
22.6508
26.2998
28.4349
25.2719
31.3711
27.9705
30.9835
26.1149
25.9264
26.6625
30.1947
26.5085
31.1468
23.6140
35.4797
27.1480
34.0185
24.6920
25.3700
27.2217
28.0603
29.6298
35.8413
32.4294
32.9428
32.3885
28.0817
27.8549
27.3767
26.8476
29.4804
27.7206
32.8157
27.4738
31.8549
27.1326
23.7365
24.3808
30.8837
25.7596
29.3747
30.2504
25.3801
25.0708
26.8416
32.3681
32.3736
26.9437
28.2696
36.4851
26.4778
30.7240
30.6202
27.7092
25.8197
28.3184
27.8554
30.9650
23.0701
27.0665
24.4563
27.2717
24.7658
27.3000
28.9129
32.1116
28.8286
25.6350
26.9927
26.1902
25.4749
28.8096
26.0294
28.7356
28.8474
28.8172
31.8631
37.9468
28.2612
32.3386
33.9706
26.6365
25.3222
29.6481
28.3634
27.2123
29.8462
33.1469
31.3115
28.5111
31.3900
24.1269
33.3399
35.3926
28.2258
29.2855
32.8362
41.0087
31.9399
34.6177
28.9766
30.3280
30.4824
22.8223
33.8060
29.1909
23.6846
30.2562
29.1960
19.9628
29.0688
26.8997
35.3861
29.1505
27.4165
31.2022
25.0749
30.1456
34.1802
27.0253
29.1637
26.6140
27.0486
29.0838
30.9596
25.9761
28.4555
23.2898
29.9715
22.4917
28.3545
27.1815
22.8890
31.3761
34.8066
33.3288
30.2919
32.9622
28.8762
26.6422
36.3480
23.4005
31.6557
26.7588
32.6300
35.6582
29.0757
31.6972
34.7143
29.2661
30.9813
28.5832
32.5568
33.4925
22.6169
32.4718
29.1074
31.3521
24.5698
26.9130
23.8429
35.4423
39.1729
22.7942
24.4066
37.5172
26.0081
26.9647
27.2630
27.2704
30.5022
24.3347
25.3326
25.8750
27.6457
28.9256
23.4297
25.5840
28.9262
26.1272
26.4986
25.9497
25.4572
31.2362
33.2604
29.3421
30.0109
28.8251
27.3169
32.3762
27.4015
32.6083
29.0312
26.5420
34.1245
25.7625
26.2117
34.4984
28.8848
28.4010
29.4252
26.5952
37.3285
30.6403
27.2594
30.4514
31.2158
27.9757
32.9693
28.1566
34.5362
31.7987
27.9008
31.8938
33.1260
27.6106
26.9673
25.2822
28.6228
28.6318
31.7628
23.7850
31.4631
27.8726
34.8021
26.0959
33.0713
36.5049
29.3893
29.7724
33.9656
29.1060
27.5115
27.3603
27.2075
21.5986
30.8802
35.5509
28.7588
30.3026
23.7129
32.9218
25.4191
19.7605
31.4195
35.4177
24.5056
27.5312
26.9880
28.3326
30.1293
29.6368
28.5720
31.9040
24.4461
22.0968
27.7429
27.0520
28.7890
29.6357
29.2757
26.5883
29.0769
33.1864
25.4057
24.9602
25.8912
28.7738
25.2913
23.5439
33.5557
28.1910
30.1571
30.8649
30.7523
27.7934
26.3683
26.5825
26.7546
30.3004
27.8759
24.9313
25.9981
24.1486
25.9045
29.7674
24.6526
23.5755
36.9667
28.7180
27.6093
25.7133
26.5643
25.0223
23.7109
26.3512
32.4464
28.1410
30.9275
26.8054
25.0461
33.1478
32.1542
24.7716
24.4460
30.9879
28.3834
25.3075
30.5633
29.8796
35.3486
27.8301
29.6006
30.2170
31.0681
32.5696
34.6158
29.1628
29.8092
31.5430
35.1351
35.3411
28.0710
31.5113
30.3319
26.8428
30.0494
32.7798
28.9687
25.9501
27.7984
27.6575
32.8050
31.7043
32.7071
24.0930
22.9491
32.2637
31.2830
26.4173
25.0698
22.9190
26.0140
26.5684
25.5241
34.1077
31.2366
35.3084
25.3256
23.9739
27.4291
31.0631
29.3016
39.8291
31.0989
30.0405
27.3338
28.1183
29.6654
30.9647
32.7521
29.8543
28.6462
30.4475
31.7711
22.5410
33.8495
31.7109
23.0668
23.5606
34.3886
27.7651
24.6353
25.1127
29.4196
28.1531
28.6784
32.7515
29.9161
29.3730
33.6553
25.6876
30.1508
27.7993
26.9886
27.2271
27.4960
26.6015
29.0707
29.9888
24.8310
27.1107
25.4890
35.3796
26.4249
29.5894
32.0554
37.9891
31.8699
31.1314
35.2050
28.0529
31.8963
27.0819
27.2079
28.9600
25.3271
21.5134
31.3707
28.0938
26.2222
31.6069
30.5376
30.1135
30.3269
30.8242
28.0252
28.0627
31.6545
28.5004
21.2513
23.0226
30.5274
31.9645
27.0167
26.1984
35.7095
30.8266
26.7359
30.7552
37.6088
30.8710
29.7448
28.8404
32.2185
23.4253
21.7813
22.8241
34.2608
28.5244
23.5217
33.7223
29.1222
25.3314
32.9111
25.0115
26.3489
29.8385
33.2529
35.9236
30.2820
29.5225
36.5404
26.2750
27.6513
33.3322
31.0389
23.4773
32.4577
24.6822
32.0290
31.7389
23.4037
23.1008
32.4975
34.5134
31.2440
28.7830
28.7927
34.3820
33.7761
23.7562
28.0582
34.2619
27.1970
26.0559
22.2698
25.0968
25.6877
25.7506
32.7301
28.0171
25.8090
28.9364
32.7728
28.9923
27.5701
32.2460
29.9770
26.7528
31.4195
25.6605
27.5033
27.1918
26.7690
29.2578
23.1728
26.0102
31.3795
26.4309
34.1090
34.8719
27.0137
35.0059
33.7943
22.9113
28.0207
25.6478
26.6552
33.6069
30.9123
26.9080
33.2394
27.4532
29.5227
25.8481
26.6122
29.3026
31.7025
31.9514
33.2491
28.1119
27.1400
30.5228
28.3243
28.7931
24.6311
31.1467
27.2824
34.2019
30.2987
27.5116
30.8359
28.1979
26.2951
26.9625
30.7016
32.3922
32.5955
31.8248
28.0470
29.1425
29.4431
34.4476
31.5487
28.4838
32.5417
27.0182
28.1549
29.4018
29.9437
28.2676
31.1172
33.1242
25.2541
26.8050
34.6131
35.0285
25.4513
22.7681
32.0460
22.8026
28.7172
31.1123
29.5787
29.8071
28.8008
32.3537
28.5030
29.0254
32.1499
36.6597
29.6510
30.7455
26.3454
34.0051
28.5941
28.2833
26.8003
21.4168
26.8677
32.1281
33.8679
23.1848
27.9385
32.1094
34.5386
26.5797
28.7313
26.9900
25.0404
30.0874
25.6684
28.5672
27.0046
31.2065
34.6702
27.0331
25.8219
27.3287
30.4929
27.7423
29.7168
28.9545
28.2758
26.0406
22.9213
26.5328
26.9000
31.4585
26.3041
30.8642
33.4257
31.2032
30.9950
27.7801
31.6617
27.0488
33.2769
27.6484
25.6157
26.9916
22.4027
29.9225
33.9715
32.7143
29.6773
27.8926
30.4982
28.9469
30.3195
26.9520
26.2065
23.2676
33.4854
30.3605
23.3206
31.0836
31.2789
28.5455
31.0018
27.3320
35.2515
27.7950
27.3668
27.9618
30.9246
31.7375
31.5289
36.3705
26.3731
29.7512
29.2931
29.4130
34.1076
28.4478
28.0807
29.6687
25.4299
35.0629
22.7208
28.1865
29.8668
28.8447
29.0293
28.0544
28.8916
25.8995
33.0444
36.3533
26.0954
28.3926
30.1864
28.8809
25.3268
26.9421
28.9251
32.0173
27.1239
26.7348
24.4278
30.1658
25.8237
29.2800
35.3369
30.8631
28.4982
27.6098
36.6424
31.8632
31.8451
27.2128
31.0689
29.9915
28.8299
29.9730
32.1824
31.0402
36.4721
27.7490
30.0655
30.0566
25.2810
24.5946
30.7332
31.1071
34.5208
31.1134
23.2888
26.1889
30.4409
30.9070
30.8016
30.8334
33.7482
33.2221
27.6377
24.8399
29.5177
28.6995
30.1481
25.1088
34.9399
24.0158
28.6377
27.1498
26.9553
32.5474
20.9565
26.8634
25.9443
29.2896
24.3661
25.8554
23.9951
23.4978
26.5343
33.9347
24.8464
28.9278
34.4068
24.5679
23.5144
27.9475
28.1110
25.1310
29.1238
25.7239
35.4852
29.0416
33.7196
29.6866
31.7884
31.9360
24.5066
24.5291
25.1161
28.3840
28.4452
27.6908
29.3510
27.2737
34.6890
27.9891
28.0927
24.3789
31.0589
26.9875
26.9608
30.4451
29.3549
30.2235
28.8761
26.0602
29.4747
26.0568
29.5938
26.3022
27.1972
27.1197
28.1490
30.3090
26.7224
28.7461
33.2341
28.5031
31.8778
29.6807
26.6279
32.8349
29.3239
27.4165
25.4348
28.8861
28.2053
24.9108
30.0010
26.6631
27.9178
30.1562
27.6016
29.7319
23.8008
30.8914
33.9315
32.9497
26.3396
37.5724
35.7965
30.7886
33.8648
26.5171
31.9200
30.9791
26.2827
28.9872
32.1842
29.7000
20.7089
28.8420
28.0037
24.9576
26.0553
33.3357
33.1003
29.2755
23.1722
32.5990
28.6710
32.5877
25.5896
30.6228
28.6029
30.1127
27.1846
27.1426
29.6458
26.7769
22.1703
30.1668
24.9293
29.2468
26.6637
33.9565
25.7388
26.1868
29.3385
31.4553
30.2846
30.1984
29.0105
29.1899
29.7431
28.8592
31.3556
25.8492
26.7635
33.4130
25.1113
28.6462
28.6889
31.5405
30.1643
33.0354
32.4029
31.5789
33.0813
31.3222
31.9326
34.5546
28.4828
30.4112
27.1434
34.5942
29.7909
34.5523
33.0320
22.0001
27.4103
31.8800
29.7877
27.8931
28.4710
23.3069
23.4011
28.6051
28.0236
30.3584
22.8768
28.0741
25.4962
31.3214
28.0300
29.1573
30.7758
28.1594
24.4617
27.1259
23.8123
27.2400
29.3270
29.6071
32.0542
32.6880
29.9569
33.2001
31.1191
27.6404
30.6192
30.0990
31.9346
27.4665
28.6074
24.5488
33.0149
25.5773
30.3070
35.9387
30.5232
26.0210
33.5346
32.5940
34.1318
26.7072
27.6546
34.6884
31.6668
29.7811
29.1491
31.0471
28.5472
25.3692
27.8149
28.8369
25.9364
30.3707
31.9599
34.3158
32.4109
29.9712
26.5800
24.8412
24.2384
25.2348
30.7988
35.9263
34.6728
31.0210
37.1950
27.1110
32.4626
23.3597
30.2649
25.8171
28.7552
37.1341
32.0063
25.9378
28.7197
29.1527
31.1324
32.5426
25.8535
27.8439
25.5863
31.9626
29.5640
30.2336
30.5872
26.3861
31.8714
24.8208
30.0838
31.0085
28.4714
24.2221
25.2252
33.0190
23.0072
27.5049
26.5706
25.2582
31.8177
30.6001
30.4223
28.8030
24.9036
34.3264
31.3714
31.3047
31.3864
25.8059
30.6294
31.3782
32.0511
30.2079
35.0400
26.1671
25.3216
29.0467
28.0236
23.8390
29.9353
32.5919
31.6290
29.2113
28.8854
31.0907
24.0398
29.7647
22.6434
26.2547
26.0981
27.4957
29.6158
23.6290
30.6225
30.5985
28.6332
28.7709
29.0736
35.1623
33.5986
22.7340
29.5306
24.8558
31.5679
26.4481
30.8517
34.9708
36.8852
23.2371
23.1609
24.5564
28.4514
25.2605
31.2142
27.0883
26.2085
31.6114
28.2855
31.0115
27.3049
29.1476
23.8422
23.7473
29.4763
27.3139
28.4191
28.4780
33.0274
26.2780
26.5584
27.0264
24.7554
33.2348
35.1093
32.2585
26.9694
30.0081
31.9797
29.1608
30.6291
28.9830
29.6585
26.9309
27.5115
29.3567
27.2444
34.7898
27.3923
37.3891
37.9701
34.3209
23.7951
30.0589
28.9668
28.2917
32.0502
32.5265
30.6026
30.2018
38.1640
27.2653
27.1775
36.8302
32.5002
27.5057
31.2365
28.1958
26.0842
33.0407
23.8238
33.0477
23.6146
27.8398
36.7302
28.5480
29.9240
31.9038
27.3538
33.2123
30.3195
30.8812
28.9914
28.2052
29.6231
30.8472
29.7298
25.7403
24.2057
26.5504
24.5610
28.2576
30.5920
26.2603
27.7441
28.3050
27.1384
36.4908
26.7000
23.9958
32.4211
22.4634
33.5074
29.4007
28.8254
32.1282
23.3428
30.7769
24.0774
28.0877
33.6992
30.7524
26.0256
31.1134
25.6514
31.9447
26.8298
30.8403
30.6987
28.7555
34.3778
31.9416
27.9382
21.8975
22.8348
24.4162
30.3123
30.2435
30.5787
34.8552
35.0846
30.5700
27.1225
22.2775
25.4624
32.4096
28.1811
28.9876
23.4100
33.5520
27.7305
29.5053
27.3701
22.7958
25.0355
29.2034
26.1292
26.1484
32.3389
25.7765
31.7470
28.3018
33.8852
23.5707
27.3112
28.8362
23.4916
24.3062
20.4717
27.9233
31.9375
34.4824
25.8546
29.6537
32.3030
34.9413
35.0932
28.4070
29.5419
33.7439
31.2621
28.5656
30.6826
32.6009
27.4874
24.8199
25.5402
26.3460
36.5884
27.6277
34.8335
31.3392
28.0044
30.4358
29.6916
31.5585
31.7957
28.2551
26.2961
30.0290
29.4753
26.9118
29.2271
25.2145
35.0551
23.3485
25.2545
35.1703
30.8748
27.6241
29.0315
28.0970
29.3399
28.9423
28.4893
29.2751
30.2063
29.8445
27.1426
28.7257
27.4875
29.4640
34.2046
28.3490
33.6560
20.6700
24.5648
26.0804
27.0237
33.4972
28.5007
31.1972
28.0691
28.0443
31.3161
25.4865
29.4623
31.5988
29.6965
27.5537
38.0716
29.5224
34.2490
29.5347
22.6778
28.7713
29.9992
27.6131
26.2132
27.7957
27.3122
26.7755
28.8871
34.5600
29.9038
31.0645
25.8088
27.3118
27.6037
28.2597
25.3302
30.6338
32.7225
29.0310
34.4458
25.3041
27.5392
24.6509
31.3830
31.3184
29.6406
33.3251
31.9502
32.1553
27.5012
26.8267
29.9470
36.8096
26.2598
35.6691
28.6711
28.1792
28.4352
33.4659
28.6130
21.7846
24.3602
26.3487
21.5201
22.9967
32.4099
28.9846
34.6187
32.2313
27.1555
27.2264
31.4167
22.2622
28.7578
29.0912
25.4989
27.0200
26.2894
25.9580
23.2001
28.6959
22.3262
28.1217
32.4239
36.6782
28.3164
32.1043
23.3144
26.2137
25.0867
27.4429
26.3987
21.9980
29.5356
27.5125
26.7351
29.7471
29.0987
23.7977
26.7138
34.9259
33.0679
27.8651
27.4999
28.4838
34.2296
32.5898
23.7619
23.4497
33.2379
27.4176
27.8793
27.3557
35.8642
28.0885
29.2573
37.5240
28.6724
30.6233
32.5078
28.7756
30.6408
28.0793
30.5120
34.9821
33.1611
28.2657
27.9722
30.4927
29.9009
29.0115
34.0461
27.9911
24.9817
28.5952
24.5423
29.4983
33.5586
30.6431
26.1022
29.6943
25.3587
27.8351
31.4276
29.5122
29.6992
30.0967
33.2603
24.9495
32.4193
29.8587
30.2798
30.0090
27.1159
31.1457
27.5267
28.3746
34.1660
30.6639
34.0374
32.4248
29.3013
30.9882
31.9258
34.2059
34.6661
27.8801
29.5576
31.9211
23.2836
24.6557
25.8009
29.1187
26.9138
29.3636
29.1928
21.3519
31.7684
38.4797
33.0741
28.7115
27.0182
23.3698
30.4072
32.2447
27.5360
26.0517
31.9835
19.4836
30.6515
28.0069
33.0965
34.5950
25.8946
27.6790
24.2203
25.5477
32.0147
25.5162
29.5957
30.0627
27.5912
22.9481
26.1314
31.0789
32.7073
31.4121
29.0333
27.3684
28.6334
33.7882
29.6493
31.1075
34.2697
30.3526
30.3641
24.1677
31.7736
25.4494
29.2224
30.6203
26.4282
27.6804
32.7047
29.1535
27.8718
29.2851
29.0219
33.4600
28.8102
27.6400
28.1177
21.6277
32.5696
25.3386
32.1047
31.5923
35.3279
28.0280
20.2904
30.5517
24.0075
35.6106
35.2500
23.4344
28.7905
32.2247
32.2643
25.8125
31.5844
27.7624
26.0393
25.7932
27.4805
31.0506
25.8531
36.9956
30.2367
30.6448
30.3216
33.3690
38.2849
29.2492
29.2451
33.4748
22.8190
24.1484
26.0432
33.8688
29.7308
25.3862
31.9289
33.8457
31.0668
29.9357
20.8360
31.1146
30.2801
23.8204
35.9087
33.2272
28.8505
26.6992
30.6545
30.2510
28.6948
25.5094
22.5330
28.0683
24.6182
29.1102
26.3512
28.1268
33.8988
27.9986
29.8930
29.7561
29.3703
38.3089
34.4586
32.7205
29.2170
32.2822
28.5964
33.0035
29.9289
29.7947
33.6432
26.3111
29.0823
27.4875
28.9059
27.4833
22.3787
27.0256
27.3114
27.6288
28.4676
27.7008
26.8900
29.8931
34.8996
28.3671
24.0521
29.6785
26.5437
30.5076
27.8609
34.9629
26.2785
34.9505
29.9481
34.7689
33.0515
27.3645
31.3671
34.8427
34.0882
30.0995
33.9286
30.6327
21.0956
22.7393
32.5819
36.3936
29.8253
23.1443
33.6517
33.4444
29.1692
31.7410
26.9791
31.6471
27.3969
28.9834
28.5563
27.1752
25.7921
30.1336
28.9881
22.0095
32.9915
28.9944
31.9471
23.5151
31.4232
33.7728
31.3651
26.5689
25.8271
32.5606
33.0342
29.0182
29.6769
25.9769
27.6156
24.9208
28.4751
23.4990
25.2526
28.7046
28.0719
24.4060
24.7479
26.9491
27.9726
29.1346
31.2136
25.1464
31.2847
24.8113
22.1088
39.0581
26.0040
32.7076
23.5158
25.9854
23.8936
24.9427
32.8135
28.6537
31.5331
24.9823
23.8375
26.4364
26.5659
27.9759
29.5324
31.4311
22.9697
24.4175
27.3149
30.6676
24.7018
29.1348
29.5737
21.2379
29.5811
32.9848
32.9667
25.5231
31.2566
25.5002
27.6502
22.5887
29.6308
27.2439
23.5898
30.7397
27.6616
36.8478
24.7393
23.5804
26.7878
27.5883
27.9481
28.7652
31.1204
28.1509
33.7646
29.2801
23.6111
26.7946
24.8090
33.7038
30.8700
26.7870
25.8842
24.9667
26.5600
27.3469
25.5684
23.4985
22.7596
24.9556
28.4222
28.3427
24.2027
34.6744
28.2779
24.2765
37.7642
26.6808
32.3223
27.4188
30.6470
27.7205
27.9507
33.2918
29.2683
31.3807
32.1346
27.0753
33.0819
24.9790
27.1181
28.8903
29.4881
27.0173
34.7026
27.6502
29.1786
31.8997
29.2442
32.1424
28.8372
33.7624
29.5085
34.8441
25.7947
26.3736
29.9495
30.8061
31.9549
30.7844
32.2487
26.5846
32.9764
23.0516
26.9389
27.1033
26.9964
27.1858
30.5850
24.4428
29.8394
26.8793
23.5468
25.5488
25.3037
27.7744
36.7937
31.2801
33.5458
30.6535
29.4333
28.6219
27.6471
24.1775
24.8370
31.3674
33.2459
31.4538
24.0685
32.5760
35.0730
23.4498
29.0605
30.9519
26.9321
26.6321
21.0014
25.7297
32.1169
23.8426
25.2446
36.8614
19.6627
24.3189
25.0015
25.3532
31.0827
27.7825
34.1090
29.2722
29.5291
24.7059
27.1227
30.5780
24.5771
31.0784
26.5329
31.0422
20.0424
32.4508
28.6253
26.3665
29.0033
27.7100
32.0557
21.5372
23.5290
23.6344
29.4269
26.0846
28.9360
23.6664
26.4776
23.3424
32.2207
36.5546
29.1560
31.3706
29.4849
35.2383
30.4761
27.8800
22.3440
23.4300
32.8355
29.4389
25.8654
24.4370
32.8511
26.1723
27.0569
29.6697
21.6026
30.4485
25.4495
37.1723
25.9180
28.7980
28.5352
26.7762
37.2303
31.2039
38.1938
22.7646
29.9946
31.5029
29.6429
35.0653
34.3840
27.9349
28.9792
23.1649
29.7564
27.6900
25.9966
27.4152
30.8457
32.5144
27.3451
21.9791
27.9366
30.8401
30.2216
24.0218
29.2497
28.1965
26.8949
34.6219
27.0915
31.8197
27.1083
28.1887
26.1435
32.3979
30.4479
28.8961
21.7939
28.2210
25.5038
26.0539
29.5436
29.9551
27.4477
22.5661
30.6111
31.7782
27.9255
30.3536
27.5380
30.9888
32.3431
33.2726
24.6956
32.0438
34.1436
31.2920
35.1370
32.5879
23.3112
30.8225
25.4130
38.3664
29.6106
30.6941
30.7950
24.2356
25.8293
26.5507
32.0914
24.6060
21.9977
26.7302
31.2260
31.7781
27.5840
34.0327
27.6615
31.9428
33.5064
28.6268
27.8694
31.3679
29.7026
25.8506
25.7507
26.6118
28.7804
27.0555
27.5463
32.8702
29.0454
26.7280
29.5388
25.4442
27.8044
28.6993
34.9425
23.9763
31.8107
19.9945
31.7717
30.4172
29.7058
29.7086
22.4884
33.1134
28.6626
24.1783
25.0764
34.1521
31.9119
27.6338
29.3888
30.8115
26.5233
35.9434
27.8958
26.0577
28.3848
25.6094
28.8328
30.0923
31.2543
30.5115
30.3054
31.8227
30.4881
32.5335
33.9536
34.5957
35.4816
32.0475
27.5231
30.5870
36.0743
26.5777
33.1286
31.6372
25.5525
34.6650
21.5662
30.3737
29.6112
28.0804
31.0832
29.6167
29.1723
25.1115
27.4964
27.3594
29.4764
26.3575
25.6361
25.5337
26.7982
24.6695
25.5821
29.4082
25.9642
24.1091
30.0635
32.4569
30.0333
33.0212
29.3251
26.6123
34.6807
25.4449
26.6767
27.5894
29.7037
27.5573
25.4932
30.8295
33.5290
27.8842
29.2950
34.7414
27.4597
29.0228
25.0840
28.3861
26.5920
33.2271
24.9339
31.4758
25.7463
31.2230
20.1971
31.9996
29.8903
30.2791
31.4462
29.4947
31.1482
36.8077
29.8581
25.3969
28.9924
26.1447
30.9186
35.0211
29.2247
32.7084
31.8682
34.1280
26.0914
37.6707
30.3557
22.2425
25.3724
26.7458
21.8773
27.7563
27.6399
27.4138
26.6103
27.0571
29.9576
27.6425
26.4749
32.2347
37.1620
29.6086
27.9793
34.6082
27.7155
30.6926
25.9180
31.1203
34.1128
34.9887
28.6020
35.5025
24.7506
30.5881
28.5496
26.8373
30.8719
27.9560
27.6310
20.6152
26.7614
22.1899
26.0410
26.7451
37.3705
26.1227
30.2618
35.2678
31.2547
24.1811
25.5926
28.3723
24.5769
30.5578
25.8799
28.8281
26.0834
29.4927
31.0994
22.5071
27.5982
28.7389
32.2834
29.1370
25.0557
25.3984
30.7610
32.0270
28.4126
33.3788
29.8474
30.8395
35.7973
20.5405
28.6252
32.5259
28.4051
29.2631
31.4284
26.5491
29.9256
33.0854
31.8793
35.2538
28.4473
30.5100
24.8101
27.6995
31.7396
27.6260
28.9437
34.5652
35.6859
32.9075
34.5772
25.2159
33.5423
29.8830
24.1730
31.1048
23.9078
32.9105
29.5003
28.2140
29.0481
36.1105
32.5018
27.0457
21.1356
31.8633
32.0899
33.3017
28.1039
27.2918
22.7499
27.7082
31.8345
28.9274
32.3235
26.1236
27.3081
29.1651
29.1531
25.6308
29.2151
25.3102
26.7062
36.5277
29.7358
30.5829
30.2438
28.1669
20.9810
23.3631
32.1606
32.1573
32.0535
28.8749
27.2986
26.8260
28.9985
21.0532
28.2167
24.6577
28.0437
31.7410
32.4439
28.1552
27.8080
33.0388
29.8938
30.6294
27.6399
30.7263
31.7884
29.3125
25.0005
35.2119
28.8703
35.1305
24.5279
30.0101
33.8044
32.4650
33.0647
23.1766
27.2144
27.2355
40.1278
28.7642
32.1331
24.3447
36.0160
33.8835
26.5805
23.5132
21.8464
25.4360
24.5350
27.8179
27.3067
29.1096
30.0843
31.0553
26.1856
27.6452
24.4066
32.1572
24.9201
26.4948
23.1515
24.2877
29.1077
27.1673
33.8296
24.2545
28.2118
29.3950
29.4946
31.6641
36.5133
23.1570
32.7593
22.8740
30.4687
34.4711
30.0343
27.4579
30.4971
32.1696
27.4370
24.3413
31.8553
24.9213
24.9795
27.6104
31.2282
33.6195
33.4546
34.3453
35.2837
27.4639
34.2082
28.7683
29.5261
29.8819
33.4907
30.7444
28.4896
31.6818
31.8266
30.9417
24.9554
26.3719
26.5293
31.5429
28.1456
28.3900
32.3250
34.8915
24.2408
23.9049
25.6810
28.5223
30.3975
33.2840
30.3956
33.1167
27.3134
30.9695
30.8279
21.5542
26.8537
26.3522
27.9827
31.0369
28.0285
30.9461
28.1942
25.1009
24.9687
23.4938
25.6450
28.9820
27.8032
25.8740
23.1242
33.2374
26.0755
27.4015
29.3344
30.5827
24.0058
27.4813
33.9659
32.8616
34.4058
32.1179
29.4882
28.5729
21.7359
32.8555
22.7204
29.2716
27.8600
26.8587
25.8848
27.7311
26.6412
26.3806
32.1606
28.2926
28.0048
35.8392
28.8357
23.5152
31.5125
24.2415
27.5790
33.1966
34.4331
26.3021
28.0924
20.6663
28.9960
31.8479
32.4846
33.9580
36.3929
24.6140
32.3516
30.8258
31.2046
25.2013
27.3384
27.0511
25.1573
34.1081
29.3280
30.1178
30.3493
32.6503
34.8073
31.5505
23.7731
27.8061
36.4635
31.9677
23.7285
22.8775
21.4813
21.4960
24.3843
31.2500
29.7520
33.7004
32.6771
32.1384
29.7345
33.5863
27.4400
32.4734
29.2542
31.9834
28.4711
26.1376
25.4022
28.0617
29.0600
29.2481
27.8527
27.7000
28.6653
32.9754
32.5520
28.0247
28.3569
27.5241
25.8359
29.5108
27.4176
27.7246
23.7716
33.2299
26.7145
27.8116
26.3662
28.4306
28.8222
28.7759
32.6587
26.7977
31.9184
36.6681
28.3921
34.0454
31.3550
22.9817
33.6203
28.1133
32.5304
30.7208
28.1984
28.1449
33.2210
25.6649
29.9083
27.3075
32.5941
30.4902
31.2531
31.2080
28.3227
31.0269
27.2083
30.1285
30.0059
28.2181
26.8046
27.6434
35.3423
25.0889
27.5206
28.2391
27.0920
25.3969
27.2064
33.9869
27.5395
29.4374
30.2789
23.9652
24.1585
32.9900
28.3052
20.6328
27.4094
26.3390
27.6878
23.7286
24.0621
29.7910
25.9649
27.2887
31.1782
29.3625
24.7242
31.1952
23.8720
30.1536
28.1198
31.2034
27.6787
30.1365
29.1860
32.4844
35.8857
32.7394
25.4988
22.0290
27.4530
31.8979
23.7436
32.1235
32.4409
28.4832
21.5498
22.5344
27.7966
30.2404
28.2664
31.8739
25.4811
28.3301
31.8905
25.4086
25.2619
32.9916
32.6160
24.2223
24.8745
29.3376
29.4115
29.2877
30.8632
26.3268
26.2405
26.8407
37.8082
33.7707
27.0744
28.4811
25.6480
30.0748
21.1870
25.9305
34.6550
30.8160
29.1876
21.4607
34.1796
24.4625
29.7752
35.6751
29.1341
26.7085
29.2463
25.9044
29.7902
30.6360
24.4696
28.9838
29.7341
26.7743
29.1017
24.3176
27.2250
24.8101
31.9607
32.4479
32.6244
27.1903
25.3906
32.7071
30.4817
32.5261
32.6487
24.3310
31.1919
25.1209
34.2834
30.5517
30.0211
29.7339
20.3539
25.0153
30.8892
29.8850
28.9695
24.1278
25.9384
28.1696
26.2096
31.0226
33.0895
26.6359
32.3124
26.5706
36.4220
27.6289
32.0209
29.5205
34.3991
29.1609
30.2406
25.9850
28.8490
31.2917
33.1804
28.4660
25.7632
31.8267
33.3423
25.7832
26.6225
22.4232
29.7253
27.4838
32.1963
35.6138
27.9323
26.1426
26.9779
22.1500
28.3087
27.3178
23.1125
25.2615
33.0648
33.5530
29.8645
34.9550
30.0594
25.8156
26.3481
26.2054
32.2439
28.8569
26.8287
26.2929
27.7445
22.9614
32.7014
28.0655
33.0735
35.3365
31.2278
25.9643
27.4978
30.2052
27.1458
33.4230
31.8311
36.7931
31.8339
32.9611
24.9951
31.8405
30.9174
26.7490
26.9702
26.4946
28.4798
29.1646
28.7785
29.8186
25.1458
32.6596
28.7916
29.1230
28.6464
27.8653
31.8241
28.7367
31.4932
27.3290
24.2972
33.2932
31.0724
26.7634
31.3685
26.7476
22.9398
19.7470
28.0676
32.3317
31.8830
33.8206
28.0009
30.8516
29.5688
25.0437
29.5609
30.3601
35.6181
28.6050
33.4372
31.4561
30.8117
26.0432
23.9754
23.4803
30.4917
26.8479
27.7613
31.9716
34.4926
28.1169
31.8577
30.3263
29.6560
31.8373
28.9995
22.0199
31.4731
24.0391
27.1225
27.6405
27.9120
35.1692
22.4983
19.8865
28.9797
24.6000
31.0789
35.2753
29.2692
29.1310
25.9585
31.8436
28.2257
30.4097
27.0067
27.8886
26.3644
21.4046
27.0038
25.7312
30.9988
25.5910
27.7132
30.1995
29.3587
30.4030
29.5664
24.8001
25.4071
25.3513
30.5471
33.9575
24.5628
28.8569
28.3478
23.6378
32.8374
32.3861
34.4258
31.6377
25.9205
31.0632
24.1222
28.8669
22.0569
26.5164
20.7604
24.8230
23.4581
34.0376
32.4156
32.5615
34.2376
24.6543
33.7852
33.1338
28.5862
21.0501
24.5796
29.3997
30.6559
24.8432
20.9161
33.5838
26.7788
29.7403
24.8122
29.3131
24.7276
33.7348
26.7922
34.8136
29.2404
31.1657
26.3283
30.9105
30.1622
25.2849
25.0640
33.2507
25.6353
27.5219
26.7995
25.1091
29.0619
30.0020
28.2559
27.3759
31.1919
28.0572
29.8357
27.4231
33.0883
25.0054
30.8512
25.1054
31.9781
29.2533
25.9759
25.5883
19.6919
30.0260
27.4784
30.0546
29.8520
25.7556
24.1874
25.0779
26.4374
28.1372
29.5800
34.1445
27.7025
32.3368
34.6173
32.8517
24.7488
24.7458
27.4633
25.8400
29.7356
28.4171
34.2717
27.5383
29.8374
31.0441
26.9426
35.1667
29.0250
29.6977
30.8608
27.4403
36.7009
29.8695
29.0517
29.8809
29.5625
28.8767
23.7800
22.5208
32.1542
25.6880
23.7698
26.6052
31.5307
37.5027
35.0681
32.7709
26.8456
26.3215
33.8868
30.2091
27.3420
35.6720
29.9353
25.1080
28.1599
24.7655
30.8495
25.4485
24.8164
24.4904
27.6535
24.9698
24.1944
25.1703
21.3547
22.2712
31.3697
33.4699
29.2699
33.1988
26.1524
27.8940
35.0577
31.6964
30.5059
24.3922
31.4998
25.3775
27.5627
28.7045
31.5954
33.5942
27.0545
31.3163
39.1094
35.2369
30.1502
27.1012
32.8717
29.9502
29.7888
25.6185
25.3526
24.9407
33.0951
25.6743
30.6199
28.6053
33.4985
25.6659
22.6011
28.5632
32.6786
35.6946
33.6576
35.2592
27.6674
29.0207
33.5631
27.6546
25.8837
34.9828
29.6290
25.0107
26.7305
27.6342
26.1687
30.2241
30.3337
25.7851
26.4745
33.2244
25.1307
33.7686
31.7793
24.7059
26.3553
31.2436
26.5738
28.7342
30.8406
31.9982
30.1204
28.7975
32.0330
30.0212
29.2440
26.3369
31.7206
21.5448
31.8986
31.4881
30.2509
32.2944
31.4159
27.5626
27.9937
26.0060
25.7502
31.1568
27.6645
33.9391
25.8443
22.1939
32.4125
27.6782
21.7334
23.9714
30.0939
34.0540
29.9849
30.5090
25.2777
32.1219
29.6330
27.2666
31.1173
35.0019
30.4832
25.1822
32.4542
30.6151
22.9355
28.3867
26.1783
27.1556
32.8510
24.0516
30.2755
22.8457
29.0488
30.7400
29.9987
22.5976
33.8589
26.1845
34.3893
34.4084
26.4509
29.9921
29.2060
32.5385
31.4234
35.8071
31.4304
30.5843
33.0053
30.4922
23.6757
29.6785
23.0156
22.7210
33.1953
35.2407
28.7779
28.1495
35.2913
31.2538
26.7208
24.7624
27.5008
27.3931
26.3088
22.9859
28.4045
23.2701
26.4878
26.2491
26.8206
25.8701
28.2400
29.9077
29.1476
32.8084
30.5760
36.0915
28.2462
29.1602
28.6374
31.0209
27.5845
23.3396
26.1974
30.0452
29.8043
25.1262
31.4052
26.0204
21.7219
26.1140
27.7071
28.3842
27.1928
27.2104
25.5598
22.5954
25.1802
28.9009
26.8498
31.7754
30.2214
34.4116
28.2345
23.3889
27.1138
29.8888
33.2972
26.6936
25.0804
33.9529
28.5200
25.1796
26.3428
33.5275
33.1358
28.7413
28.9910
27.3387
29.4697
28.2755
32.6836
31.2340
30.2632
21.8030
29.2247
30.8465
30.4384
26.9474
33.3817
28.0528
29.4100
34.2164
30.2248
33.5823
24.9403
31.0808
32.5305
34.0778
31.6940
30.6969
25.3110
25.4102
24.8034
27.4742
27.8991
28.8693
22.0193
27.2174
27.4575
34.5793
30.9950
29.4722
30.7955
27.6535
24.9107
27.3689
26.5464
27.2110
27.3914
23.6363
28.9524
26.9004
32.1184
29.4698
34.9412
28.2915
32.2223
30.8558
30.2617
25.8506
31.0881
25.2529
28.9996
29.8495
33.8946
28.0443
30.4069
32.2057
28.3960
34.7520
31.3352
25.5057
30.6465
29.8077
30.4297
29.8562
29.5130
32.6016
25.0685
27.9181
27.2310
28.0107
34.4933
26.3483
29.8049
30.7557
36.2370
29.2176
28.4104
31.8154
28.6879
31.3474
32.3378
31.8404
28.6907
27.6780
31.2165
27.4403
24.8574
24.0723
29.9328
25.7396
23.6031
29.9714
27.1834
26.7094
24.9560
27.4253
31.5299
22.7376
26.0504
31.5654
31.9977
33.5148
24.8381
32.9179
27.1597
28.6084
35.3943
34.8928
24.0377
31.7520
30.0996
34.6675
33.3603
28.8977
37.6570
29.1352
25.0621
32.7686
31.1086
30.9736
31.1401
30.0201
21.8835
24.5944
29.2802
26.4868
27.5043
36.0336
28.8193
33.1224
31.0578
31.5287
30.4536
24.8338
26.4448
32.0149
30.4049
20.8370
30.8252
22.8256
29.8072
25.9415
28.3215
23.0176
25.9896
28.2859
28.3989
35.8957
32.6380
34.1774
29.9095
33.3077
30.0738
37.5473
29.1438
30.1319
26.5214
36.3432
25.7703
34.3643
31.7290
30.5485
31.9652
31.2065
30.9215
33.9389
34.3097
24.5784
23.2566
34.9947
30.3762
24.1762
26.5681
26.3751
31.0459
26.7937
31.2042
24.8312
22.1872
31.1752
26.3292
29.0444
20.9878
23.1181
22.8191
28.9835
24.8000
24.8042
30.6188
30.3320
28.9360
29.6466
22.6863
29.5686
30.8265
26.6233
29.2860
30.5306
29.4247
32.5046
27.5885
29.7564
27.5656
35.8141
32.8818
31.7787
32.2209
32.8152
25.7457
27.7204
29.3358
27.2856
28.6290
31.1960
26.1981
34.1792
34.1483
28.2578
31.6904
26.4840
28.1482
26.1941
24.5366
33.8888
31.9867
36.8865
30.4412
38.1398
29.0775
30.9232
26.6206
29.0617
30.9225
21.9635
27.6156
26.2768
27.6157
34.6487
20.9172
30.8379
28.1317
26.8722
32.9405
26.1790
33.6253
30.7449
33.4619
22.0573
21.0181
28.2213
27.1967
30.2901
35.0792
27.1325
28.9807
27.6333
22.4127
32.8593
28.9455
23.9548
27.9908
35.3667
28.5619
35.3296
27.4009
27.5698
32.8453
24.9125
30.2493
28.2895
32.0729
35.5298
25.2315
30.0401
33.8324
28.9779
31.5728
30.5716
28.6844
30.1070
27.9060
27.7634
22.5185
29.7550
31.8781
27.3623
28.2282
27.3036
22.8106
32.0572
28.4243
23.9587
29.1727
31.1056
33.0564
26.5218
32.1406
29.5451
31.4958
18.9245
28.7519
31.5743
27.1365
29.6935
28.2973
23.3949
23.0436
25.9200
29.4591
28.0249
32.0192
30.2304
35.2841
29.0594
25.6216
33.6677
29.4482
30.8341
23.0585
27.5777
35.3351
31.8165
28.7776
32.0612
33.3049
30.0296
23.7079
31.8030
28.8286
32.4855
26.1383
30.1449
27.2926
31.4437
28.7767
27.4348
26.8252
27.5391
24.5390
29.9589
26.6992
21.2761
31.0776
29.3009
26.7499
29.2596
27.4409
24.8419
29.8355
26.4190
26.1960
28.4688
33.7644
27.5094
30.0436
31.9468
32.3568
28.4964
24.5509
23.9389
27.9904
24.9219
26.2508
30.8355
31.4823
34.1393
32.5748
27.7902
29.7057
26.9833
26.9960
35.0420
24.9100
25.5194
26.1898
26.5586
31.9658
22.1241
29.2292
34.0775
29.7628
24.8641
25.0220
30.3165
28.7415
25.2570
31.2885
27.9432
21.7319
24.1942
28.6850
23.1394
26.4672
33.0296
31.2916
28.2812
25.5761
27.3678
27.1334
25.4797
24.4161
28.6709
32.8486
27.1816
29.7521
28.0279
22.8976
29.5982
28.1656
23.1328
29.3303
32.4890
33.2109
30.9645
23.2004
29.3017
28.1300
31.9386
28.0914
31.1612
24.7430
31.7356
34.5899
24.2629
29.8223
33.0869
29.3367
34.4232
19.8762
30.0136
32.9019
29.7321
31.4383
31.3022
26.9028
29.2880
32.3102
30.9771
24.9552
33.4440
27.6436
26.6568
31.0480
34.3508
29.2847
28.7415
30.0809
35.1814
29.6003
33.2141
28.5240
24.7058
34.1235
31.3920
33.1857
31.2680
27.7197
31.4564
26.6419
24.6787
30.9106
36.8664
30.8322
32.8168
28.9531
29.8668
28.4786
25.6616
29.0867
31.6420
33.6113
29.7476
26.9046
26.4762
27.3438
27.9404
29.3445
35.6030
33.4391
25.7310
32.4367
30.6179
32.9702
22.9544
34.7448
30.0449
27.1577
25.3237
31.4089
28.1904
32.0278
36.6755
32.6980
24.2301
27.8441
32.8843
23.2769
33.0525
28.1397
26.4915
29.0727
29.3414
24.3202
30.0453
29.5789
30.0788
29.8032
26.2345
30.9508
23.6627
36.5410
27.0943
32.5475
23.8734
29.9207
32.5462
27.4120
31.1806
31.6424
27.7325
26.7651
34.3445
28.0610
38.8885
33.6470
31.2775
26.3299
33.7955
25.9809
31.4739
31.8615
34.5496
36.9447
30.2325
31.3472
32.9961
33.8935
27.4732
30.4733
30.2476
28.1404
29.3012
28.6025
32.2068
25.1986
27.5869
28.9706
28.2356
26.8303
29.2872
22.9843
28.5471
23.8038
30.7733
31.2368
25.4735
33.0260
32.1583
28.5260
38.1000
34.5361
26.8897
26.4648
33.5791
36.1342
36.4706
25.0908
28.0353
27.5185
28.2543
25.5637
30.2578
25.0412
28.1401
25.9407
24.6022
27.6696
29.5702
25.9601
27.3055
26.0026
23.6104
30.5902
33.8700
28.4308
21.8412
29.0647
28.6620
29.1000
27.6018
34.7502
29.0322
29.6809
30.3927
31.0521
39.3086
27.5456
30.2572
21.8457
30.0248
21.5647
31.7098
28.6957
30.5184
24.8164
24.7294
29.9674
30.9017
31.7416
26.2566
33.1260
31.6405
26.2515
33.7444
31.7262
31.8476
33.3425
33.8431
32.8912
28.7689
33.6182
33.5654
35.9820
34.1060
28.7837
26.7237
28.1824
25.3726
32.0625
24.8707
26.6753
32.6480
27.2889
32.8531
28.4137
25.9149
29.5112
33.2306
23.4921
23.4444
25.9502
30.3403
28.7930
33.0542
24.6956
25.8649
33.5563
30.5066
24.9842
20.8782
34.0010
28.6802
24.4584
25.1376
24.2864
27.5863
32.3551
32.5990
25.7189
23.9017
31.6188
25.4505
31.9732
28.8167
35.0334
33.8878
31.5543
29.0604
28.2293
26.4989
30.1447
25.5092
29.6844
27.5825
26.7850
31.8853
27.7083
32.6790
28.4030
25.5300
27.0238
25.0053
31.9691
25.1780
27.9729
22.3171
27.9679
33.2563
29.3687
29.2495
23.8743
24.8915
24.5578
26.8760
26.7380
36.6899
29.2962
29.0455
35.5664
33.8672
26.4309
30.1454
30.7522
29.8193
37.2452
39.3045
32.4877
25.2693
36.3695
29.4116
28.3098
30.2110
28.6270
23.9117
29.3074
22.9165
28.0643
29.0236
28.6657
26.6363
32.2103
26.4535
33.4239
31.2327
26.6309
22.5498
28.0220
36.9536
21.7887
28.6400
27.3767
30.3979
31.9339
29.8996
29.1417
28.9539
26.8784
34.1146
32.5609
37.8343
25.3760
29.0117
25.9468
32.4540
31.8862
30.5302
28.8671
25.9018
24.8632
34.4304
34.4630
24.1222
32.3069
35.0164
23.5532
24.5784
30.5256
32.5908
33.0170
28.1388
22.4390
28.7015
32.1162
29.5426
31.1780
32.8905
33.9586
25.6611
27.8492
24.1176
27.8169
29.6383
28.6494
34.2680
31.8875
34.9086
35.8186
30.2914
29.6315
28.2377
30.6843
28.6806
32.9738
26.5332
27.6746
25.7047
26.7102
26.2316
23.6065
