Orientation_Correlation_Function
0.6071783784828901
0.3679621547102717
0.20874305351468744
0.11417628396874946
0.06316957133162812
0.037561936844656266
0.02582996552108217
0.020645702384526447
0.01767093786255654
0.01551753460143067
0.013017644239236239
0.01127122660910627
0.009505160604637786
0.0081248926464868
0.006390132325812107
0.004828433321027945
0.0034673841700806588
0.0024172081869375446
0.0019488033481164652
0.0016839888004581735
0.0011366199711917821
0.0005457978362629365
6.0101359188071606e-05
-0.00011438913690002664
-6.342361352988519e-05
-7.634856516388633e-05
-0.00015280701789442295
-0.00011063700697850435
0.0
0.0
Avg P-P distance: 5.468450849875256
