29.4017
26.8473
32.1820
30.1423
27.5765
27.8775
31.5552
22.3548
29.2400
32.5230
30.3196
25.0002
27.3191
24.8334
24.2976
27.6068
36.3782
28.2678
35.6970
30.0735
33.8131
25.3323
33.8218
27.0927
28.0306
33.9738
31.5460
24.5388
26.7913
26.8449
34.8287
31.4697
29.2592
25.7259
22.4000
29.8874
27.9727
30.6668
33.0383
24.2037
30.5426
31.7048
25.4910
26.4011
28.7851
24.2944
26.8810
37.5720
34.1493
29.6778
22.7782
27.5485
26.3143
28.5668
28.8753
25.4557
28.1898
30.4859
29.6942
26.8069
32.3338
35.0257
29.7782
32.1144
25.8861
32.5955
29.1101
25.4583
25.6056
34.1296
28.5630
28.9701
28.3596
34.1351
29.4559
36.0923
35.1304
30.6206
31.3726
24.3399
34.1673
22.1024
26.7043
29.0252
27.1352
28.1328
27.9751
23.8258
29.2739
30.1599
28.4949
28.2786
29.6059
30.1094
32.8449
32.8040
26.5184
26.9845
28.5509
32.1876
28.2120
24.9502
22.3648
28.3215
29.5550
32.7048
32.1031
27.8897
37.7068
27.5976
29.1553
28.1207
30.2001
26.5394
30.6401
29.3473
30.4217
26.4345
26.2169
31.5476
32.0814
29.1986
28.5823
27.4791
26.9248
30.3781
33.3126
21.2735
25.0657
29.1857
24.4495
35.4222
24.0034
26.8946
33.9121
35.1483
25.5088
30.7426
24.8416
27.8457
38.7235
25.7295
26.1594
27.0575
23.1507
26.3715
27.2275
25.2678
34.9049
33.0271
29.9815
29.9997
29.6767
31.9504
29.7003
29.2282
25.5892
24.3745
24.7495
35.1552
25.3065
34.0753
27.7445
26.9316
32.3233
22.6189
27.3338
29.1009
24.2288
31.9672
32.9370
31.2702
36.1802
28.0477
28.1195
28.6788
26.1280
32.5194
35.6266
25.6348
28.7259
29.2225
34.9256
22.9879
27.3410
25.5883
34.8352
37.6987
33.2153
29.7009
35.9033
30.6927
33.1266
32.3202
31.6209
28.3602
31.6058
27.9247
27.7854
28.1993
29.3245
32.0749
30.0235
28.6337
28.7634
29.3924
30.0026
25.0139
30.3892
30.9710
25.4272
33.5466
31.4212
31.2237
30.4740
31.9812
36.0678
31.5272
29.8254
30.8761
24.9342
30.7155
31.8332
30.0800
29.7980
32.5438
28.5326
26.8242
29.0878
29.7684
30.7880
33.7158
30.7595
22.0639
18.4530
27.8297
33.0680
32.4898
25.3187
30.7588
23.9394
23.1872
23.0499
28.9799
28.5965
28.0553
22.5052
24.6993
21.6224
33.3767
28.7921
32.6727
28.6397
28.1534
23.6233
23.1808
24.9714
34.6635
32.9219
26.1302
22.7350
29.2388
26.5747
33.0653
33.9672
30.0001
31.8550
30.3181
27.7599
33.7379
33.4652
31.2174
24.2218
34.0207
33.3261
32.9449
30.3541
31.3067
26.2009
24.9015
26.6729
30.7696
29.2775
29.0357
29.8660
23.9495
30.6067
29.9062
31.7545
26.7354
31.4471
25.1377
34.1584
31.9126
27.2464
26.6398
31.5444
26.5375
25.5381
32.9169
26.5863
30.8951
27.4059
28.4994
27.8586
28.9158
25.9856
31.8243
30.1888
34.3014
25.6722
26.9478
30.4911
30.6705
26.2241
30.9249
32.9229
32.9072
34.3023
24.9040
31.8800
31.7425
27.0229
33.1227
26.6739
35.9148
31.5792
26.1075
30.1384
31.4323
32.7333
25.5595
30.3944
24.9961
27.5758
30.0628
26.2560
31.6752
29.1308
34.8652
26.3724
28.3844
28.4341
33.9710
30.0906
23.8082
26.0023
27.8182
30.5601
32.8718
32.8308
26.6966
31.5609
28.7491
27.6794
31.6264
30.6064
28.4105
25.1442
26.5047
21.6033
24.7284
31.7855
35.2420
24.4256
35.2416
32.2030
25.8993
23.0215
26.9734
32.3460
28.3397
30.5560
35.3686
32.6713
21.6594
30.7022
24.7194
26.1029
28.1325
24.5212
34.8130
27.6025
20.1690
28.3160
29.4228
32.2432
24.5184
25.4140
37.4118
24.9371
27.6919
23.4053
30.0487
30.8084
30.7706
22.4125
29.4938
30.7102
34.5430
24.1168
31.4277
29.4873
31.6753
28.3887
33.6238
32.7379
27.9524
31.0696
27.5563
25.0329
34.2624
25.8964
26.5617
27.7541
33.3521
28.8339
35.4008
31.5307
28.8607
32.8651
27.4475
36.0348
28.4724
27.0640
29.9697
32.4740
30.1033
22.0319
23.6497
27.2937
30.3804
26.9094
34.2121
34.0589
29.6440
24.0112
34.7760
31.4725
31.0562
24.5081
26.3086
25.8972
29.0923
22.0876
29.0128
31.1181
31.1508
31.3188
20.7690
28.2056
24.1005
33.2706
31.2866
28.0041
24.9508
29.6498
35.0023
27.3360
30.2077
29.7482
34.9283
29.6863
31.2660
24.4713
29.0799
25.9718
30.0222
35.7857
33.2936
27.8033
32.7371
29.1321
30.9931
25.1406
32.9778
34.2594
26.5980
30.8200
31.2329
30.8216
28.5496
26.9223
32.9915
32.2982
32.0151
25.5327
34.6465
29.2214
29.9684
25.2620
24.7751
33.7698
32.3627
24.6055
32.1643
23.2496
30.2171
38.6619
38.3327
29.5297
27.9820
23.8590
24.9058
30.9077
29.3794
24.2935
32.9722
25.5311
28.4738
23.0334
27.4715
24.4675
26.3397
27.6024
30.8214
24.6373
26.6570
32.6724
35.9997
34.5781
27.4950
32.7995
25.6318
33.3208
31.3333
26.9370
24.8595
34.0400
30.3423
22.7566
30.2010
29.9562
32.9901
26.6541
30.1255
27.5128
29.9475
32.0877
26.9467
29.5857
24.7680
35.1569
32.3911
23.9962
31.0081
28.4232
30.4495
33.6068
24.7775
32.5867
29.4833
26.8029
26.5877
32.7695
31.2392
24.8195
29.9089
29.2801
26.1760
24.6455
29.1447
29.0579
31.2857
27.6706
26.8057
26.7927
32.8393
28.8314
31.9981
29.3340
30.6484
25.7049
35.3073
25.0906
31.0844
26.0644
34.6786
33.0216
28.1430
31.8566
36.3395
35.2913
30.8149
23.3955
31.6054
32.9002
33.0757
29.3448
33.6556
29.9050
34.0944
34.4621
30.4596
35.1352
24.8854
32.6325
29.5403
28.4667
28.3411
33.3879
22.6142
20.6376
31.9390
34.8939
30.5607
24.4302
28.6170
32.0175
30.7231
33.6334
30.0423
31.9454
33.8730
23.6521
21.0380
27.6867
31.0356
26.2082
32.0769
32.7540
30.6623
31.6923
28.4131
28.3969
30.2831
27.0592
30.9302
25.9186
28.5096
27.3872
30.8210
30.8547
29.4427
32.6571
30.3265
28.2211
29.3046
31.4107
24.6824
39.7136
28.0403
27.6134
31.6440
26.5215
32.4026
29.5584
19.8046
27.0224
27.5397
28.2589
23.7034
28.3206
37.1268
25.5934
31.1349
31.5338
29.8491
25.4799
24.7214
30.8861
27.3830
27.7933
27.4389
27.8388
23.6897
32.8169
29.5700
29.2760
30.3392
33.1413
32.8369
30.1771
25.7538
30.4961
29.2951
27.8354
35.3377
24.2373
28.6061
32.0345
29.1456
24.3020
29.8446
28.4398
28.1881
25.6913
26.5233
24.9079
30.2247
27.0867
27.0085
29.3718
34.2109
27.3052
32.9543
30.2466
31.5160
28.3420
32.3121
32.6671
26.3164
26.9538
27.6289
26.4449
31.4882
20.7810
25.3513
28.4117
31.2557
31.1982
32.9774
35.5447
24.2032
28.9612
28.6926
31.3109
27.4294
30.4094
29.1043
32.2854
27.1045
26.1352
33.6154
22.3091
28.2762
29.8530
25.7699
34.3683
33.0208
27.6948
27.8935
22.7300
28.2103
25.2921
30.0016
30.0642
37.1787
23.2382
36.3170
28.8920
30.3192
28.8241
28.9095
30.8103
30.0819
37.9607
22.9981
30.2554
30.9787
37.9254
33.4883
35.6627
29.4988
32.0500
30.6919
30.0280
31.9906
29.4468
27.9283
27.7809
31.7037
33.7803
25.0559
31.9478
29.1160
29.4440
38.5743
26.9726
23.7964
28.8043
29.6223
31.7229
29.9477
30.4510
23.4571
33.8453
27.5223
26.8474
21.5713
32.2027
34.4506
25.4425
27.9178
27.9019
31.4991
26.5571
29.2719
27.0549
30.7780
31.1764
32.7755
35.0772
22.0366
26.4879
26.5735
30.1365
24.1024
27.7335
39.4943
33.3665
29.0372
23.8662
30.3617
32.6133
30.5058
32.2530
18.8363
29.0384
33.7949
23.6905
33.4502
27.8916
28.8758
31.6766
30.9782
31.4899
32.4026
33.9516
29.7737
30.0641
32.8412
29.1592
30.2717
32.0975
28.9470
39.3005
28.6019
30.9694
26.9830
29.6861
33.3311
24.6938
29.7080
28.1245
25.1244
25.5890
30.5866
31.3367
30.6575
34.7510
36.6650
32.1246
33.1409
32.5675
32.2008
24.1678
22.4617
26.6355
29.5246
19.7989
23.9995
24.9387
27.5673
22.4701
29.6373
31.2865
32.6916
25.7697
31.9838
31.0025
32.0853
33.7944
26.5184
28.7063
23.1078
28.1165
23.6584
28.3977
32.0516
27.8840
23.1194
22.4596
25.8312
30.1321
28.4347
27.8987
26.3079
29.4904
28.1082
29.5605
35.3259
28.5165
32.7192
22.8297
24.1174
33.8101
32.8958
30.0540
27.1929
27.2518
32.0339
29.8264
31.4856
26.7759
24.5592
30.8292
30.5401
24.0783
23.9575
33.5711
26.1758
27.2496
26.0281
31.4357
30.9101
32.8458
26.4144
34.2353
31.2060
27.3480
25.8477
28.9855
28.8191
27.7834
28.6197
32.4991
28.2269
34.3563
29.2917
31.9967
28.8748
28.0278
30.3087
32.1739
27.8871
26.7082
24.1577
32.6291
30.8545
28.8407
27.1850
26.9882
30.8034
35.9140
27.5173
29.8891
29.7698
26.1913
24.2456
27.9450
30.1338
34.5390
36.6377
26.6510
25.4437
35.0412
31.7390
31.3728
24.6665
24.8575
25.0698
30.8792
35.1286
25.2713
35.2949
28.5278
22.7934
25.9080
27.9555
33.8195
34.7147
29.8107
28.5796
27.9418
33.6432
34.1036
25.9886
25.5999
24.0440
28.2320
27.7006
28.9976
32.6152
30.6937
35.4406
29.9312
28.6664
32.0127
26.4621
26.8718
31.7059
30.8400
30.0252
28.3242
30.7931
25.6846
31.7669
27.1741
31.1180
25.3683
26.1815
29.7057
18.6976
26.7716
29.6368
32.1117
32.1913
24.4473
29.3866
30.7507
35.5937
34.5304
29.3328
28.0117
25.3255
30.6847
25.4346
29.9218
32.7560
31.7770
27.1640
31.5074
31.8512
28.7397
30.2376
34.6249
30.4211
31.3914
23.7846
28.9359
34.6844
34.2267
28.4194
29.1674
29.8486
24.0832
27.9349
26.3629
26.0144
28.2326
29.3090
27.3013
37.2815
35.9227
28.8699
27.0754
27.7481
29.0648
25.3512
35.5317
25.1802
31.5475
27.8880
33.1577
33.2817
25.6424
24.6132
22.1933
26.7810
27.1059
20.6365
29.7469
33.3899
29.0623
33.8727
31.2377
32.5117
29.2870
32.4582
30.6694
30.3380
25.1081
30.4623
27.0203
30.6401
23.3380
24.8674
24.9160
29.8609
33.6483
26.8487
24.5230
27.9618
29.8552
29.8047
28.6931
32.2260
25.0816
26.3182
37.3642
27.2216
26.8048
33.3708
32.5466
32.9435
29.4541
34.4644
31.1209
29.0890
28.7213
26.8646
28.8969
27.9710
25.4669
27.4402
29.8733
33.4374
29.2684
24.4639
34.6156
27.9922
26.8270
24.2960
23.4279
28.4255
30.9561
26.1352
26.3314
24.2042
32.0528
30.8975
28.3334
32.0972
26.8450
28.4435
27.4029
26.6003
33.9375
33.5160
27.3049
22.4356
29.8213
27.7112
31.3246
29.0714
32.0081
30.6709
30.7475
27.8015
27.4528
34.8058
24.3262
28.5593
25.1419
24.1071
28.7320
34.1235
30.8955
30.4962
29.2351
29.9487
19.6466
34.0566
24.0812
30.1277
31.3875
28.3399
29.1058
27.8431
31.2021
34.2758
29.6720
31.2539
36.2895
35.2872
24.8372
23.6877
29.7108
22.6926
30.0440
24.8512
32.0504
30.6322
28.5993
23.7238
32.8944
31.8903
27.1185
22.4964
29.2418
31.9297
27.2967
27.1438
26.9021
30.7362
30.5329
30.6316
28.9619
33.1108
28.5532
33.4847
28.1642
29.7894
30.6430
33.1230
33.0214
32.7924
31.7295
30.5280
26.6222
28.8357
28.0123
34.1146
26.0213
24.6241
27.4151
29.8239
30.7885
28.2077
30.2868
26.3557
24.4596
32.3170
30.7781
30.8911
27.3584
30.0377
27.7578
30.7639
27.2501
36.1697
34.8813
31.1030
30.2527
29.0966
26.3273
32.0443
29.6659
29.4505
20.8683
27.9725
25.4867
30.8715
26.5226
25.7434
36.9076
31.7350
30.8379
27.8308
28.1169
30.6949
28.2555
26.4544
28.7431
30.7920
25.9823
29.0785
25.3222
30.7316
31.1800
29.4937
27.5018
32.5554
35.9722
32.3723
25.6228
29.0951
33.3235
33.1395
32.0701
28.3324
37.2872
30.8308
25.7759
32.7834
36.7149
34.8838
23.8343
29.3197
25.5525
28.4807
25.8371
25.5019
25.3426
26.3094
31.6901
31.1793
24.0605
34.6103
20.9147
26.9236
26.5965
30.9151
25.9431
26.3743
28.2970
31.9457
32.7710
30.2814
36.1208
23.8744
29.0328
31.3524
27.1370
28.3747
36.7470
29.6285
29.2954
27.7197
34.6048
31.9781
35.9904
29.5517
30.7916
27.2203
38.4158
33.6060
25.0937
38.1693
27.9275
34.7498
23.2394
24.4906
27.1649
38.6423
26.6226
32.8522
29.9457
29.0262
21.9009
30.7597
29.4078
27.5691
30.6811
31.1074
28.9060
25.7263
28.9275
30.9011
28.6185
28.6612
26.9759
31.1638
30.3161
27.2853
22.6816
27.5731
29.1803
24.1871
24.9105
29.5089
20.8619
27.5779
33.7821
30.7116
30.6728
30.0466
24.5230
27.9758
29.5935
31.3081
20.8746
26.6308
32.6590
23.6481
34.8240
32.7055
31.9340
27.1406
35.7334
30.0031
28.1214
29.8503
25.9518
34.4897
31.1771
25.0392
28.6255
29.6399
27.6294
30.6153
27.9885
30.8135
22.5744
30.2887
28.1128
25.9192
29.0815
18.9398
28.5938
31.5953
22.1892
31.2473
24.8791
24.5234
24.9575
30.7474
22.0706
30.2597
27.7696
23.0065
28.0366
27.5845
32.5583
27.7672
27.6246
28.4758
31.4138
26.5750
30.3293
30.8858
26.1296
25.5144
31.6358
22.9146
29.2154
33.4862
27.6194
22.1358
32.5885
28.5203
28.3755
21.8805
28.2567
36.6699
25.0769
28.9712
23.2146
27.6146
26.5285
28.1640
29.1512
30.6665
31.3768
31.8334
27.8049
32.3929
34.6140
21.6812
26.2589
32.5878
26.5383
24.4001
27.0732
22.6294
33.0359
32.8931
32.5557
25.9611
24.4484
29.2212
32.5227
26.7187
29.6937
34.6225
29.8746
29.1617
29.3603
29.2124
27.3363
30.5552
34.2820
33.0160
29.3280
28.4464
27.7204
27.2622
24.8896
35.9889
27.2868
30.9727
32.1288
24.4107
32.7196
29.7192
27.4186
30.4505
27.4429
27.1054
24.4545
28.1009
29.4857
31.7489
27.8807
28.6318
25.2261
30.8055
34.1615
27.3343
35.4437
34.9218
37.5462
28.7075
29.1691
31.5755
30.5019
23.4929
30.2440
30.5998
30.8688
31.5773
28.1581
25.7030
21.3184
24.1170
26.6456
27.6509
34.5501
31.8631
32.8515
31.9201
30.8070
33.1568
36.0797
25.6754
22.3042
23.1424
33.1757
27.1767
27.0196
24.7247
27.1890
26.3325
28.6278
28.3620
30.4231
26.9542
32.9145
24.9473
28.5991
24.7586
33.6680
28.0696
29.4731
30.3301
31.7275
26.2174
33.6820
28.6489
27.4029
29.4515
31.5084
33.4822
32.9689
33.6233
27.0188
28.2190
34.4835
30.1756
32.7741
30.2902
28.8312
33.2077
27.3011
30.3252
28.6816
26.1190
29.8931
31.4745
25.7090
24.4890
26.0636
29.9405
27.2617
27.3998
29.8251
30.5936
29.3933
28.8908
24.3236
36.1675
31.2334
26.5196
25.0808
26.8319
24.8921
28.8875
31.8145
27.3816
33.2659
26.4704
25.3914
27.9358
21.9790
28.4958
31.6076
28.0122
32.7260
32.0738
33.4691
27.7352
27.1221
34.2298
18.1197
25.5378
33.9854
30.4278
32.4350
32.7575
28.2339
29.8003
23.5618
30.1861
31.2306
25.1413
32.9028
37.6704
31.2679
32.6156
32.8093
28.6518
34.3521
23.3290
29.5980
29.9761
24.8305
34.5000
26.0266
29.9509
25.3247
26.1671
31.3368
28.6084
28.8741
26.5000
28.6824
30.1958
27.4090
24.1188
30.1395
23.1643
27.2326
25.6091
28.0141
22.3537
29.5644
25.0989
28.7206
32.1262
27.7439
34.0979
23.7638
25.1945
32.5147
27.5828
29.2487
30.8121
23.8050
23.1728
35.1501
34.3390
29.9888
31.2380
29.2128
27.8789
29.0670
34.0725
33.2071
30.5976
33.7400
28.4551
24.9265
29.6955
29.5773
36.5187
26.3270
28.8609
22.6933
35.0313
28.1126
28.0815
28.3861
29.7420
27.6720
35.3901
28.1007
34.6553
28.7817
26.4747
34.3598
29.7641
28.6016
25.2881
24.0224
28.2263
32.3555
27.8514
28.7508
28.4000
22.3515
22.5156
31.0238
33.2211
34.1859
34.0180
33.5287
28.3038
34.4831
27.0317
33.3862
26.8013
33.5528
25.5141
34.1595
30.4671
23.8665
25.7420
27.6549
25.4470
28.8646
32.7899
30.2862
29.7246
24.3210
30.0898
29.0840
28.8208
26.3098
26.4588
26.1263
26.5705
30.7448
30.3691
27.3414
30.5393
33.4216
31.8157
25.5880
23.0385
30.8576
27.3037
26.4261
33.0200
31.6613
36.3602
31.1258
23.7833
34.0324
29.4833
27.9730
27.1459
30.1479
26.2374
26.9347
30.0611
30.7942
31.7118
27.3928
31.5497
25.9496
25.2774
28.1340
31.1831
35.8110
30.5824
27.8887
26.5286
28.3967
31.6787
25.6585
35.0152
31.5312
29.4656
31.0893
26.8547
32.1693
26.2829
26.2575
26.4009
26.5709
24.6073
34.8343
31.2712
32.6336
28.0532
34.2241
26.0266
29.2668
26.6332
28.6165
27.0329
27.8016
29.8578
29.4247
29.2103
27.8046
28.2689
29.2639
39.1588
24.7962
27.8779
23.8379
29.9197
34.9426
27.9633
27.4639
30.6536
30.4552
31.1856
18.9580
33.0026
32.5418
36.8870
29.3740
18.9050
37.7249
32.3714
30.1999
34.4817
25.8985
29.2626
29.5414
35.2242
23.6962
23.6013
24.9830
26.0919
27.1523
25.3070
25.2076
34.7135
24.4870
31.9107
27.2284
33.7199
33.3926
28.1267
31.0086
26.6404
25.6348
25.3357
31.7247
37.7303
29.5300
30.1655
25.7636
26.0940
23.3242
24.1478
30.7470
29.9169
28.6957
25.5923
26.4333
23.1205
26.7168
33.0696
25.4638
35.5234
28.9670
30.0125
27.4996
26.4332
30.5022
30.5440
28.0888
26.5842
28.0751
25.3554
27.7266
23.6514
27.5774
27.8314
27.0388
28.5121
31.7557
30.9643
32.8945
28.9289
32.3384
32.4034
31.1257
33.2990
29.8344
24.2244
33.8564
32.7702
33.4133
28.4581
25.3865
29.8864
33.0342
34.7850
26.3650
33.7792
30.0866
32.2608
29.5090
24.7757
27.6398
28.3255
30.2006
27.7445
29.0901
25.1733
30.8146
29.2841
35.4534
31.4825
32.9394
27.0311
24.6373
27.3953
26.6103
29.1896
32.9119
31.0357
25.0264
32.0542
30.9804
30.3235
25.7101
31.0159
29.5090
33.6850
25.0527
28.9704
28.8879
29.2454
23.2008
32.4760
31.5256
27.1338
28.1902
32.3104
33.0704
33.5233
29.2742
36.5742
24.6203
26.8963
34.0216
32.9220
22.1481
23.9933
26.1860
28.0153
32.9005
32.2004
33.0989
29.2367
29.6938
30.3425
24.9396
32.2192
25.3510
27.0772
30.5287
27.2030
33.2481
25.7898
29.7263
32.6735
27.7688
28.8004
28.8793
27.5894
26.8227
31.9204
23.3299
24.3139
30.1690
33.3240
31.9341
35.8231
29.0474
27.0734
29.0132
28.2969
28.9854
32.6261
32.3678
32.3624
22.3743
26.3311
28.0693
33.8488
22.5456
28.8368
23.3794
29.1049
29.2376
31.0733
25.9341
31.7245
31.5621
31.7265
26.1883
24.9148
24.7182
23.3492
27.6482
27.8513
25.5981
26.2834
25.4422
27.4397
30.1754
24.1068
34.1012
30.6056
35.7511
27.2162
26.7496
28.3944
21.3472
22.1045
29.9711
30.9641
27.6275
34.6877
32.8796
23.9957
29.3466
30.3802
28.0146
26.0660
21.9504
33.5130
27.9913
24.6624
24.7072
38.4126
31.2698
25.1648
30.0853
32.1388
28.4777
36.1571
29.1532
28.3455
25.5445
25.9060
29.4719
31.1243
24.6983
31.4992
35.6299
23.0931
22.3561
28.5816
30.5402
31.2183
30.1699
31.7967
29.9849
28.8532
27.9816
22.3830
30.7304
29.1808
27.5631
34.2261
30.2348
28.4806
37.4187
27.2144
29.5832
27.8096
29.7245
22.7392
27.2809
30.9174
28.6028
33.7708
34.3027
25.2261
30.9870
21.1714
32.4365
30.4492
20.9009
26.4413
31.8760
29.7607
24.2771
26.2642
34.3056
31.0542
34.9900
28.6685
29.0110
22.5043
26.1771
30.5243
31.8978
32.1292
27.7831
26.8009
33.8787
33.3019
27.1744
26.6662
26.7604
30.1402
32.1607
26.9163
27.8013
32.1351
22.9072
29.5531
26.5476
27.9829
30.9426
27.9688
30.5710
30.0781
25.8609
31.5997
27.1355
30.0340
31.3962
29.7558
24.1568
23.4545
28.1795
28.1886
26.1070
28.8169
24.1338
22.4710
22.9137
39.6086
33.2159
29.2927
32.0856
24.0464
29.8711
35.3852
24.9887
26.2270
33.6771
30.1997
28.4572
28.0877
30.2951
26.3988
26.3161
25.4910
30.4408
31.7664
34.8879
23.8205
35.5697
19.8050
35.5620
29.3377
34.4191
36.2896
25.3234
28.5197
27.6081
34.7623
28.5702
35.9887
34.4949
28.6877
33.4825
26.6044
24.6501
26.7760
27.9831
31.0362
24.5328
25.4323
29.9215
33.3077
23.5490
32.0204
34.0461
29.8660
31.1210
31.9608
24.0619
26.6783
31.2059
35.8497
25.4954
26.3787
30.3712
26.4347
34.0710
29.0511
26.9596
24.3705
32.3880
29.7818
24.8464
23.9178
35.2643
32.2399
27.2407
29.0789
31.2938
30.4671
30.4245
34.6544
32.2985
28.7956
31.1630
29.2092
30.2070
25.4241
24.8057
23.3844
23.1424
32.3728
25.2426
24.8492
23.2227
30.2884
31.6196
34.2210
25.5575
28.3932
29.7367
25.4577
27.0207
25.5537
30.7913
26.0702
32.3387
25.6506
27.6549
31.2161
25.0571
29.7607
31.1328
27.5562
33.8875
28.8175
29.0741
25.5273
28.1463
30.5022
30.0221
28.6592
27.4275
29.5352
28.8101
29.4624
23.6873
30.1147
25.2725
31.8054
29.7172
31.6686
27.5750
31.3169
29.1895
26.4409
29.0231
30.9064
29.6281
30.5826
35.4072
28.9038
35.5781
29.7090
34.6151
33.0331
30.8331
35.7141
28.0654
26.2235
29.6364
31.9131
27.1457
30.7370
27.2618
27.7963
32.2278
29.9215
28.1777
24.8308
27.7852
21.3994
29.6527
25.6084
31.9131
29.8710
30.6543
30.2030
23.5053
28.3326
34.4087
23.0440
35.2876
33.5800
30.1176
28.5030
32.6824
30.0216
35.3732
31.8393
28.5179
37.9821
28.8707
30.5690
31.2221
27.6365
24.8062
33.9422
23.8179
31.1717
35.5047
27.0314
28.2876
28.6404
34.5690
24.2137
28.2808
28.7576
24.3102
33.1511
28.4386
35.7639
33.9803
21.4208
28.0551
29.1250
25.9627
25.2474
29.0983
32.5473
30.0335
31.5224
33.1740
27.6755
29.9469
26.9035
33.4053
30.0720
28.9937
26.6983
25.3848
33.8900
26.0941
27.6163
33.3369
31.5290
33.6082
31.8330
27.0637
31.5335
25.9748
28.1783
32.1457
34.4316
27.9043
30.1873
32.6992
36.1464
32.1913
33.7672
27.2688
31.5165
25.1495
25.2198
29.5192
29.8218
26.8754
31.0815
22.7736
33.2736
24.7548
30.8018
27.9193
29.3568
32.6499
24.0450
27.4365
31.5839
28.9283
32.7280
27.8255
32.3302
35.1145
29.5012
26.7067
25.2217
26.9348
32.6613
28.8156
26.1344
31.2610
30.9405
35.7322
27.8809
21.3796
31.5178
30.2971
32.6172
27.6932
27.8849
24.1200
34.7494
29.4643
29.3679
30.8122
32.2959
30.7657
27.7352
25.8564
25.2214
30.6113
32.6923
26.1692
27.3478
33.8419
30.5850
29.2893
34.1984
28.5687
31.1251
32.1929
26.5092
29.4260
25.6319
23.7405
34.2035
34.4384
33.7513
29.9192
34.6067
27.4458
27.8270
29.8378
30.2067
28.8256
32.4415
33.2534
25.1989
29.3434
25.7016
29.8340
33.6847
27.2390
32.4959
26.0605
32.6327
24.2846
34.0267
29.1389
29.9466
29.2918
29.9880
25.7115
28.6725
28.4176
28.2312
26.5935
29.5042
31.6508
29.9579
27.0694
27.1468
31.2721
32.8622
29.2294
30.4150
36.0172
29.5296
31.0447
28.8273
30.0567
28.9950
31.3122
29.9318
30.4581
36.8903
25.8725
24.1406
27.2872
35.6358
20.2197
32.9275
27.6613
29.1983
27.8857
22.7490
30.7455
28.0541
27.1771
31.1654
27.2335
34.7624
32.0027
31.1127
32.1206
22.9118
21.8558
35.4449
24.1769
34.7479
33.9443
24.4399
26.4548
36.8402
37.2874
29.7099
24.9155
29.0630
27.8606
31.4844
29.7393
21.7725
30.3013
29.3882
30.8932
31.3314
30.8080
33.2005
30.9001
24.9866
23.0967
23.4549
29.4434
31.1302
30.0603
29.4961
33.9753
30.7072
34.5372
25.7898
34.2640
26.9319
27.8636
26.7312
29.2956
30.3443
25.7835
31.3475
29.7869
20.6929
25.5112
32.8402
29.6793
27.7249
33.0292
36.0080
29.4168
26.9075
25.2497
30.4299
24.4007
27.1138
29.6944
25.5284
26.3142
31.4671
35.6119
32.3300
24.8101
28.5323
30.4474
34.5545
28.6211
27.6852
30.8185
26.8553
35.9585
28.1003
34.0990
29.9115
34.7236
25.5446
31.1844
30.4612
29.9475
30.3000
24.0954
26.8068
27.4726
24.3952
30.9063
34.3557
30.5075
30.5486
28.3043
32.8457
29.9210
32.8239
34.1270
30.9004
27.0420
26.1134
25.0327
26.6239
27.2013
28.6205
28.5675
30.7209
26.5163
32.1625
24.8012
33.1541
28.8881
23.6649
25.1467
32.8771
33.9113
30.2552
28.6095
33.5926
30.7066
31.9104
23.4105
27.0763
28.8134
28.2978
26.3577
33.2917
34.7879
35.6417
35.4461
27.3807
30.7268
25.7842
30.4143
28.1733
24.0066
31.6354
28.7475
34.0198
29.2699
27.6001
26.4784
24.0487
28.1750
23.7833
29.7063
26.4648
26.0072
28.9479
26.8103
30.2418
27.2198
32.7905
32.0814
34.9372
27.0446
29.0357
25.0582
28.7499
29.4848
26.1166
27.8806
30.3448
28.4558
21.7498
29.3087
25.7215
32.5783
23.5985
26.1394
28.7120
33.0995
38.9900
37.2356
26.9812
24.3759
32.1459
25.4923
23.4355
27.1839
26.5878
34.6550
30.8079
27.3660
29.3856
24.9891
30.6197
32.3639
34.0819
26.3366
26.1954
32.2677
26.1335
26.7505
23.4355
26.8141
29.2845
33.0489
32.8624
28.8686
29.3042
29.6885
26.2810
31.5341
25.6520
33.2675
29.9463
37.3886
31.1381
30.7489
25.5138
26.2457
32.6242
31.9630
21.6208
27.0159
27.6660
24.3928
27.6155
26.5911
20.1205
27.4391
26.8241
31.4004
36.1377
28.3590
30.0195
24.4782
23.7589
29.2654
26.7439
30.9161
31.2889
34.0399
32.6818
34.9038
22.6209
31.1783
36.7293
31.1634
23.9526
28.1726
26.6485
24.7168
29.3627
25.0805
31.6243
31.6510
32.1041
29.4430
29.9862
27.8587
25.3707
24.5735
31.9153
29.0563
29.7050
26.7777
35.3123
32.7977
29.8531
32.2685
27.9786
30.3933
29.8772
31.9969
25.9720
24.8104
32.0122
27.5190
36.3523
30.5874
24.2510
35.4545
23.3541
32.4006
25.6332
30.0697
28.0159
31.5017
27.6710
22.2269
24.0126
26.2608
27.6695
29.8018
29.6834
32.2935
26.3007
34.5462
32.7749
22.7338
20.2931
23.1082
22.5256
23.8744
27.8367
22.0734
31.2956
33.7082
27.3479
32.6226
30.0899
28.1945
25.3629
25.3373
34.2051
30.7312
26.9012
21.0779
26.5609
24.0603
29.4856
33.5100
29.5611
31.9470
35.8169
27.0695
23.0936
31.8948
25.1296
30.9623
29.6235
28.5645
33.6810
37.1163
32.6106
32.1103
33.4664
29.7893
36.1765
34.5904
22.2408
28.7960
28.1432
26.4641
30.4688
30.8001
27.1968
28.8951
23.2337
31.4020
23.4555
29.0418
31.8411
28.4570
27.0500
29.6615
21.4120
32.9851
21.7371
23.4436
36.7663
27.3028
29.5259
23.7497
35.1764
36.6417
33.0017
27.2219
29.0618
28.5165
28.7862
27.4365
25.9218
28.6365
34.4328
30.9451
29.2296
29.3596
31.5616
30.6265
29.3000
31.0926
29.4598
31.7784
32.5924
30.4545
30.6080
25.0724
24.7017
27.1986
29.2516
25.6740
32.6310
24.6627
24.9315
34.2161
32.7672
24.2497
33.2631
31.4617
30.0247
34.8282
28.2694
32.2817
29.2762
27.5757
35.7317
28.3413
26.7426
25.9981
28.5400
25.5639
26.5176
31.7739
25.5616
30.2063
22.5610
26.8185
21.6718
28.1904
19.2460
31.3763
19.8553
27.3517
30.0797
23.4189
35.3255
33.1096
36.5801
32.4185
26.9829
30.1947
28.3038
25.4116
26.3862
26.1217
26.5139
27.1224
30.2811
30.3422
27.3216
25.3840
25.5857
26.0206
29.8032
30.6727
28.4734
24.8103
28.2713
33.2200
31.2322
31.3426
30.2259
34.9561
33.8127
29.8064
27.0665
24.7406
31.3993
28.7053
36.1679
31.8269
32.8041
33.4200
34.4955
26.5639
33.4770
31.8694
31.1957
29.4457
33.1557
27.7094
28.4511
28.7662
28.0424
19.3717
26.5245
34.0424
34.9360
21.2311
28.8487
23.9553
26.2676
35.1899
25.2939
25.9096
30.9498
29.3547
28.0147
25.6421
25.3759
26.6978
20.3532
28.9064
31.2037
21.9259
32.0058
27.4078
32.3878
33.4504
31.9672
36.5453
31.4022
29.1368
24.1529
25.8906
30.6920
29.8450
32.8252
27.8495
25.6288
34.6346
22.8809
25.7013
26.4177
28.8017
30.1725
24.1147
29.4478
27.1394
27.5038
26.1420
28.3128
31.0936
25.4423
30.2474
26.1865
25.7870
34.5096
25.4820
34.7701
28.3257
26.7440
31.6601
27.8084
32.9168
31.2363
29.9926
26.3617
34.5493
32.9187
30.3610
35.5963
30.0640
27.3791
31.7186
26.5778
27.4703
21.2130
25.0056
37.2501
34.2859
23.7814
31.2983
26.6362
25.7534
31.1847
29.7093
27.3331
29.9164
29.1760
29.5863
30.3763
30.2681
26.5348
27.0111
28.9915
26.9371
25.8571
34.0148
33.9438
31.8404
32.3485
35.9368
30.0434
23.9219
27.9609
28.2088
28.4188
30.0294
35.9217
34.0540
32.2209
28.5206
22.6546
33.8991
24.0855
31.0675
28.7072
25.1329
26.5330
26.2651
28.6705
33.0755
27.9528
28.2766
31.9029
29.1358
31.3979
32.8274
28.6190
25.3098
23.3589
29.0786
34.3803
29.4453
23.4391
25.1927
22.4541
26.8861
35.4533
29.8917
26.9954
29.6715
26.7082
29.4057
32.3790
30.5414
30.2458
33.8098
31.1431
31.6740
32.3143
21.2504
28.7514
31.4057
32.1980
28.2033
33.4218
29.6187
30.4304
26.9806
28.2445
34.7851
24.5859
26.2964
26.3906
29.1871
28.1361
24.6510
30.1150
28.9191
32.6272
32.6154
34.7525
24.7352
29.4530
30.0609
31.0600
24.4336
29.4229
32.4693
26.4868
27.1835
25.9258
26.2447
29.8199
29.3656
26.7366
26.7014
32.1006
25.2998
29.8262
29.2881
31.6971
28.3667
32.1083
29.3619
25.4791
23.0582
28.0305
30.7499
32.4708
25.0455
31.2610
35.0462
31.3408
32.2241
24.2396
23.2652
26.6259
21.7504
22.3096
23.0735
22.1132
33.7937
28.9763
37.0151
26.9811
31.3343
26.6953
30.7679
23.3046
27.3617
33.1941
27.1179
36.4618
31.8873
27.9864
25.4502
26.6085
25.4509
22.0175
23.1891
26.8926
33.6674
24.9804
32.5858
31.5859
32.2824
30.5366
31.3032
27.1164
26.6796
30.5544
34.0303
33.2333
27.9948
27.3101
25.6004
35.9965
31.3188
29.2689
27.6774
28.6851
22.9705
24.0741
22.2008
19.5173
30.4405
25.5730
29.1807
33.8052
30.1920
26.8466
29.5522
30.9555
26.2143
24.0990
23.3353
35.1805
23.8559
32.6700
23.3940
26.6743
30.7469
26.9232
30.0551
26.9844
27.8188
28.4627
30.5836
25.2587
31.2163
26.2441
28.0830
30.4195
28.7094
27.5173
26.5594
32.0742
31.4409
24.6673
26.4390
32.4407
27.6471
29.2619
29.0422
28.7952
30.9615
28.9393
31.9422
28.0439
26.4801
28.1944
29.4980
28.2420
26.2446
33.0583
33.1102
26.0746
31.8139
29.9842
32.3168
32.3979
25.0828
40.5343
29.0200
28.8772
28.6670
25.2035
36.5746
24.8365
30.0376
27.5025
32.0124
19.4368
27.9388
30.4595
26.0115
28.7832
27.5959
25.4587
35.9282
27.9314
27.9018
31.4325
28.0369
30.5935
27.0782
27.6680
27.9847
29.0242
24.6671
30.7245
27.8755
26.7174
31.2779
30.8879
25.0737
30.6846
34.0257
25.6915
28.2578
35.3857
24.2392
27.4280
28.1276
27.2965
26.0966
36.9396
33.8570
26.3134
33.1596
27.3111
30.5838
33.7706
27.3083
32.0568
34.9448
29.2969
24.4564
22.9936
25.2043
25.7216
30.3266
23.8438
28.3014
22.8063
28.3381
25.4900
27.3446
31.6141
24.3111
25.7364
26.8797
31.7663
24.5070
33.7865
27.5363
32.2958
22.2398
26.8909
27.9666
30.3560
30.0830
25.3173
29.8872
29.2019
27.7786
21.9106
28.7580
34.4631
29.8583
33.8682
33.6796
35.0203
24.8258
29.0527
29.7756
35.9023
27.5248
28.0756
33.3600
31.6177
35.7970
25.7049
32.3083
32.0457
30.4744
27.0641
27.5674
21.5195
23.3921
25.0686
26.4091
32.7574
30.5033
35.1411
25.1304
31.1852
20.8163
27.8523
27.1799
28.5170
26.7827
35.1252
29.2430
29.9232
31.6759
31.9356
36.6951
24.7353
32.6289
23.4752
26.9577
27.5096
30.9775
27.6264
33.4132
27.6603
23.1493
23.8852
25.4440
23.7145
31.4893
25.4345
25.2839
26.4606
30.2000
32.3860
33.3892
31.7126
35.8718
22.8432
32.7003
32.4002
26.3022
25.7594
28.0770
28.2621
27.8282
27.0618
31.1083
29.6029
33.1926
23.1289
24.1416
24.9107
25.5663
30.5045
29.4636
33.5186
30.0250
37.2189
31.1315
23.7634
28.4659
29.8317
26.4130
25.7568
28.8908
35.5975
24.6961
27.9213
26.1234
26.0324
28.8027
29.8793
35.9677
27.9043
31.2523
34.9116
31.7757
28.4673
29.4595
35.4720
30.0738
28.2436
29.3548
30.6534
32.3643
39.9277
32.4168
31.3932
29.7754
31.4313
26.1986
27.6051
30.2935
34.5649
36.0706
29.0530
32.3460
27.7580
27.4355
24.4502
26.4159
30.5914
25.1197
27.5079
29.1655
31.7479
26.3837
27.7037
33.4052
34.0579
30.9620
28.8122
33.6197
31.0820
28.1976
29.4371
23.5776
23.3227
30.6979
27.5253
24.3716
32.4535
36.3873
30.5006
23.3502
31.3867
31.4508
23.9011
32.0745
29.2680
29.9891
25.8678
35.1240
30.8781
29.6444
29.3210
30.7094
27.1334
28.2649
29.1390
31.7987
30.2407
31.8171
32.4695
24.9396
29.7596
33.2829
26.9813
29.2729
30.1145
29.5493
32.8789
27.2242
26.5038
22.1342
30.6484
29.8388
26.5942
31.5272
36.1085
29.5181
30.4359
25.3882
29.2799
32.8340
26.7406
33.5301
27.4719
27.1127
27.6208
34.5333
23.4045
28.6863
29.9104
27.4286
30.0991
22.2948
26.9257
25.5575
30.5207
27.7953
34.1290
38.5228
25.3220
33.7244
29.3909
29.4102
28.3153
26.6179
30.7752
23.7176
34.7170
30.9312
28.1447
39.5731
34.0183
26.5135
28.9553
25.5845
26.0242
27.2065
35.9222
26.3996
30.8628
28.4211
27.4263
29.1593
31.8769
24.9269
22.0873
27.1469
25.8159
33.5677
27.7767
33.4192
31.3220
25.4584
32.9867
28.9799
29.8833
27.6301
31.2975
31.9345
31.4284
26.0412
24.4907
25.7703
27.6021
33.2140
33.7324
24.2119
28.6191
24.9661
34.0283
26.8958
33.1006
32.1942
28.3846
27.9023
20.8220
32.9816
23.1022
27.6777
28.9467
26.7440
38.3380
31.4546
25.5568
26.4667
26.6523
28.4896
29.6103
27.0564
32.1538
28.2213
30.0258
33.6150
29.0765
26.2834
26.5256
26.3043
24.6959
29.6251
26.9147
36.6365
27.7978
22.0463
29.2624
32.3726
32.0543
30.4112
31.0049
25.9114
29.0130
35.3556
29.2795
26.7712
32.1317
37.1170
35.2414
36.3932
20.2008
32.6396
25.6494
27.4707
28.8267
32.6400
34.6109
32.6962
27.0463
23.3951
20.2879
34.6632
29.3317
30.6431
31.1407
35.9454
32.9810
31.6503
23.6942
32.9639
33.5673
33.7216
30.5616
22.2957
22.2421
31.4022
27.5180
30.7041
27.2768
26.3964
30.0624
28.6501
27.6309
30.7418
35.4850
30.8843
26.3788
33.8186
25.8586
28.2981
29.4625
31.8765
28.8314
26.0253
25.3941
35.4007
29.3834
26.3998
28.3670
28.2467
30.1079
39.9217
28.8500
26.1155
29.0255
33.3007
23.5884
30.0223
27.3065
28.0890
31.5822
27.3916
29.3691
31.7764
24.4164
26.3286
27.8056
28.0836
28.7167
34.1903
28.1261
29.9358
28.1765
24.1481
23.8336
30.2639
29.4451
28.8273
24.9602
24.4690
24.3471
35.3700
28.6142
25.4848
27.9068
32.3717
33.2187
34.8659
33.3775
26.9995
27.1352
28.1195
23.3193
22.7413
27.9238
25.8962
34.9566
28.2396
29.2618
32.2015
35.1643
26.0392
19.6030
25.1489
28.7207
25.7217
31.9507
38.9692
29.6649
24.4436
21.7014
26.7932
32.5431
34.7215
31.4544
28.5235
25.9696
23.9063
29.9277
34.8605
26.4368
39.5308
25.0725
32.0407
30.8601
31.7091
27.9713
24.7720
23.3301
32.5218
31.0582
32.0213
22.3596
31.7727
27.7718
28.7893
24.9752
30.8130
28.2649
25.0834
26.4786
36.4164
23.5516
26.4176
28.6406
24.0780
24.3298
22.5084
32.8865
34.8539
24.6301
30.1486
23.4450
26.1867
28.7633
28.6765
28.0959
32.4058
25.0628
23.5114
29.6529
33.9941
24.0476
22.6070
29.3200
27.8638
29.0378
30.2095
28.5376
28.2554
21.0739
25.5687
35.0619
25.4436
29.0833
28.0710
24.0956
27.5414
24.9722
24.5724
29.3327
29.3181
30.5968
35.0272
31.5882
28.0063
33.9239
26.1740
26.2588
30.8955
29.6453
27.2173
35.2054
32.0814
25.4956
29.2643
27.0161
26.4290
26.2538
29.3005
33.0390
26.7998
32.9040
31.4415
32.7862
28.7588
29.5058
30.9741
29.4116
33.8469
31.7869
34.7731
29.0685
26.8809
33.6640
30.6982
30.2607
23.0992
26.7744
30.2683
26.2567
24.1030
27.1997
24.2701
29.3721
31.8571
38.3708
31.3045
30.5643
32.3691
30.7324
32.1686
33.7691
30.5616
31.4805
28.3588
29.5584
32.8268
26.4016
28.3035
26.8735
27.6014
33.1953
29.8033
24.0030
24.9876
28.5485
32.2358
30.3458
31.2687
30.3431
30.4870
24.1777
24.6007
31.9459
31.6702
30.8427
27.5094
27.7714
30.2289
30.0506
28.6565
31.1201
31.9266
28.6517
34.2277
37.5629
31.5273
26.6603
30.5942
32.3409
37.7161
28.0842
25.5011
35.1384
33.1313
27.8797
32.4294
30.0393
28.7676
31.1612
29.7091
33.1369
28.2039
33.6832
31.4985
23.0175
22.8835
31.4164
32.6391
24.6335
27.2378
31.6046
29.3328
25.2645
28.5539
32.4310
26.9335
34.0154
34.7221
31.8174
23.2681
26.9966
33.0724
24.6708
25.5940
28.8882
29.1103
26.5240
25.8815
28.9270
32.7955
25.0934
30.6115
35.0376
33.4072
36.9573
27.6675
29.6961
35.2455
27.0501
27.5627
30.2896
30.1196
29.8483
30.6289
29.3647
27.2417
29.0710
24.7794
27.7182
19.5584
29.5615
25.3475
26.5595
30.7807
27.0118
33.6656
29.3665
30.8229
35.1766
33.3399
22.8956
33.8830
31.8647
32.8875
34.6564
27.2197
32.6613
35.1096
28.9003
30.6858
27.6473
27.4568
21.7657
28.2509
26.1648
25.6882
27.9755
32.6328
34.9942
36.5003
26.9624
29.3641
31.7462
35.2027
32.5833
28.2670
30.6891
26.7546
28.1969
28.4574
33.2781
29.4805
27.8335
27.1266
37.1098
31.1809
24.2362
27.3771
28.5518
33.4958
29.4661
24.7858
32.6162
26.4631
23.2613
32.8856
28.3521
30.4526
25.5967
32.6491
32.6906
31.4311
32.2473
28.1190
35.0118
31.3673
32.3816
36.1385
24.3943
25.9467
31.1451
28.9539
30.4271
25.7821
27.5890
25.2616
24.3403
25.6438
32.6468
27.9685
28.1074
26.7648
23.7885
33.4962
29.5484
29.9208
31.6896
25.5493
25.1598
29.1675
26.1398
31.0993
30.1186
24.2775
29.7031
34.7062
24.5000
32.3673
28.0992
34.3284
32.9599
28.7366
31.3933
34.7112
22.7951
21.5821
31.4839
27.8987
25.4277
24.9263
27.4058
33.5239
22.8895
23.2461
32.1379
31.1093
30.2890
28.5140
29.0447
34.1922
29.2638
30.2729
29.1156
34.1177
26.1940
27.7222
35.4121
21.9188
32.5579
27.3907
28.9644
28.5072
26.6415
31.9266
38.6920
21.4921
31.5591
32.1019
33.2797
27.2706
24.0575
21.6992
27.9305
23.0175
23.9697
34.9567
27.0057
26.2848
37.5172
33.9410
29.8992
32.5735
24.8158
28.4913
28.2579
27.7752
30.1509
28.2712
31.1414
25.7693
29.4641
29.0025
27.1184
33.0372
27.1789
25.6779
23.7667
29.2313
32.3888
22.4730
24.7390
31.4091
28.9540
28.0935
34.1780
31.0911
32.5595
36.1048
25.1762
30.2815
28.8153
28.1489
25.7123
19.1517
22.1845
30.1336
33.9201
31.8585
29.2004
30.9925
25.4046
29.5219
24.2963
29.4185
29.7614
25.1523
27.5441
32.0318
36.9145
26.2267
26.6353
30.7417
30.7776
26.4801
25.8310
25.4371
29.3887
32.6716
36.1046
34.5082
28.8955
25.1786
25.3965
29.8241
30.7034
35.3990
25.6409
28.8820
31.0647
32.0114
26.2872
27.1484
26.5269
34.3967
29.9245
29.3034
23.9910
26.4799
24.4147
29.0494
31.6005
30.0427
28.3922
31.4060
28.9772
27.9415
35.0697
32.4643
24.7880
35.2569
27.5898
33.6543
35.7359
27.3124
28.2812
31.1227
24.5818
35.6114
30.4949
29.3713
32.1471
26.9008
28.1804
28.0405
34.2107
33.2611
27.1679
37.0312
23.4643
30.7743
29.9287
21.9805
22.9343
35.0420
34.3069
31.8197
28.1540
32.2003
32.6001
22.4556
29.5552
27.6305
28.5271
28.4438
26.0384
22.8595
26.4436
27.1735
31.1531
28.5025
29.0964
27.6898
27.3472
30.9961
30.0829
29.5354
31.1829
27.1933
33.5633
26.1849
28.3111
26.0700
28.2017
30.0262
33.6495
29.0330
35.8037
28.4575
24.0970
29.5932
24.2464
28.0749
32.0761
35.4484
24.3305
25.4272
30.9576
34.3709
25.8739
27.8539
33.5431
28.9766
26.8294
21.5535
25.3928
30.2475
27.5021
31.6852
38.6790
23.8520
29.7197
29.8522
30.6904
39.4871
22.1055
25.9831
26.1388
28.7985
23.3679
29.5676
28.1719
36.1869
27.8579
31.6313
30.3422
30.6875
30.4946
22.8651
25.4390
30.7851
36.0421
29.3826
27.2496
35.8093
31.9732
32.3957
31.2070
26.5500
28.9110
22.3510
29.9828
31.4517
29.9681
30.0491
33.4934
28.8967
28.0474
24.4203
26.0402
29.3688
26.7087
32.4278
31.4580
22.2002
23.8080
30.9040
32.5969
24.6142
30.2553
23.1472
28.7596
26.1804
27.0377
26.8452
29.7167
28.6682
33.6648
29.5624
34.5658
27.3576
24.1996
34.7959
29.7018
34.2309
31.4301
34.7038
23.0639
25.6819
30.6262
26.2195
26.8822
25.1654
28.0014
25.4307
24.9378
33.2539
28.5262
37.5912
31.1698
27.8140
28.3587
30.9609
24.3979
27.5572
30.1204
33.8995
28.0551
24.7616
28.4544
23.7061
28.5111
31.7968
30.7164
30.2327
22.9612
29.7378
24.0618
30.7178
29.6125
29.3089
24.3461
27.4359
28.8657
31.4709
31.8909
28.0034
29.4703
33.5166
30.1672
26.0493
27.2299
25.6120
29.4858
27.2959
27.2483
28.9199
31.1260
20.9185
27.2952
24.5377
28.2848
26.7517
30.7730
30.8918
28.2596
26.7366
28.1801
26.5917
24.9670
27.4790
28.7999
27.5387
25.9869
26.3138
29.5042
31.7192
22.6208
32.0568
23.3395
25.2414
25.9700
30.0953
24.4697
29.2231
31.8338
34.0528
30.4388
27.1806
31.4240
29.6602
27.5501
24.6744
34.8167
28.3263
21.9240
30.8788
25.4464
32.5278
26.6098
30.2481
28.3465
26.7080
33.4134
34.1807
33.3883
30.9148
34.6268
27.1427
30.3238
36.8076
29.3202
33.1860
22.6954
35.6195
32.2206
21.0626
32.8270
30.5694
25.6882
27.6796
28.0334
31.8887
27.4694
30.9716
25.6757
30.9663
28.6329
26.8452
21.4389
31.7981
27.2207
32.9845
26.8522
32.9689
32.7538
22.0953
29.1840
30.8968
30.9953
28.7466
31.4940
24.9372
28.1323
28.5067
25.4712
24.8210
28.2964
33.8243
28.8741
26.2688
27.7907
29.7615
32.6271
23.0719
29.9140
27.2168
27.8379
28.9148
28.2737
25.8336
31.3949
27.5462
24.8093
24.7958
32.5683
32.0801
25.7100
35.1311
29.5030
30.1752
35.8931
25.7462
32.5959
29.0160
30.1946
32.5888
27.7468
28.5179
33.1353
27.7053
31.0702
32.6912
33.2065
33.3244
33.7090
28.7567
31.7958
29.6184
35.9795
27.0055
35.5893
35.5827
32.4848
25.9342
33.5742
28.1417
21.2884
24.2477
26.3327
33.0582
36.3158
28.6649
26.9638
30.9215
24.8742
31.1220
26.2010
28.2292
25.1823
31.2383
24.0514
32.8920
29.3779
23.0389
28.0563
25.2354
28.5410
32.9569
27.5205
32.1397
32.2911
27.2823
30.6196
29.6733
29.3110
31.7388
30.3511
26.6788
23.8177
28.6954
30.2043
26.9598
34.2027
33.4790
22.5614
27.8412
35.0384
30.9283
32.5167
27.3554
34.0444
35.8431
26.9095
31.6835
32.2955
33.3086
28.9902
24.5410
28.0210
34.3166
33.2842
26.2622
34.3576
34.2412
25.3022
23.2766
24.3613
34.5093
31.8749
31.1917
34.3127
34.2473
26.9456
27.9852
29.0056
29.0981
23.8624
30.8996
28.4190
32.4179
31.4537
29.0824
30.8617
27.9288
36.5169
27.7655
27.0662
28.9614
35.1864
26.7914
33.7532
22.5737
25.7537
31.6482
30.1133
26.6041
29.7922
30.2814
29.7709
27.7957
31.1753
32.0943
25.1067
22.8455
30.4162
26.5522
22.3974
32.2832
27.5456
31.1000
28.2120
33.2147
31.0255
31.7139
26.5050
30.7649
28.0027
30.0059
21.7395
27.8161
23.3804
33.8351
28.0582
27.6755
34.7868
30.5595
26.4900
24.7871
32.4696
27.5872
24.6155
28.9243
29.6382
29.5371
26.4641
33.2520
27.7317
29.0521
34.9324
33.7658
35.0956
31.7184
24.2943
27.4020
30.1367
28.7365
33.8050
33.0377
24.7141
25.9020
29.6607
32.3645
29.8989
26.0020
29.1901
31.1557
30.0356
25.2035
28.7434
27.2914
33.4748
36.1055
32.7595
25.9139
36.5271
30.0106
30.4058
35.0594
35.9811
29.7657
27.2825
27.6877
31.3742
33.0001
30.1639
31.1054
32.4848
32.3329
31.6237
31.2991
31.2579
31.7163
20.3437
27.2103
30.5512
23.0457
26.5723
27.9170
24.7063
28.0255
29.8273
35.6631
31.7444
35.8814
29.1627
29.7336
28.3903
26.2208
30.5977
33.5910
27.7441
31.6161
35.6486
33.2995
26.0625
30.9409
29.1834
25.7629
27.3260
25.5437
24.4900
30.3435
34.1749
31.8603
32.4676
27.3222
35.5938
32.1478
31.3662
29.9130
23.1979
22.7813
26.1104
32.5514
24.9964
30.2942
28.2298
31.3686
28.4120
22.8016
34.2001
27.1950
26.5428
26.4647
26.1416
35.1304
24.3294
29.3535
30.3257
29.4392
33.9955
31.5752
29.0460
25.3242
33.6625
21.6567
33.4587
28.6656
24.1278
35.6107
28.3986
35.4346
26.0336
22.7699
33.0518
30.5854
30.5924
23.1645
20.9307
25.0719
22.0173
30.1086
31.2666
27.6093
33.2913
25.3279
30.0130
32.6405
29.6517
23.0325
32.6789
26.7518
29.6599
32.8771
29.6265
30.8232
25.2094
30.9205
28.8356
29.6562
29.3623
33.2119
26.0438
26.8539
33.6538
26.3891
27.6365
30.1426
25.4514
20.4216
33.6201
27.4483
33.5858
24.0682
31.1282
26.7082
33.2774
29.0272
27.9137
24.8673
29.6079
28.5635
29.3542
24.2689
30.6332
34.7925
32.9435
34.4349
27.4957
34.9157
25.2467
28.7257
29.0985
26.9036
27.9295
28.4732
21.1395
26.4236
26.5787
20.1379
28.0210
29.2589
29.7326
35.6784
32.3807
26.2065
27.6487
26.7837
26.5527
29.7529
33.9703
31.6973
32.6160
26.8280
33.2700
25.7401
27.0929
33.0291
26.5414
36.3411
28.9870
24.9079
21.9977
28.5552
32.3090
35.2933
35.5860
32.3668
30.6366
34.0016
25.3224
21.9671
30.4955
28.6104
24.6892
23.2977
33.2656
31.4626
23.2735
31.3772
37.0482
35.1107
33.2959
29.4812
27.4638
31.8154
32.0731
31.2219
32.5625
30.8004
30.3352
27.7315
37.3795
24.5292
25.4789
27.2825
25.5061
22.9928
31.8409
29.1612
31.4257
32.7673
19.7680
35.9721
29.6928
28.7895
33.8889
26.0729
25.1418
20.1319
28.2020
29.7495
30.8539
25.2754
27.4663
29.4633
24.6863
33.7600
25.7260
26.1253
34.8934
27.9595
25.0981
24.1149
33.2823
25.6364
32.6321
27.8794
24.3973
32.0898
28.2508
29.0072
33.4228
30.8944
25.1142
30.4978
27.6149
32.5284
24.8979
29.8872
33.7380
22.7173
29.9284
30.4629
36.9934
27.8671
34.3908
32.2715
35.1459
27.3667
25.1054
29.5591
28.0247
24.7666
34.9136
28.8882
32.3049
30.7895
27.5843
31.6769
27.9544
31.2713
27.7636
28.8271
26.4499
23.7745
30.0844
32.8936
34.0219
32.8812
26.5817
29.4374
26.8874
28.1806
31.5743
25.7065
24.9340
30.7492
34.6061
25.4834
28.0601
34.8674
34.4093
24.9952
29.1378
35.7904
27.1260
28.8515
29.5019
26.0927
30.8447
31.0192
31.5891
36.2296
30.2668
19.5795
33.1828
29.0416
33.2319
35.9917
31.9033
27.2320
30.2150
36.3044
26.1142
30.4135
25.8260
26.7875
28.2434
24.2382
27.4316
26.3300
29.5019
29.0672
35.1982
22.1448
30.7996
25.7176
28.8722
30.8097
31.6939
29.5250
22.6877
28.3600
30.9200
36.2213
26.9330
30.8919
28.8292
28.5224
25.0917
27.0530
34.6361
33.0717
25.4627
35.9938
31.9635
32.0292
36.5575
30.6061
25.7102
29.2811
29.8944
27.1299
30.7504
29.3014
28.4874
31.1571
26.8287
30.3884
22.9575
30.2730
30.6028
26.0458
28.7958
22.9223
21.0592
37.1926
31.6017
26.1938
34.0644
27.5915
26.1058
27.1402
31.4250
29.5907
23.5727
31.0816
27.6740
24.7283
27.4020
24.4795
27.3328
31.9676
31.8081
28.4774
30.0385
26.6901
25.9677
38.1385
30.2363
25.7856
28.8691
30.3608
26.6606
25.2542
32.6260
30.7774
28.0268
32.7025
31.0565
24.8791
27.3604
25.8430
32.3930
28.9686
32.8560
27.6792
26.7417
27.9335
29.5280
27.5948
22.3742
37.9649
31.3005
25.9451
25.8595
25.7754
37.4689
28.4217
28.7924
31.6631
32.0238
34.6687
24.3492
27.4639
34.8805
31.7131
31.4435
32.4157
30.1664
25.9522
23.9611
24.8458
23.4974
30.6577
28.1450
25.8435
33.7515
28.3643
32.7276
36.5759
37.1298
33.1736
29.5127
30.8241
25.6418
23.6685
25.7292
32.0302
25.9084
34.0276
29.4922
27.5899
31.5139
38.8147
21.6761
24.4056
32.3749
23.2996
28.0912
24.1749
33.3309
26.6200
29.3534
28.1311
28.3101
32.0951
29.7122
32.5753
31.2210
27.8928
21.2742
23.5006
30.4787
26.6581
27.7113
30.6008
22.4808
30.6886
27.5901
32.6470
30.5858
29.7072
30.6495
29.1645
27.9083
37.4043
33.4911
33.9934
29.4218
31.0949
32.8733
25.5226
24.8646
33.1938
31.2751
25.3311
30.4287
31.7589
26.1380
34.0780
30.5556
30.1963
30.3430
21.7961
27.2761
32.6202
27.6762
25.5415
32.2783
30.8763
35.0190
24.5980
28.9883
32.1393
31.0438
35.1437
36.3400
28.8810
22.9979
26.5050
29.0663
31.7325
33.0312
33.1202
31.3265
31.5095
33.4044
23.9640
27.0126
22.0315
31.1911
33.0953
26.4499
25.3220
26.9367
30.3102
29.1620
27.9790
26.9502
33.1324
21.2122
38.6140
27.4127
27.8275
23.4782
30.8383
29.9846
27.6275
29.8073
22.7831
34.0577
27.8611
25.2454
25.0258
22.6815
21.7189
29.9140
30.4129
30.2008
35.7604
26.8969
28.4618
29.0536
26.6412
30.0737
37.2911
22.0035
27.9561
32.3027
26.6975
31.8939
28.2789
35.6395
34.4264
32.4348
29.2615
35.9276
22.9399
32.9377
27.0808
25.0988
23.2671
26.7552
30.2210
28.8206
30.3057
32.7230
31.1299
35.3182
35.7300
27.8721
29.9577
29.7740
28.7041
24.6715
33.1366
22.9032
21.5881
27.1244
33.2507
30.4042
35.8991
32.6760
26.0380
23.5308
37.5564
29.5485
31.4369
27.8616
26.8200
27.1302
34.4677
28.0258
27.8546
32.1504
29.5521
33.4262
26.7514
24.4564
32.4396
27.3989
32.1135
28.2220
31.3740
37.1422
24.2816
35.9402
22.7178
28.1216
29.8455
34.4233
31.1899
21.4682
25.8538
32.1091
25.4405
32.2678
25.1271
32.4839
28.6498
24.1392
33.2803
33.6354
34.7181
29.3141
34.3894
28.9708
29.2850
32.0742
29.9047
28.9012
28.1587
32.3662
27.8195
23.8736
31.2757
26.6163
25.8123
30.5330
31.0506
29.1334
26.7931
27.2999
31.1445
32.2834
34.2392
27.5825
34.4664
36.6516
25.9831
29.8013
34.9556
33.3177
31.0002
23.0326
27.2551
23.0508
26.8615
26.7170
25.8539
26.4986
32.2134
26.9580
30.1034
26.1463
31.6804
25.2707
21.5837
28.8984
29.5916
28.9734
27.8765
28.9535
31.4653
28.7213
34.3098
29.2069
24.9845
23.0556
31.0362
31.8270
31.0334
24.6030
27.3969
31.0847
28.3267
28.0899
33.2684
28.2724
31.4148
31.9326
30.4360
28.4529
31.2038
28.4865
23.1656
24.1563
36.7398
31.7102
26.6140
30.3679
30.1842
30.5374
30.8419
29.8270
21.6732
29.3455
28.8753
33.9955
27.0108
27.1228
28.9126
33.3434
27.9944
34.2552
25.5984
30.6962
34.5223
30.7501
29.9993
36.8294
27.2436
27.5060
31.8035
34.7710
29.0553
27.1889
36.4314
34.8961
28.7822
27.1106
29.3193
25.1835
24.7709
31.1837
18.8958
29.3541
23.8417
27.2280
27.8317
31.2803
30.5213
28.9097
22.3114
24.1959
27.5146
23.7871
24.8155
29.9758
30.7749
32.3523
28.5852
29.0192
32.1673
29.0478
33.2699
23.0817
31.7539
29.7865
32.0838
30.3751
30.6243
33.8995
24.0558
27.0668
30.6337
26.2988
28.6634
27.1060
34.7080
34.5676
24.8769
35.1950
26.0799
30.8928
24.9742
27.2703
26.5360
29.0058
28.5103
33.5800
30.2043
34.4628
29.6628
29.7947
33.6563
29.2840
30.3873
30.4943
25.5301
28.9482
27.5560
32.4508
29.0186
26.5546
29.8858
26.7703
28.1147
32.9421
24.9047
27.6323
31.6565
33.8230
29.0173
27.6193
27.6501
28.7136
29.7794
28.6378
29.4245
28.8305
24.8473
27.1189
32.9800
30.1127
25.4439
27.6336
33.5484
27.5018
26.5730
32.2370
33.3060
27.5890
29.8253
28.0947
25.9659
37.0738
31.8597
32.3927
35.3145
32.3421
28.2076
24.5141
27.0271
32.6332
29.7099
27.9310
31.7587
33.0405
38.1104
29.1166
28.6122
34.4557
30.8846
25.4614
27.8110
30.4290
30.3088
37.2360
26.3825
36.3461
27.9945
32.5027
31.4081
25.7915
31.0182
29.1584
26.1137
26.8347
29.6882
29.8347
32.6692
29.3517
23.6551
24.0462
31.7049
28.4479
28.1420
20.8674
29.2158
33.6951
29.1348
23.8148
26.6231
28.8573
29.9408
26.8940
33.3868
27.7902
29.6646
24.4299
27.9089
32.4837
32.6980
23.4197
27.3638
32.0887
31.8740
24.5185
30.5338
27.1446
32.0022
30.8489
29.7009
23.9960
27.4875
31.7574
31.3105
28.6407
33.8243
32.3714
29.4624
35.0324
28.9825
29.9374
31.8680
29.0127
31.4436
32.8779
33.3053
27.7025
33.4277
28.7785
25.3679
26.6587
31.4622
30.1933
31.0095
22.6817
25.8358
32.4485
20.3720
21.5897
31.8447
28.4191
30.0191
29.0281
24.9379
29.4128
27.0443
28.5914
29.9964
29.0227
23.6654
22.8929
24.7770
30.5187
29.9719
27.4423
27.2849
29.4004
37.2724
31.9283
24.0519
29.9478
34.1442
36.8711
27.1275
27.9761
28.1934
33.4456
35.5006
32.0728
30.5412
27.2331
32.4577
37.6304
23.1365
28.6341
35.7196
28.4202
22.1447
27.8940
27.6937
28.8524
25.4189
25.2182
25.3280
32.3627
38.0231
35.9808
29.8722
35.6595
31.7333
25.4474
26.9484
26.6520
33.9497
30.4943
27.4350
30.8842
31.2954
21.9498
32.4918
29.0990
28.2151
24.2244
31.2874
27.8125
31.4453
32.0968
32.5192
25.9866
36.8985
30.0170
31.7904
26.9856
28.5703
30.1602
29.4133
33.2947
24.1497
22.3891
31.2607
24.4602
31.1888
32.0596
23.2469
29.0053
30.1516
24.9368
26.9327
30.7370
31.6856
29.0200
27.7747
31.7939
23.4386
28.5655
36.1367
26.5770
32.0432
29.9217
34.1489
29.9711
32.4621
26.2100
28.3433
27.5983
24.0224
25.2906
28.1050
34.7371
24.9224
27.0174
27.2177
25.5354
26.6320
29.5577
21.6969
27.4982
27.7417
29.3118
34.1792
21.4200
30.8399
23.5228
31.8362
31.2039
32.5952
34.8430
28.3618
27.8240
31.0213
27.7327
29.5209
23.2290
24.3868
26.4795
34.2566
34.3318
24.8039
27.8655
31.2751
31.6388
29.6711
24.7261
34.0806
27.6300
35.8347
35.3867
30.6877
32.7818
28.7897
29.3705
28.2224
31.0381
34.6526
30.5878
35.9245
24.0112
21.1511
29.8111
21.7662
23.3768
30.6766
34.4244
30.6207
28.7876
31.3017
32.6171
28.9181
27.1790
29.8770
34.8036
26.9024
30.4572
28.4347
22.5061
26.2540
22.8504
31.8134
26.3530
24.1296
30.8111
29.2469
30.3405
34.1408
25.9897
27.8382
25.2157
22.7143
28.7104
34.7109
29.6779
23.2241
27.1064
20.8020
23.6323
35.8256
20.7394
27.5460
29.1504
31.8561
22.6607
24.1040
27.6561
30.0282
26.1166
30.1116
35.4859
32.1916
31.8816
30.1500
30.2673
30.4185
27.3644
25.1379
29.1183
32.9310
29.7907
28.9765
33.4245
31.9086
31.3714
26.9121
29.1913
21.4584
34.0680
33.3874
28.3018
30.7478
25.0132
30.6491
29.7907
27.4847
31.0494
28.6699
31.7670
28.2696
31.4301
27.2176
30.3798
33.5912
29.0759
25.9869
26.5641
24.9676
26.9720
28.5336
30.1670
27.4464
34.2927
30.7977
30.3102
28.2688
25.5886
33.0383
27.0368
23.4987
26.5715
26.6580
26.6472
32.9171
25.4999
28.2671
30.6188
31.6897
37.5275
27.5148
31.3945
32.9734
34.4435
30.1242
24.8979
32.6099
30.4633
20.9841
26.7063
26.2292
21.6733
28.3437
28.1368
34.0615
35.7129
30.4123
29.5669
36.9174
28.9331
24.7444
25.4721
26.0730
28.0694
29.5778
24.5332
22.1902
32.5062
33.6137
29.7467
25.2032
29.0406
27.5278
29.5445
27.2880
33.1323
26.9850
26.7921
28.4539
21.2202
30.5590
28.5873
35.6790
29.3361
33.2130
27.9554
29.0278
30.8597
25.2093
30.3826
22.9867
24.7095
35.8695
30.9459
31.9493
27.8365
32.6833
28.3041
33.1913
29.5971
30.9987
29.7601
35.8788
25.6984
30.9317
28.9512
30.9377
33.0684
24.8841
28.8734
34.0950
27.6643
31.5135
29.8582
33.5128
31.7125
25.4054
29.3086
26.9977
26.3161
20.8620
34.4542
34.9854
27.3044
28.0405
24.7880
31.3486
28.9873
33.4978
33.3375
30.7904
26.2512
27.5252
35.5451
31.7492
29.8943
26.5025
29.6532
27.3679
28.7322
32.9419
33.9327
28.9047
27.0128
26.9506
33.1471
34.7280
23.6311
28.2812
31.4206
23.7739
29.6700
26.2958
22.8067
31.4915
30.2132
25.9548
26.9794
29.4840
28.2180
31.6178
26.3751
27.3058
29.8107
26.7803
31.0163
23.5663
30.8540
33.9821
31.7374
24.5011
31.4956
23.9301
36.7256
31.4205
27.5058
31.4480
30.7314
27.5087
26.3954
30.5082
28.1817
28.3703
34.5668
31.2240
31.0705
31.6420
32.4836
24.1249
19.9380
29.6894
26.7985
25.6506
30.1415
24.8078
30.0447
27.2890
31.8459
25.2923
29.9870
27.5401
26.9854
32.7966
30.4097
36.5827
23.4333
27.3788
26.0122
26.1697
31.9860
38.0925
27.5338
24.2834
27.9199
27.1434
21.9684
30.0261
27.5566
30.7276
25.3002
32.0432
30.2035
28.2268
32.8611
29.6619
31.9862
32.5295
27.4968
27.1794
31.7078
30.9280
24.1013
26.6657
30.0366
26.7555
23.0335
30.8436
28.8558
31.3995
36.0998
33.4918
31.6089
34.3859
25.2190
30.5429
21.4948
28.5934
25.4623
23.8268
30.7076
22.6685
29.0511
34.3753
21.5986
27.5214
30.8546
25.9491
28.8445
24.8433
26.6698
29.3302
28.5244
24.9271
23.9748
28.7132
32.9261
28.1755
29.5649
29.5197
34.2038
28.8792
31.4844
33.4584
21.6732
28.3192
33.3648
27.0754
29.4054
26.0544
33.5408
31.1490
34.5315
28.4816
31.4223
28.4740
26.3567
31.0332
30.1995
24.8522
29.1933
30.6998
28.3029
27.1823
31.5756
28.9559
28.6473
29.7481
30.0683
36.2657
29.4733
31.2194
27.1495
32.6800
29.0540
27.4818
27.8555
28.6187
28.3616
34.6314
27.1099
31.1133
29.2200
28.5633
25.8015
24.3371
30.5604
22.9885
27.6935
30.6998
20.5114
21.5638
26.6440
27.2159
25.1172
33.3733
28.8378
29.9527
31.9529
29.6103
28.3071
26.9796
28.7121
31.3654
28.0950
28.8842
27.4418
27.5257
30.2808
24.4556
28.8609
28.4230
27.6924
34.3255
31.4256
31.8745
28.8141
26.2192
28.2138
32.3928
24.7256
18.7446
33.7521
34.4827
21.9998
29.6638
27.3528
33.5104
24.7477
29.2222
32.1026
33.9901
35.0766
26.8803
31.8293
31.6635
31.6761
32.1804
28.9495
25.6587
31.3675
27.7135
28.0784
28.6615
26.2794
30.4449
30.0181
29.0647
29.5039
30.1199
26.0776
37.0616
31.1630
33.4557
29.8672
19.7871
34.4183
32.4631
24.4025
23.9082
33.1914
29.5086
28.8953
33.4633
24.6476
22.1642
32.4189
32.6393
30.1769
27.8306
23.9040
35.4857
30.6092
34.8843
24.4929
29.0882
33.0420
30.1993
31.7261
34.8387
28.0581
23.7036
29.8073
28.9048
27.8492
32.4760
31.6291
27.3566
27.7448
34.4349
25.8683
28.0906
28.1388
29.8801
29.0767
22.4568
35.4656
25.4482
23.4362
30.9071
25.4705
27.5101
26.4508
30.7791
23.2498
30.9765
33.7869
33.6771
31.3923
35.3742
25.5626
34.7576
27.4469
26.5091
21.3159
22.8926
32.9305
32.7786
29.6315
23.6312
29.9654
31.5754
35.6147
26.8487
30.4655
30.1604
25.7371
23.7202
28.2582
29.9597
35.0019
33.7404
31.3423
32.3823
26.0424
33.9712
32.3795
24.5317
26.9302
26.3764
25.4971
29.1048
25.3524
24.6413
28.9386
32.3031
21.3670
22.5361
27.3393
24.6801
27.3156
26.1437
28.4573
30.1015
27.4324
33.2101
26.3826
29.1681
24.0908
22.5584
32.2859
28.5694
31.4381
27.8161
25.6913
27.4985
34.1580
27.9490
28.3489
29.9028
31.7026
30.1773
31.3612
31.9324
37.2243
29.3450
21.5065
28.6575
27.3654
25.4660
26.9120
25.7620
34.3194
36.1255
31.3631
29.2767
36.7143
27.9802
25.9908
31.6051
25.7952
29.1837
25.8846
23.0779
32.5765
28.2840
25.8755
20.5629
24.2740
26.9094
29.9989
27.2528
27.8931
28.8171
29.3627
22.3954
28.1299
34.2449
27.1930
25.2988
23.7372
27.4721
28.4605
31.8004
30.5327
29.0352
35.4212
33.0835
26.1097
27.3676
29.0713
25.3168
25.1225
28.5224
24.5650
33.7548
24.3521
28.1645
28.9860
29.4998
22.2945
24.9329
33.4318
30.7986
26.9645
28.1866
37.2922
30.2795
24.1585
31.4816
32.4203
29.0302
32.4597
27.3320
21.8884
24.5868
32.9494
26.4216
32.7920
36.3193
28.6660
26.9010
35.3780
26.6438
26.2660
26.7375
30.4425
32.1954
29.2824
28.5311
33.9357
31.5263
31.2099
30.5626
27.0127
23.1270
23.1723
27.1999
25.9879
36.3728
28.7280
28.5335
26.1388
25.6653
27.6008
30.6146
34.6437
28.3135
29.7471
26.2714
28.3247
32.3642
34.5722
35.8601
33.7671
26.5580
26.4955
23.8191
28.4070
32.8173
32.7626
35.6117
30.8270
25.9938
29.4965
25.3342
30.0580
27.6621
28.8680
32.9801
28.5534
26.0933
31.8917
33.2403
30.2466
38.0760
23.9421
21.8173
25.9663
27.0163
29.2694
29.4761
26.1939
30.0137
34.8939
25.9995
24.6750
31.7683
26.3162
29.7470
30.0022
25.7823
28.7235
26.5337
31.4513
31.7484
22.9264
27.9164
26.8292
37.3448
29.8122
27.6987
28.8764
21.6508
27.6824
29.4729
29.0123
27.7676
28.5711
26.8048
26.4179
22.8521
33.5085
26.7070
27.6967
26.0602
32.4887
36.3362
36.2307
31.0983
32.4815
25.4473
32.6711
34.4511
33.4206
33.1725
35.5038
27.8952
24.9690
29.9622
27.7364
28.5739
24.2343
31.8567
26.8825
32.7871
32.7718
27.1458
29.0598
31.5317
26.1941
29.0303
26.4544
27.1150
29.0272
31.4452
29.9434
32.9766
27.8679
25.9088
25.1694
23.6133
33.7506
26.0930
28.7107
26.1042
25.8537
27.9850
36.2123
26.5428
30.5273
32.1540
25.6920
29.2715
19.0023
29.3960
29.5513
28.1279
28.6183
22.1268
31.0201
34.6026
36.0863
34.6280
32.6343
34.9152
26.7464
28.1986
25.9190
37.8478
30.4478
24.1302
23.1434
30.7773
31.9533
29.2872
35.2541
32.9331
22.9286
29.0234
27.3075
23.0516
28.9707
34.5606
24.8639
33.0353
31.9574
30.1472
28.5167
35.8450
31.0275
38.2596
32.0413
29.5022
31.6899
24.0744
28.5549
30.4949
31.3027
27.4196
32.3022
26.7571
32.3960
27.0680
35.1008
33.4732
23.4075
21.5297
24.1596
24.3137
27.7434
25.1755
31.2254
29.8504
34.1666
24.3586
30.5386
32.3998
30.9632
29.6805
39.1522
34.6279
29.6328
36.0718
29.6174
27.1931
31.4440
26.4617
26.8280
30.2584
25.8279
30.5486
25.7196
33.2108
31.6221
29.9716
23.0066
30.1601
29.2288
35.3299
31.4667
25.1785
32.8965
27.3503
26.1619
35.9691
28.7362
30.4784
30.3634
28.8398
30.6662
36.6796
28.2802
26.3256
28.1352
26.0648
27.5289
29.4590
31.3801
31.9237
22.5266
23.3969
32.5370
31.5121
28.7528
23.0513
31.2469
29.5761
27.3538
34.8966
29.7238
29.5831
31.4283
27.6298
24.2798
31.0441
34.1525
35.5789
32.7568
28.2095
32.6706
22.5617
28.9238
28.9968
25.9775
27.9021
29.6628
32.8165
30.4534
25.9663
33.0972
29.7558
31.1749
27.7146
29.7723
34.0447
33.6248
31.2423
30.4303
30.0753
34.8964
28.2630
31.9094
30.8082
26.5619
33.7986
29.4979
27.0610
23.6741
25.0760
32.7023
31.4956
30.7278
28.7286
26.1320
29.3582
28.5780
31.3700
30.1663
21.8866
29.1235
27.5883
28.9121
29.1131
25.6873
24.2920
28.3754
21.5803
32.5380
23.5764
24.3195
22.7245
33.5747
29.6989
28.5603
29.1020
33.2283
27.6742
28.4168
34.1229
30.9147
28.1060
34.1772
31.4439
24.4046
22.1816
33.3304
28.1987
28.4250
25.3614
28.6460
25.2570
32.9562
30.2490
28.0957
29.6407
30.7996
36.0125
29.1414
30.7913
33.6531
27.4342
28.5886
30.9227
26.8407
32.8664
26.3293
33.8316
25.1193
27.4751
30.9810
24.2597
31.6032
31.7054
27.6394
26.2659
28.7191
23.4986
27.5609
26.1389
29.2195
34.7181
31.4292
29.8052
30.5649
27.7656
32.2145
30.4575
27.0622
27.1005
28.3252
36.4535
25.3779
25.3388
29.0024
31.0236
32.1177
25.5840
26.5968
31.8245
29.5084
25.1221
31.1351
28.3894
35.3469
35.4145
27.6274
29.8443
34.8881
27.3752
33.5698
28.7527
25.3374
32.6901
29.4735
33.7528
27.7212
30.3921
25.8949
28.2661
23.9210
28.4540
24.7341
26.2938
27.9241
27.1150
26.9253
28.3542
30.5218
30.7617
23.5813
32.5175
31.9472
35.4083
27.6280
30.7363
28.6828
30.8422
28.2131
31.3828
31.2762
31.9336
26.3498
27.7280
28.1086
38.2185
28.4542
28.2294
28.5645
30.1799
26.2915
25.5635
27.5545
29.3134
31.8341
26.4536
30.0550
34.8205
30.1717
30.2947
27.9861
30.3703
25.1513
24.4663
29.3991
28.3280
28.7275
27.7211
23.3896
27.8026
30.4029
31.9937
33.2218
31.6955
28.8975
30.7518
26.3523
34.0331
34.5882
29.8333
33.6067
32.2786
32.6411
28.9413
22.8273
30.7365
29.5503
23.7347
30.3610
33.3814
31.6797
24.3992
24.3368
32.1968
23.3030
33.2981
31.7723
25.7293
24.4548
28.3616
36.3150
30.5315
30.2057
29.4863
27.9874
29.8155
33.6706
32.6737
27.0200
31.4584
28.4558
30.3381
25.9339
31.2847
29.7873
28.0372
27.4392
26.0275
32.6014
27.8132
29.0298
31.7424
30.9814
35.8450
27.9965
33.2854
26.7948
31.0497
26.1282
28.2497
28.3247
25.0056
29.8365
25.6173
35.9879
33.0024
32.5743
34.1231
29.8933
26.9302
32.3878
34.5445
25.3894
34.0169
27.6595
27.8622
29.4583
26.2367
31.7215
28.1320
28.2992
30.2237
36.6499
27.5766
21.5685
36.4534
32.1806
33.3664
34.8999
31.6223
23.1794
32.7614
33.4043
35.6331
32.9004
29.4342
35.4919
27.8257
25.5796
22.4667
26.0390
31.2730
28.2790
25.9870
20.0368
28.0214
27.5514
27.9429
29.4612
25.6638
30.3826
28.4061
31.8405
30.4840
29.7701
30.4882
25.4409
27.7908
27.3781
32.3645
30.1507
27.9546
26.7592
30.4837
29.9244
29.9252
26.2559
30.2055
27.3933
28.2924
32.8640
25.0150
34.6027
31.4634
28.2138
28.5414
24.1698
27.8440
26.1799
30.1890
27.7388
29.2348
33.4222
20.0301
28.6018
25.1473
30.3325
26.9742
28.1492
30.6180
31.7582
30.3774
30.8214
27.3506
32.4468
22.6113
26.6004
22.8788
28.5646
30.4141
26.8546
30.3817
32.6459
27.9727
30.7688
30.7242
23.9871
24.0137
25.1239
31.4307
25.8064
27.8979
28.8298
27.6823
27.1135
31.7286
24.9481
24.1434
24.8610
22.7881
19.4622
23.8539
28.9813
29.6598
25.9277
27.1929
29.5019
33.4701
25.3656
30.2379
28.4146
25.1843
26.0740
26.6161
26.4085
30.2888
27.1140
30.3894
29.9208
22.9214
26.3383
34.8788
33.5204
39.0489
33.1122
35.7450
33.9851
29.4103
25.7185
29.2546
31.4755
28.9098
25.8078
28.5101
24.3521
32.2456
30.8829
32.2075
25.9624
32.4515
23.5360
25.8339
31.3137
33.0384
21.3189
28.9963
29.2601
29.3751
24.9652
23.8161
29.3827
31.9626
29.4713
25.9629
23.1619
29.2237
31.3446
25.3846
28.7211
25.7342
32.3930
25.2084
32.0552
30.1170
26.9367
27.2732
30.7746
24.9540
23.1606
24.5063
25.9023
23.2500
23.9246
22.1502
38.7347
24.1319
33.0680
29.4009
32.3888
25.9714
28.9447
30.0747
28.5461
30.7514
29.1698
30.7314
28.4755
25.9810
33.9982
29.7916
26.0384
25.9782
32.5195
29.7737
24.5986
27.5267
25.5331
36.2567
29.2893
20.5027
29.8240
33.9450
30.3793
24.5333
27.8192
33.8455
25.1684
21.2147
30.5072
36.8336
30.2716
27.0595
26.0955
28.9550
29.8475
31.0332
35.8958
24.1197
34.1736
27.3649
33.3923
29.2890
32.0216
23.5324
34.0114
27.9635
31.1908
30.8865
28.5334
29.6976
30.9193
32.6621
27.7138
25.5094
29.4826
26.3120
30.8171
32.4283
34.3025
32.1715
32.3163
27.7136
26.5102
34.3686
22.4511
32.7025
21.2585
26.3770
20.0945
32.9824
28.3940
32.5379
30.1146
30.1681
32.5665
24.6235
28.5838
23.2854
26.4826
23.1390
29.3703
34.4919
31.8961
21.4419
23.0848
35.3338
26.3933
34.9423
32.4761
24.5994
29.6850
31.7156
29.8351
31.8179
22.7575
22.9682
28.5020
29.8543
35.7324
26.8619
34.5770
33.9644
34.0303
34.1133
27.2425
28.0545
29.0481
32.8812
21.9357
30.1146
20.8720
28.8587
26.5247
26.4133
25.1462
23.5135
34.4801
29.5425
27.8069
26.0386
25.5307
21.9723
33.7119
31.1554
28.2933
29.7799
35.4009
28.2192
24.9794
22.6347
23.8576
25.4787
30.5032
28.3026
36.4620
27.7441
24.0951
27.9135
34.3773
32.8040
27.8253
25.7588
36.1093
34.4251
23.4143
29.4518
34.4689
23.9129
27.4637
31.7636
26.9202
30.0698
26.4087
18.9227
24.5678
32.0771
29.0565
21.6234
31.3409
26.3404
25.0137
32.9086
28.4090
32.8026
22.9553
28.0043
30.0848
30.5830
31.8925
30.3040
33.0627
32.5275
31.6112
30.1935
31.2875
26.3968
29.0392
29.5856
30.5041
36.4240
29.5865
31.2037
25.9925
30.4863
37.0022
29.2786
33.5415
28.6610
32.8514
27.7104
24.5038
25.8558
30.0254
28.8622
33.3848
21.7381
37.6238
29.7086
32.4735
33.0392
35.4512
37.3685
29.5106
23.7698
25.8750
24.3777
25.0527
26.7149
30.2096
28.3540
21.5554
36.7858
30.9099
36.2804
31.0879
31.4738
33.2506
31.6666
29.5402
29.8664
30.5420
30.1434
27.4103
26.6256
32.5427
30.3819
32.1517
28.8453
29.6951
24.8119
30.1962
27.1972
24.3250
26.3635
33.1502
30.2497
29.9926
29.5886
24.3723
36.3569
35.9860
34.3519
30.7742
32.4792
26.9771
32.1503
35.2522
28.4683
35.0679
32.9171
33.2689
25.1947
21.5840
28.8818
23.4908
27.2610
28.1199
25.9800
28.1286
32.3118
29.6077
35.9450
29.8106
30.7071
29.7277
29.5067
29.6551
21.3721
30.4841
29.8701
20.8930
32.6833
30.7154
29.4272
25.7439
34.3754
25.1703
25.7577
31.7601
25.9034
29.2187
32.6987
31.2690
33.7586
27.5806
23.2446
27.4146
33.7633
29.0548
26.0611
35.4662
27.0386
30.0741
28.1203
31.0005
30.4444
25.6986
26.7986
26.5448
35.0669
23.5559
28.9160
31.0259
27.0664
31.5758
29.9629
24.9712
28.6241
28.2458
26.9926
32.5768
26.2611
30.3031
26.0066
28.8255
26.4261
24.5925
27.3061
32.8129
30.2398
31.4372
27.8579
27.5254
25.9705
30.2909
32.4260
34.1810
34.7462
31.4099
33.3708
35.2526
29.4686
24.4088
30.0039
28.4606
31.1995
31.3054
28.7806
22.1148
29.0416
26.9743
31.2333
29.4061
34.2602
22.6703
25.9226
29.4597
30.3873
25.5762
25.4449
26.8290
25.3750
27.4433
33.2292
26.8937
32.1472
24.8719
24.0646
31.0692
29.3622
28.6392
32.3206
28.6206
28.2460
35.2787
32.0948
29.7029
29.4880
23.5756
31.6821
30.7149
37.0620
25.2125
33.3342
28.8586
37.9833
33.4964
23.5239
31.7322
29.1492
28.6303
31.0051
29.1401
29.8907
26.1351
25.5934
30.7328
31.6015
28.3696
29.5096
34.2927
34.6750
27.8556
30.8426
27.6762
27.2857
29.2952
32.6497
29.6236
29.7076
33.3328
26.8944
30.9901
36.7432
32.1173
28.9679
32.5224
19.5375
25.0912
20.2164
23.9292
25.1051
30.5845
32.4578
36.5595
22.5636
27.3193
29.3867
31.1518
30.8958
27.2090
25.1629
32.1170
27.7264
33.2904
21.5928
31.3290
27.8951
32.9362
29.6322
28.3519
30.1314
31.1755
29.9760
31.6638
25.1379
24.2103
27.1375
27.5607
34.4093
32.9932
30.8360
36.6083
35.3639
30.7927
33.9362
34.4202
24.2535
27.8862
35.5105
32.9431
27.0828
31.0762
25.0647
30.9344
31.5051
26.1494
29.7378
30.7025
33.3012
34.2002
30.4019
29.3080
28.3030
34.5263
34.4518
32.7280
31.8991
28.0330
28.1234
26.4223
30.9279
28.0643
32.5005
27.1584
33.0431
29.2507
27.7936
31.9469
32.6930
33.9910
32.5602
28.1122
24.8930
37.8466
31.6818
32.6576
28.0730
31.7895
28.8760
30.0508
27.0814
27.3928
28.4836
34.4778
26.8231
28.8011
30.8799
30.7885
33.1835
21.5958
26.0678
30.1374
30.9356
18.9746
31.9602
35.6638
26.3637
27.7866
21.9890
31.4037
29.7810
30.9161
30.1184
31.6949
21.9347
30.9388
35.3812
31.7822
25.3258
30.8997
28.3572
23.9929
34.0001
25.5949
30.0064
20.1324
30.2433
24.0179
24.2170
28.8116
24.7269
28.6575
24.5202
19.9158
36.0164
32.5882
26.4533
31.0181
27.8826
25.6306
31.1084
35.2009
28.9148
27.7519
38.2511
30.3708
29.1515
26.5922
27.6763
24.7462
30.9107
22.1502
33.1690
30.9714
28.4405
31.4886
32.1224
30.6766
32.0547
25.3389
28.0170
31.8347
31.8326
31.8802
29.1139
28.8335
27.0713
25.8603
33.4396
25.4615
28.0063
29.8354
31.8069
32.1548
34.6628
33.4390
33.4626
25.3021
28.4051
31.0488
27.3713
33.4502
30.5445
30.5882
35.3776
33.6311
24.7129
22.0740
35.6701
28.9268
28.4710
28.7733
32.9335
24.2553
28.7206
24.6763
30.8107
27.1117
35.2479
26.2222
31.5442
29.9958
26.0025
29.0578
30.1451
28.0628
23.7196
25.9346
30.8148
27.5258
35.6644
33.6373
24.5487
29.2369
27.0572
29.7041
24.1047
29.6708
33.9718
28.6551
29.2335
24.1844
35.6044
33.0521
26.7866
32.2562
27.6455
34.1029
32.7888
28.6548
29.1060
35.6271
33.2288
27.3312
33.3807
29.9049
33.3571
25.5720
32.3835
29.5051
32.2722
26.9167
29.5724
29.1471
25.1368
27.3823
26.7215
24.4332
30.4664
25.9642
30.0344
30.7675
31.3222
24.4098
27.3688
23.3639
27.5819
31.8587
26.4824
23.9403
28.5680
28.6572
32.4604
29.1264
26.2050
28.5497
25.2736
25.1967
30.5446
29.8044
31.1953
31.3128
35.6525
25.7887
25.3587
23.6803
28.1404
27.3827
32.2145
28.5692
29.6249
29.4426
26.4192
27.7068
34.3664
25.8695
30.2427
29.0359
30.4561
26.1628
27.5460
25.9090
28.8505
30.9620
27.0051
23.9442
22.9577
27.1439
27.4430
37.1354
30.4419
28.6623
31.3564
25.0613
26.3930
32.3581
28.6313
27.9698
26.2818
33.5349
24.0462
25.5436
25.0910
29.2283
30.8285
31.1276
26.7789
34.7263
31.0966
29.8704
31.1555
29.8246
31.9136
26.3044
33.7259
32.4855
29.3954
30.1869
24.7105
25.4362
25.6172
28.6825
30.7568
27.5075
32.5843
34.4756
34.1327
28.0926
32.1269
29.4496
33.3736
25.4833
34.9209
30.7158
31.0570
23.5152
26.0077
27.2141
31.1791
28.9659
26.9677
25.2251
27.5046
29.8705
33.9800
33.3247
27.3709
30.2952
28.3318
25.5937
33.8501
23.4659
29.4935
27.1750
27.4234
28.8467
29.6960
28.6977
30.3751
27.2974
30.3021
31.2144
21.0579
33.5276
25.9817
30.0622
31.7914
29.8208
27.4649
25.8172
29.5605
25.5366
24.2117
27.8323
24.1344
33.4427
31.9277
25.6258
30.0004
29.7485
31.4474
34.3949
28.3069
29.8738
28.8402
26.8840
29.3460
24.9373
26.7183
26.2586
31.5048
28.4831
31.5655
31.5742
25.8180
34.3203
40.6180
36.5794
29.6829
30.8453
30.4425
32.6350
30.9996
31.1175
29.1332
30.5755
26.3714
34.1522
34.0759
28.2961
30.9865
31.9792
28.1764
25.9897
33.0171
32.3387
30.1183
22.9793
29.9399
27.2448
30.5221
34.1087
39.3775
32.6958
32.0440
30.3205
32.9180
32.6626
28.7552
26.5460
29.6461
27.5225
24.1408
24.3351
32.4821
24.4996
33.0854
36.0047
24.8513
28.0105
23.1222
27.8985
21.5075
32.8818
27.9002
24.6968
26.6956
28.7641
29.8828
27.4169
30.2690
33.1889
35.1645
25.4696
28.9303
22.5548
22.8513
26.4410
30.7327
29.3050
37.7497
29.7448
31.1450
30.0510
30.5571
27.0177
26.7862
25.1683
34.4629
27.6728
24.6700
31.9733
31.7613
29.9568
31.1999
25.3002
19.0911
26.7904
28.9034
29.2735
24.2066
29.3042
26.5093
33.3521
32.2281
29.7757
34.5138
24.9192
27.8296
31.8031
26.3626
34.5345
31.3696
30.4064
29.1236
28.5095
30.3089
30.5622
33.0216
28.0551
26.9748
31.4165
35.0167
33.1362
27.2071
33.5210
30.8538
20.9277
31.0703
29.0849
26.0622
26.9409
26.3317
29.7528
27.0888
25.8204
31.3081
26.4423
28.8034
30.6607
24.1146
30.5334
34.8212
23.3866
24.8559
32.8603
23.7420
26.2456
26.5712
30.0209
27.8702
28.1796
30.5872
30.2484
27.3974
23.4365
22.8384
26.4321
28.6362
34.7538
23.9663
31.5799
30.4469
25.1905
33.9034
19.5461
30.7076
27.6149
32.8639
24.5268
26.2517
25.1465
27.5150
27.2780
30.1745
27.1934
31.0049
31.3221
30.6673
32.9373
32.7205
31.1588
31.0760
32.7898
21.3906
27.1917
34.0758
34.6884
24.6517
28.2985
33.1219
39.1929
29.3007
24.6537
26.4213
25.5635
27.3030
32.3530
30.2012
30.5148
23.8193
22.1928
29.4890
29.0566
35.8145
30.8151
34.7093
34.7145
29.6132
34.6216
28.9497
32.0707
28.9773
32.4796
24.5981
26.8641
24.6978
27.5874
32.9978
26.6107
22.1692
29.3616
32.2819
28.5777
34.2565
20.4197
34.1303
31.0204
37.4969
27.6217
28.0441
28.2872
37.6881
33.1888
36.8919
25.8037
34.3480
29.4289
25.5083
34.5647
27.5535
25.0997
33.0106
22.7185
33.1154
29.4533
29.3059
28.9493
27.6114
30.6639
32.7546
29.3478
31.2221
27.4037
32.1616
26.0404
29.6628
30.8890
28.9160
32.5285
21.1017
26.9025
30.7026
31.0395
29.6759
28.9572
34.3334
33.1475
33.1310
38.7834
32.0957
29.1826
29.6976
27.1921
26.4674
27.6143
23.8621
30.3246
33.0826
28.9663
30.5318
30.5307
32.5445
31.1981
26.0879
29.5658
33.6119
29.1642
31.5985
34.8655
30.8148
35.0564
27.4616
21.2729
26.4788
34.0204
31.4014
29.8291
25.7828
36.9888
35.4106
25.9627
22.0305
23.7438
31.3418
26.9595
29.0863
31.5154
25.9363
30.8962
27.6494
29.0786
27.0533
33.2309
23.2333
27.1035
29.1665
26.7422
24.8437
25.5274
23.0512
25.9767
32.4017
30.6187
31.9282
37.1283
34.1240
27.4433
24.9947
27.5479
22.7836
28.9598
27.1817
25.4987
30.7918
27.0553
33.2341
29.5791
31.7904
29.1122
34.6551
27.2835
27.6037
28.1219
24.1384
28.5338
36.1147
30.2782
25.6056
29.5176
30.9423
31.3019
29.0561
29.3158
27.9960
35.5348
22.4001
29.4632
29.3330
28.9896
23.3598
31.6623
31.7308
28.9775
31.3908
31.3613
25.1224
31.5956
29.6595
29.0587
30.2820
25.9655
33.9099
36.9327
26.3841
21.5611
28.4608
25.3540
21.9729
27.5960
23.1339
30.1859
36.5982
27.0093
31.0653
28.0370
27.5823
27.6910
28.3477
27.0392
34.8706
33.9183
35.0029
25.7608
24.5753
30.7466
26.6999
31.3670
32.4836
32.5995
28.8549
35.6965
28.1884
27.1570
29.1205
30.3777
24.1026
28.6405
21.2739
32.4588
29.6195
28.9531
37.2921
32.4061
23.2687
28.6499
26.2304
28.9468
32.0414
35.9922
33.2353
27.6389
29.7287
31.2246
25.2418
34.5226
26.8588
33.3728
29.8831
30.2114
35.3129
28.5964
32.1741
27.2889
28.1832
29.9477
23.2855
31.7775
28.6053
31.5709
27.0816
28.8519
28.6899
28.1183
29.2654
31.2683
30.8026
32.1162
23.4486
27.2727
27.9474
32.9320
32.4673
29.8457
26.6348
31.8382
29.0569
26.9769
30.0831
24.1478
30.4475
36.1802
28.3788
31.9953
30.9435
25.2314
25.5314
34.3567
30.6836
33.2165
25.0462
30.7564
29.6896
35.6543
25.5494
33.5770
36.0518
30.8103
34.9777
26.3796
28.7368
34.6320
30.5361
35.3826
28.6697
26.9445
37.2619
27.4170
26.4455
26.1429
29.1461
30.6501
30.1683
25.6029
29.7693
29.0235
24.3189
31.8704
24.3453
26.1811
25.4734
28.3307
30.4145
32.3888
38.6040
28.8613
32.9235
29.6530
31.1831
29.5718
24.8213
27.1524
29.5125
32.3264
23.3193
31.0366
26.9658
26.3414
32.9304
37.8705
24.0573
25.0107
26.3332
27.5880
30.5334
29.8287
31.3722
33.5151
24.8453
29.6762
38.6565
30.9718
29.9295
29.0567
32.7568
26.3798
34.7321
29.4239
25.1239
25.4314
30.2316
24.7348
28.4057
28.1279
29.0982
26.7775
34.9677
29.5180
27.0465
36.8627
27.6953
27.2255
29.6718
25.3033
30.6732
30.3662
32.3519
33.4247
25.3204
29.8006
31.2007
31.6584
29.9571
27.3700
32.6986
35.3877
33.0629
24.0169
25.1643
31.0813
30.0659
30.1292
25.2044
27.7222
30.7013
26.4041
25.5899
27.9309
36.7319
28.5866
24.3097
24.6057
29.1600
33.9337
30.3678
33.0375
30.7528
32.9422
29.3156
25.7329
33.8220
24.4517
29.2116
29.1030
27.6375
30.9183
36.7065
36.9279
34.1336
27.8146
25.9725
28.5547
33.1681
27.6808
28.5576
24.3753
28.2841
27.8042
28.7827
32.2134
35.0180
30.2111
24.3036
25.7373
32.3522
26.0942
25.7498
25.6892
25.3037
21.9930
33.2471
25.1086
29.7540
25.8431
31.3772
35.9072
30.6107
25.0088
37.6215
32.2011
26.2498
26.9720
35.6892
25.2964
35.2032
31.2806
30.3236
28.7316
35.0865
29.2081
32.5472
31.4347
33.7957
29.2002
29.2490
26.7615
31.9027
32.4962
31.2447
31.1328
26.9782
29.9847
35.0488
22.8800
32.1661
29.9072
24.5881
31.4261
30.9017
25.0112
26.1371
33.4856
36.7569
36.4388
26.5483
33.4420
24.7725
25.2334
34.6275
34.2126
27.1628
26.0250
26.2910
31.1599
20.5735
29.5752
31.6848
28.1519
23.6744
26.3187
29.0003
31.7728
25.7295
27.2485
26.6606
32.0169
36.2792
26.5396
33.6945
26.3398
29.5734
36.6486
32.3301
25.7274
26.0124
31.9496
27.3788
31.1511
28.2478
30.9716
33.1380
27.5583
29.5762
22.0874
29.5795
27.9881
26.2697
30.6419
36.4222
33.2450
32.1188
30.8740
33.7186
29.1522
32.2010
26.9216
28.1629
32.9104
32.2741
30.7777
27.7607
30.7457
33.5999
29.1488
31.5211
23.4155
22.9293
28.9482
29.5019
30.4078
28.2993
29.0033
24.5509
30.3860
30.2385
29.4687
27.5144
27.9605
24.5283
29.9130
27.1070
30.8666
29.3064
24.4445
26.0285
34.1616
31.1739
29.3143
32.8931
30.7005
28.9950
28.3523
23.8475
22.7945
23.0390
25.4940
31.5268
26.7592
26.2347
33.0632
25.5609
24.1963
27.2851
34.3584
34.7482
32.8202
36.9955
31.3123
26.2610
26.9026
29.8235
31.2623
32.1918
34.5508
24.5372
29.4363
31.5072
26.6100
29.8120
33.0823
31.3810
34.7577
29.4684
33.6936
24.9827
34.5851
34.1898
33.4602
28.5240
28.0238
31.6887
31.1001
27.4141
28.2033
21.6382
27.6199
25.0403
29.5614
22.4618
22.3413
30.9324
24.6427
25.6117
29.0024
29.4834
27.2619
27.4836
34.4294
25.4211
22.8589
28.1422
34.0998
31.6282
33.5970
25.4254
25.6393
30.0505
27.9933
30.2742
33.0824
25.6046
30.2870
28.3585
28.9459
31.2198
30.2443
27.9593
30.3618
25.7514
30.8743
28.8608
25.1383
35.6086
28.3921
25.9591
24.6247
33.4204
24.4795
27.3773
22.8882
31.0125
30.5797
30.9673
30.3730
29.2720
34.9876
26.5543
20.8435
24.1496
27.0042
32.9749
31.8015
35.2332
28.6247
27.9893
26.0366
26.0410
29.3544
26.9310
32.1131
27.8943
22.5366
26.4136
31.8320
26.3334
30.2349
30.3752
26.3048
25.2775
27.4046
36.4728
31.4172
29.7091
21.0754
29.6997
26.4041
27.0700
26.4920
30.4187
25.9096
30.9472
32.6476
25.6878
28.7618
29.4816
30.5083
26.5864
22.9337
32.6667
31.1655
27.4787
28.6851
33.7484
30.0371
23.7790
25.5956
27.8550
31.5625
28.0544
27.7117
28.6879
28.6972
27.6648
33.2658
30.6892
27.3352
28.4489
25.5286
30.2364
32.6046
26.1234
27.5371
25.2770
27.0581
27.7159
34.6664
30.6894
27.1121
34.1479
27.9380
28.9031
34.3257
29.1501
31.2406
25.6176
27.2376
28.0729
32.0957
19.4173
32.5791
29.7441
30.7364
31.3100
26.4528
31.5919
24.9605
30.4211
32.3714
31.0303
28.8843
29.9120
27.9740
27.2053
32.7914
34.2021
26.7532
27.3053
33.6550
21.9283
29.7188
29.7606
22.5431
27.4126
34.6724
31.7113
33.4386
29.8697
26.1436
23.3118
32.1020
27.1879
25.8498
33.8204
29.8875
30.1600
37.4622
34.9336
25.0222
21.4269
28.2805
33.4893
22.6865
30.9981
34.9504
27.8457
32.3126
31.8019
31.1424
25.1920
22.2187
28.5952
23.1869
23.6379
27.7277
24.9656
27.1188
33.2859
30.0265
32.7666
26.0716
32.8639
27.9465
26.0219
29.1579
26.2990
24.2258
28.0248
24.0964
24.3811
31.3643
27.7731
27.8521
32.6984
25.5976
30.4357
29.9670
30.6229
31.4246
25.1134
27.5512
29.3219
28.2478
27.5644
23.9465
31.2880
26.3231
34.9153
27.6495
24.8971
32.6427
24.6738
19.6390
25.3899
31.1366
23.7423
22.7420
22.1068
34.6499
24.2644
29.0824
28.5048
20.4667
28.0879
19.2201
26.8722
35.1279
30.8513
31.6965
22.2606
24.6480
24.5090
32.2911
23.6055
33.0893
30.7200
33.6936
35.2437
30.7754
29.9732
24.2170
28.0208
29.8614
32.5179
33.6298
35.2880
33.3314
32.4551
32.9339
33.1248
32.1283
26.1479
28.2271
33.4626
26.3449
37.6874
33.3896
25.8443
25.3315
26.4406
30.6457
35.2522
28.1877
22.7812
32.0422
26.6876
26.8412
28.6666
25.1337
32.8130
21.8178
28.3462
33.9951
24.4414
19.2801
31.9528
29.5097
37.5119
32.8169
25.7521
34.6461
29.4370
23.0500
34.0911
29.4502
25.5272
29.1770
31.8080
25.6029
30.2170
28.9783
29.4007
27.1344
28.6675
31.8001
30.5462
28.8137
29.7488
30.1006
29.0906
25.2615
28.7267
24.9396
27.1361
27.6263
27.8183
32.6286
24.8055
28.8967
30.1342
22.8985
30.4252
27.4975
28.2463
34.5079
28.6278
28.5240
25.6374
31.2816
26.6088
27.9779
26.4552
28.0986
35.5288
32.3561
21.9524
28.5444
31.0221
35.9958
30.0173
31.3892
34.3693
30.4097
30.6861
27.4508
32.6929
27.8079
23.1922
31.2858
30.6518
28.5744
24.1005
33.4630
28.1089
27.9793
30.0576
29.1372
28.0363
32.3011
27.3198
32.9756
23.1166
23.3519
27.9946
33.1007
32.7135
27.7005
27.6157
28.0969
29.5107
30.4939
31.7643
30.8154
27.3037
30.2691
26.3182
35.1313
26.4110
32.7427
26.0714
27.7292
31.6226
31.8280
24.9737
24.3875
27.4568
32.4857
30.8325
27.1909
31.9324
26.4928
30.5217
33.6545
30.9167
31.9333
35.5828
36.1732
28.1603
33.9591
22.6388
31.5307
26.3573
31.0916
24.0343
26.0575
31.6592
25.6907
23.1441
28.8381
25.9991
24.5512
21.9123
23.9162
25.5159
22.8550
22.9263
29.0365
28.5580
25.4014
34.0775
26.4163
27.9105
37.3334
29.2906
27.0857
32.7862
24.9536
27.2291
29.9740
28.4967
27.6037
29.8972
29.7926
33.2668
39.8812
35.2168
30.8869
27.0794
32.5531
28.8512
31.4883
34.1731
26.7647
25.8453
30.1481
28.3896
30.7504
34.4706
23.2022
24.8504
21.8809
31.6491
26.9169
38.1327
33.1296
32.0469
35.0623
31.2594
25.9418
27.6730
27.6138
31.9212
29.7760
26.2931
27.5874
31.7997
36.6749
29.3435
25.5406
33.5813
31.2782
31.4775
31.7763
21.4353
23.1443
26.6446
32.9227
24.4492
19.5520
28.2097
26.2875
21.4332
31.8850
36.5086
27.9456
31.4401
29.6731
34.6895
35.7323
28.5722
24.0578
33.2467
33.9459
33.1497
31.5693
32.3109
33.5588
28.0907
28.3214
32.9588
25.6109
31.9866
32.1024
26.9200
31.4531
28.8881
34.6132
26.9113
25.9548
24.9768
26.4646
23.7760
35.5350
37.1679
26.6611
29.2104
30.3567
35.4413
34.9259
29.8735
26.2226
31.6891
34.5525
30.2653
33.7800
31.3559
31.4442
31.4960
30.3324
36.2429
29.7163
25.0159
27.5641
27.4681
31.5439
25.1682
31.0486
24.6952
28.6419
25.0411
28.9695
33.6925
33.6573
32.9915
31.2180
32.7493
25.6113
24.8420
33.6224
25.1047
29.5947
33.5335
24.8098
25.4533
27.2774
33.3710
31.5793
33.0619
25.1973
23.0462
29.4691
32.0236
34.8501
21.4227
25.8040
38.0240
31.6961
28.5429
34.8790
29.7645
16.9861
30.9797
30.6743
32.9835
32.8337
33.2005
31.7218
31.1842
31.7441
31.9443
32.5248
28.0468
36.4515
34.9353
32.6864
30.1343
32.4978
27.4842
26.5887
22.1022
23.7939
26.5007
29.1276
26.2063
28.0829
28.8399
24.4347
25.2631
28.6768
29.6078
34.9985
32.8012
28.9935
24.3355
25.2269
27.1004
26.2935
26.9124
29.0245
33.2144
32.5230
31.1615
27.0000
26.9837
32.9015
26.7208
33.1096
26.8637
29.7208
31.1130
26.1216
27.8305
32.6607
30.2863
34.7074
29.3053
24.5358
24.7959
32.3603
32.8286
32.1848
21.1656
30.5940
25.8732
29.2716
28.2860
25.3644
25.8437
27.2279
24.6486
27.5562
30.7895
31.1870
26.3562
35.0712
23.9374
27.4473
23.7609
34.1184
30.0832
26.5645
31.1711
26.5020
30.8383
28.7187
29.0040
32.6020
31.9322
29.8738
33.3022
30.4311
29.7583
30.8540
23.5785
27.1932
24.0773
30.4191
35.0111
28.9107
28.9481
29.3133
20.3358
29.3798
25.6878
34.4217
29.6969
27.1760
27.4903
29.9650
29.7439
33.1410
32.4923
33.3633
25.2339
28.5149
26.6885
29.5217
26.7362
24.8675
28.3197
26.6569
25.8409
31.7879
29.5945
31.4719
27.8233
32.0830
35.6332
23.6342
24.9939
37.1820
29.0667
27.9761
33.4619
30.5925
36.3370
34.3289
26.3775
29.7728
27.6125
30.7689
32.2084
32.0106
26.9060
28.8568
30.9357
30.1410
29.5571
34.7673
21.6606
25.3649
33.3096
30.6100
22.1173
26.8500
27.6715
33.7497
31.6743
24.5389
31.1288
26.2522
27.6262
26.4106
28.4639
25.7107
29.0264
27.8157
27.7038
22.0005
32.7903
24.3124
24.3714
27.6137
32.5075
32.3737
33.7504
27.6895
22.2621
25.6816
27.2619
27.9609
22.9144
28.3698
33.3587
32.6801
31.9648
23.9051
32.4762
26.1357
27.2370
23.1857
33.3120
34.9234
32.4118
27.5896
29.7504
31.7098
30.1667
29.4030
33.1751
29.9549
26.0121
30.0919
25.0799
23.7077
33.1963
28.5509
28.0381
26.7556
35.4245
25.8535
25.5445
34.2521
27.4689
31.4076
25.3296
32.1269
30.5250
31.4649
24.1699
27.8414
23.1171
30.9677
22.4878
32.4780
21.9432
29.3768
24.7405
25.5620
33.4015
24.6783
27.9238
33.3667
31.7212
29.7237
36.9987
28.5696
33.0615
30.0989
26.9878
31.8586
30.2471
30.9580
36.7840
23.2828
31.1579
24.3281
26.1760
33.8413
24.4594
34.2257
32.8299
27.7125
31.4302
24.0920
29.2024
26.3052
32.7716
27.6256
26.1791
23.0518
28.3866
39.5245
27.4666
36.5831
29.3405
29.9890
28.2199
25.6684
30.6017
28.5408
28.8591
26.5834
29.8913
30.3760
29.2356
37.0968
26.4220
31.5603
27.4317
35.1778
28.8919
30.7887
27.9392
21.6075
29.4291
35.9135
31.5373
22.3954
25.7270
30.9447
30.0817
33.2044
28.1395
25.2715
34.2000
30.3209
30.6438
30.1012
33.1347
34.4553
34.7083
29.4968
27.7324
26.9791
29.9738
30.5132
32.7370
34.8757
25.8796
24.1669
33.0002
29.6175
25.9917
34.0298
27.6611
33.4072
29.7607
27.2390
31.0853
27.0880
22.2580
30.6338
31.6564
31.4092
36.2441
25.2463
30.6653
28.8511
32.4845
26.5194
28.3321
28.3175
21.3979
27.9686
34.3910
34.3787
27.4104
26.9311
30.4938
32.2167
26.5601
25.7013
31.6597
30.0680
28.0283
25.5651
31.0470
33.6185
29.9209
35.0646
32.4752
28.8579
30.1623
29.2191
30.8995
33.8067
34.3601
29.7929
29.8195
29.3586
33.4579
24.8930
29.3158
29.1638
29.7443
28.3490
26.7186
28.6343
28.5775
35.3087
30.4410
24.7916
28.7274
25.2830
31.5262
27.3858
37.5727
25.4199
31.8354
29.6663
25.7180
30.6598
31.1060
30.7648
32.3019
28.5048
26.4455
34.5194
26.7964
31.7902
27.5316
26.7249
25.3015
30.9197
26.4570
28.6454
35.9775
26.9785
25.5165
27.0212
30.8945
31.8894
29.6073
28.0464
31.1323
31.2362
29.9898
32.6805
32.1435
28.7350
26.1184
24.0210
27.3866
36.0977
23.8323
22.7104
24.8038
24.7538
25.0000
27.4204
28.4169
26.3764
27.4803
25.3680
26.8652
30.0873
30.5197
24.4459
30.2962
24.8985
32.4245
36.9685
33.3253
26.5035
23.2817
27.0435
24.3296
30.1110
23.7625
30.1459
22.3410
28.5855
28.3808
34.5793
37.2864
33.0030
29.2325
28.7112
32.5278
30.4329
27.9239
36.7187
29.7515
31.2593
32.0338
36.1675
34.9812
26.2386
32.6210
30.0094
25.1304
30.0629
31.7503
33.9030
31.8070
23.9550
34.8735
37.6498
36.2357
30.5982
26.3540
27.2987
30.9621
23.7664
32.4190
34.6982
36.4164
27.2025
31.6382
32.6920
29.7833
27.4747
28.5736
26.4680
29.0226
30.4811
32.5566
35.2067
32.5743
22.2339
31.2364
30.5464
27.9993
21.7370
29.6994
27.1777
25.2355
37.1498
33.0076
31.7458
28.4514
23.7809
34.9608
26.7437
27.3443
25.4090
27.4668
30.8525
25.6268
33.4451
27.8806
22.0747
27.5002
22.6185
20.7467
24.2452
24.7486
30.6986
31.7045
30.5956
33.3235
26.4665
27.2020
28.6794
31.8787
26.1342
27.0614
34.1365
34.3992
32.8452
28.0393
33.1392
28.4161
25.3533
31.4802
31.9987
32.2346
34.9000
32.2177
29.5694
26.0098
23.0854
31.8853
36.1763
26.8551
31.0979
27.8887
29.9935
26.2933
33.9689
28.3050
27.9936
30.5977
25.4666
32.4000
31.4122
33.4573
26.5333
30.1784
29.0245
