Orientation_Correlation_Function
0.6962172305345037
0.4136198340521128
0.17824223151424753
0.024306865475601475
-0.04723343102479293
-0.05659149364350523
-0.03057580077952521
0.006036103585286292
0.03682614070679592
0.05419620421747631
0.05787587101449574
0.05112246667578817
0.039217475361939674
0.026517855793582835
0.016140400793699907
0.009077949566418756
0.005068913830381231
0.0033664088642538508
0.0029593920679438454
0.0032414002063856848
0.0035772930418843316
0.003697098195665943
0.0032356521483373943
0.0024095532944559818
0.0014910467022759258
0.0008415224643268811
0.0003479619831011708
0.0001433819775528415
0.0
0.0
Avg P-P distance: 5.462329072326781
