20.5162
25.1883
26.7777
17.5530
22.6013
27.2239
18.5516
21.4025
25.1078
27.5058
25.9955
24.3805
21.1163
28.8805
24.6860
26.6847
25.7773
21.2335
32.7877
20.4642
25.6820
19.6913
27.7563
32.0283
22.1985
22.8321
18.7028
27.0086
27.6058
27.0510
22.2564
19.6885
24.3888
27.2096
35.3085
25.1747
20.2651
21.3025
22.6854
22.9367
23.3450
29.2862
21.3129
30.5445
26.4375
23.5595
25.7637
19.2373
25.3148
24.3308
31.5603
26.3389
26.7623
24.0899
23.1717
28.8403
32.4478
28.3083
24.7360
30.2323
27.5888
26.7792
22.2919
33.3030
24.2165
20.9027
19.6487
22.0933
31.5196
30.3909
21.1797
23.2172
19.7140
19.3326
19.0141
18.7688
23.8043
18.5149
29.5291
27.1699
22.9238
25.9977
35.0936
26.3467
28.5888
25.9518
27.7833
21.6791
22.0937
24.9584
32.5296
27.0780
28.9705
33.2874
26.8404
23.6047
19.3591
27.1940
27.5101
26.1558
25.9439
28.1289
21.5968
27.8986
19.4368
23.9729
26.1798
33.0188
26.0416
21.3572
28.3853
27.0486
30.6250
34.0200
17.3663
20.0513
23.7276
30.6743
27.7905
30.1441
22.4917
28.6502
19.4877
19.0615
34.3656
29.7445
23.4467
21.8728
28.5856
21.2071
26.2780
23.4705
23.5054
20.8696
25.5981
22.4808
25.4584
17.6822
26.5577
28.8085
26.6046
25.0441
21.7878
24.1142
20.9491
24.1381
26.0527
16.5224
25.5587
28.0051
20.0717
25.5218
22.5146
22.3975
22.4768
29.4641
24.7283
26.4606
25.8525
33.0221
23.9839
27.0529
24.3052
24.1766
32.2770
25.2101
27.6728
23.9749
19.7683
27.4169
26.7408
22.7630
23.5763
27.6482
22.7721
21.1606
27.0410
21.6843
21.6309
28.3883
26.8250
21.9515
35.2693
17.3081
26.3300
24.3612
25.3297
20.5116
24.1889
22.7455
26.9567
30.6594
30.8619
21.7527
29.2021
29.5862
22.3269
25.4917
26.8418
25.0693
24.5293
28.6220
26.3842
32.4261
20.5423
22.6177
22.2234
23.3269
27.8356
23.9129
24.0889
26.6597
29.2668
28.0497
22.8548
18.6770
22.9862
23.0375
26.6267
18.7163
18.4672
31.4366
21.9041
21.2547
29.3693
29.9591
20.2923
28.1307
29.9471
21.6973
33.4313
21.4159
27.4029
19.4653
29.9014
23.2025
25.2318
21.0687
29.1063
28.3964
23.0889
23.1580
31.6148
19.5538
27.6168
23.4064
26.9895
19.7937
28.6009
17.6479
22.3786
25.7281
28.7875
18.2142
22.2135
22.9291
21.3066
24.2713
23.8257
23.6540
17.0273
25.8321
26.2141
22.4046
30.8407
20.5716
26.5556
32.6137
21.4751
21.2669
22.2030
29.4925
21.2926
19.4644
16.7261
31.5265
31.1520
17.9028
18.2184
28.9372
28.3763
27.1028
22.8385
24.1107
33.0592
22.2165
29.1258
28.6612
24.1670
31.7768
27.6457
22.7997
22.2240
22.4212
16.9372
17.0432
26.7486
25.8259
19.6662
26.1608
33.4061
24.5814
18.1663
21.5668
30.3095
28.0886
26.0145
28.9791
25.3393
17.0715
25.9093
22.0128
22.5769
31.4518
32.5050
23.6506
19.4562
29.6777
28.9270
22.3696
21.7533
29.4781
21.3079
30.1739
21.6224
22.5734
18.6550
26.3554
19.6973
34.6455
22.1136
25.2588
30.5403
20.2928
22.8608
19.1261
23.6374
26.5431
20.1812
21.2858
30.2896
29.5767
25.0983
20.8363
27.4329
19.9801
24.7964
26.4489
18.3114
25.2656
20.9508
20.3584
29.8279
29.6474
23.8575
24.6137
28.8972
18.1002
23.2834
25.3373
19.2872
37.5638
25.8468
27.2861
26.0861
32.1864
28.3345
25.6238
26.3605
25.6088
27.0256
24.1239
22.8256
28.1562
23.4224
27.7949
26.6928
28.7336
28.4752
21.0201
36.2805
22.3005
24.3356
27.0926
21.6364
21.5995
29.7371
22.7353
28.5659
28.1864
28.5575
16.9322
31.4450
23.0442
25.8404
20.4568
22.7212
33.2294
20.9827
20.8906
23.2884
22.8873
26.5110
18.4699
23.9521
24.6895
29.0835
22.0758
22.0757
20.2247
19.4667
25.4265
20.6685
24.5348
26.3426
33.2992
23.9338
21.8946
27.8893
21.9714
29.5524
33.4162
14.0515
23.8639
32.7214
33.0953
29.0907
19.7392
24.7759
27.9417
18.9990
24.0539
20.1606
25.1991
27.6446
30.5565
23.7260
28.5176
24.8079
20.9870
29.8635
19.8639
17.3992
21.3317
17.7065
27.8888
27.4011
26.5193
28.6776
22.4511
22.8158
25.9116
23.2479
21.7926
17.6046
24.9866
30.8638
24.4069
23.9131
21.8999
21.3843
22.0866
34.3089
28.0306
30.7063
23.7212
24.1861
17.5591
28.2060
26.1565
20.2655
28.8149
25.1074
21.6068
30.9563
20.4713
23.8773
25.2069
32.5695
31.9943
21.9792
27.7431
17.6457
24.6137
28.6078
22.0665
23.9283
21.8430
30.0826
22.1460
24.7730
28.2599
25.6166
27.7915
27.0077
18.9167
23.7163
29.7044
21.4894
25.2985
24.6069
20.7742
24.4486
19.5288
23.8090
21.3341
30.3028
26.3296
26.7413
28.6876
28.7753
30.3052
21.6191
26.0429
18.4755
21.9282
17.6085
20.5833
23.5819
19.1981
27.2113
24.4436
22.8635
31.6679
23.8635
19.7634
20.5952
31.6158
19.7618
23.4086
27.6151
30.3863
22.2912
23.5942
28.8127
24.1574
26.5922
22.4529
25.3955
23.8387
22.3272
22.8093
23.2262
22.2640
26.2667
19.9077
24.4150
29.9490
20.9618
19.2881
33.8596
24.2058
23.5815
21.2026
20.4839
23.1427
22.7809
23.8879
21.2281
29.4450
30.5474
20.0517
24.9626
25.7123
26.6870
27.3854
22.9583
27.6155
28.3874
23.9962
24.6085
26.5227
24.6026
20.0644
22.9562
20.4472
25.9630
24.6462
25.1808
29.5398
17.1371
19.9226
25.0612
21.0891
26.9737
18.9376
21.9456
25.2873
27.9820
25.1570
27.8692
28.6287
23.5963
28.2451
25.7723
32.7188
21.1094
33.2057
23.1942
28.7309
23.7525
25.9334
30.1912
29.2332
19.5466
21.5589
26.3021
23.1829
24.8676
25.4837
28.8411
27.0464
26.4113
22.2874
19.1872
22.8172
22.1035
24.7256
27.5284
23.2107
22.2549
23.4757
21.9301
31.6618
19.7650
30.1720
16.0378
20.6622
21.2657
19.4294
24.9626
19.5644
18.1385
32.5441
27.7207
25.9536
28.5094
26.1584
23.1715
17.6929
20.5367
24.9055
21.4669
28.0960
27.0846
15.5851
30.7033
29.8992
20.9977
33.4734
23.3095
23.8598
27.5592
23.1958
25.9508
36.3626
28.4911
30.2579
19.8813
23.7514
20.5173
25.0168
30.1873
23.5111
24.0432
23.0686
19.8580
21.4353
26.2798
22.7853
27.1553
29.0552
25.7847
24.0500
32.5829
22.1940
20.8945
26.1932
27.8568
27.2395
24.7033
22.1296
35.4131
20.0488
26.7407
28.3870
24.9419
15.4959
19.2535
30.0163
21.7551
23.4238
22.6541
24.8886
17.8486
27.0434
21.8669
21.0588
20.6835
30.8002
26.0325
22.1512
26.5751
20.6912
32.0892
24.7047
22.1785
20.5383
22.8572
26.2371
28.9577
22.8099
25.5171
21.1491
22.3456
27.3079
28.6535
23.6865
27.1525
23.8495
26.4906
28.3453
21.8554
34.0931
23.1727
31.1785
24.5842
24.0644
20.9811
25.3818
26.7719
22.8383
33.8417
28.2408
30.3468
25.4442
17.6144
25.7383
28.4052
24.2365
17.5566
28.2557
24.2509
33.8144
24.0469
20.9165
32.7866
26.3335
31.9049
29.8482
22.5350
29.0425
28.0473
29.5495
24.1873
26.7461
24.8357
28.0084
23.7123
24.9151
24.6308
28.0957
26.6934
18.9325
24.4763
27.6914
22.6048
19.2395
24.0736
29.5510
31.7043
29.9634
20.6706
24.2839
24.0596
32.2921
19.0518
25.7441
24.9073
26.3506
25.3576
19.6768
20.4619
29.8104
23.3767
19.9754
17.5758
28.5424
22.0108
26.9256
23.5095
23.5044
26.9724
21.1197
20.7495
23.7443
18.5513
19.6026
16.7542
22.6526
23.8942
25.1656
20.4580
20.0049
19.7906
24.6136
33.6405
17.9282
19.2410
21.3897
22.6336
24.9287
29.7023
27.8690
22.0313
17.3211
25.5908
19.0370
28.9997
28.4549
25.9389
29.2025
24.6736
23.7727
23.0495
30.6975
25.1324
18.1163
23.8093
26.5695
19.3161
29.8611
25.9950
23.1057
27.8097
25.8859
23.3134
25.7671
19.4028
27.5658
21.4206
30.6758
21.1718
28.8607
29.3923
26.5041
24.8790
25.9841
29.9628
28.9211
22.1366
24.7779
22.9530
19.2563
17.5811
26.1474
19.1895
24.0180
23.3465
20.7757
28.6789
23.5042
24.6176
24.1619
19.9114
25.3563
30.1215
20.8806
27.4399
18.3357
23.6557
27.8354
25.2725
21.3003
19.2588
18.3313
32.1747
24.2569
21.2864
26.7127
24.4128
25.3795
32.7871
25.1377
25.9722
25.9359
24.6281
22.6191
28.1843
23.0387
24.5592
29.1871
23.7689
27.0875
27.9113
27.3324
35.0198
22.2687
30.2681
26.7733
26.0231
27.6695
24.9609
22.4497
30.5069
30.7337
25.4581
21.8566
25.8784
32.1617
23.5933
19.1808
23.5171
24.5090
36.1713
19.2892
23.7608
30.2181
25.1809
24.8857
23.6794
25.0258
22.2602
21.5385
24.1697
22.7376
23.0469
29.4029
19.3023
27.5397
20.2393
26.2293
36.8182
28.0777
30.7858
20.1084
25.3630
20.2993
23.9652
26.0114
24.6267
22.1993
19.8044
26.9813
23.3847
22.0543
28.2028
22.2843
30.9408
28.7912
24.2645
24.2648
29.8695
29.9302
21.5185
28.8739
30.1454
22.9907
27.5315
25.1566
20.7312
24.6208
24.0509
27.3145
28.0170
23.2597
28.4286
27.6208
30.0368
23.8642
29.7225
20.1727
24.9624
25.9222
28.9521
26.1691
22.9005
20.5682
23.7705
29.4242
27.9294
32.0074
26.8623
24.4075
28.0565
20.8820
26.9538
16.1142
20.7040
19.5180
24.5234
26.1649
31.1390
33.7012
33.2550
28.3065
31.3403
27.1743
29.3852
18.7133
22.8282
30.7393
36.2922
20.0245
34.4277
28.6508
19.3716
18.2253
23.0920
31.1725
24.3398
21.1781
21.8158
30.2808
27.7920
29.1016
25.2921
27.4540
20.4581
24.6810
29.0996
21.8012
27.4119
24.4597
23.8375
27.2920
28.9893
17.6780
26.1621
22.3278
22.3595
26.2307
29.3729
18.7665
20.7836
28.0089
18.7961
21.6875
26.0476
17.6309
21.9899
24.0918
34.1211
15.6503
25.7984
22.7781
22.0088
19.5246
20.2956
24.0498
27.9656
31.0678
18.5043
21.5471
31.8264
23.0950
25.6923
25.4789
26.2918
27.9403
25.1992
30.5157
19.2111
20.2098
29.1184
29.2955
22.2672
26.1977
26.6683
26.5713
24.2791
28.1272
24.0692
21.3456
28.1336
22.2731
25.6904
21.2194
19.1149
17.6430
24.6094
23.9958
24.1053
25.2926
15.9260
21.0986
29.3667
23.0753
27.3001
21.9742
23.2632
27.0336
23.5866
27.6267
19.0011
28.1269
21.7841
24.9263
24.2250
19.3941
24.6924
22.7573
28.3407
29.5520
27.4177
22.3858
22.9791
24.3248
25.7466
27.1101
30.8495
18.0314
19.9581
31.2682
28.5585
22.5623
23.2563
28.8196
32.3306
21.1372
22.6530
28.4253
32.3019
26.6387
20.5727
21.5988
19.8448
23.8678
28.8561
32.2144
25.2954
33.3140
22.1337
28.5317
21.0524
24.5211
27.6554
18.3441
22.4793
32.3700
19.2710
18.8966
20.0158
20.0780
25.8426
26.4094
22.9908
19.4469
22.7477
16.9243
21.9728
20.1393
20.1426
30.5808
28.4356
26.9292
26.1811
26.0314
23.0187
23.6038
20.7180
18.1239
27.1589
22.6176
24.1570
23.9964
29.2726
29.3572
30.9272
28.6855
26.9034
29.8781
23.6092
28.2728
18.7198
22.4409
23.8136
26.1805
22.4141
18.3546
24.6603
21.7852
25.3662
20.8871
23.9373
26.6197
25.4815
28.9532
28.0659
17.8448
22.3779
34.1114
18.6260
19.2533
32.6673
26.8622
30.8754
25.6895
26.2978
29.0631
30.5872
21.6203
25.7265
27.8947
22.0491
30.5022
27.7295
21.7149
26.3868
28.8729
27.1562
24.3772
34.1894
19.2967
25.1009
21.6524
17.7317
25.9700
21.8979
19.4915
21.8897
29.0702
16.9117
21.8628
27.4018
24.2987
26.0925
26.8626
30.8833
24.7061
28.3464
28.4252
23.6924
30.3820
23.0400
28.4487
34.8526
28.4981
25.3961
32.8179
27.8335
35.0703
22.8227
22.1687
28.9559
26.1132
23.1642
27.3033
19.1913
28.4716
25.9624
31.7486
24.9461
19.9639
28.2563
26.5318
29.0213
27.4209
28.7757
29.3087
23.9855
27.8412
20.5805
23.2516
23.8299
25.0753
28.6531
28.5856
18.0423
23.5400
26.8383
22.6901
22.2429
22.0934
23.2753
25.5161
21.6477
28.4746
23.0040
29.4640
24.5405
26.3994
22.6962
28.8628
24.9326
25.7072
23.1089
31.7097
22.0598
30.6519
22.8714
23.5568
16.2677
34.2237
31.2450
22.5804
20.7410
28.4941
26.2993
27.3102
18.1505
23.0200
21.8128
18.2767
29.5608
29.3677
21.3209
25.0203
24.7531
26.0900
19.0286
24.5970
24.1543
19.0568
19.0491
27.1734
24.2260
19.5972
29.1077
15.6960
24.3404
29.6525
23.3074
23.3345
20.8790
24.9890
18.6450
25.6027
26.8480
31.5781
27.5976
27.9891
23.0465
22.9286
22.7316
23.5116
19.8404
22.3467
27.8022
26.1856
33.0868
31.1821
20.2681
26.9393
20.4803
27.7179
27.1614
23.7821
28.7288
26.5571
23.9063
22.9930
23.9883
28.8882
19.7037
19.3730
24.5764
28.8694
23.0598
29.9438
33.2462
22.6122
29.3838
23.1128
26.3576
21.4389
32.9521
33.0258
27.6908
22.6875
25.0633
20.5734
19.0135
29.9911
25.5357
21.4692
22.9791
25.9966
24.2445
23.9784
25.4741
27.6145
26.6356
20.8310
24.7693
19.6306
22.7448
25.5414
22.5767
28.5237
28.7905
31.5817
36.3667
26.7135
24.2365
33.7342
26.5348
29.0912
27.3648
29.5674
26.5231
25.3777
20.5098
21.2464
26.0415
22.1473
21.1833
23.3709
17.3800
30.8439
23.4437
31.3265
26.7621
18.5149
21.8874
19.7527
32.7986
22.4476
25.2270
30.5767
24.0439
21.1125
21.0565
19.6940
27.0185
21.6705
21.4378
24.2772
26.7318
27.7949
28.4780
25.9075
23.3753
28.2032
31.3572
23.9813
24.1243
28.4253
20.6175
20.8046
26.8552
28.5046
24.5315
32.1679
30.7558
22.3353
36.1567
22.6846
24.3555
30.2054
23.7607
27.7903
21.0188
22.3543
29.4719
28.9755
25.8995
21.2470
22.2511
28.7717
22.0133
19.0793
23.4997
32.8593
32.9108
21.6380
32.6648
22.1285
21.8375
29.5134
31.8186
21.1363
27.3081
25.2368
25.3970
25.2999
30.6643
31.9316
21.2985
23.9811
27.4690
27.0283
17.8650
20.4615
19.7295
35.7690
25.2361
27.9421
21.8470
26.6427
16.8223
20.9372
29.7694
25.5279
25.7301
24.4982
22.5972
23.2070
27.5181
23.7085
24.7881
16.4962
31.3112
25.2070
29.1962
24.0056
27.7435
29.1398
21.7289
37.7768
26.1443
24.8744
18.4279
20.6804
31.7988
27.4270
24.4605
23.4116
20.9053
20.7757
23.2644
30.9252
36.3094
23.8387
26.3629
20.7058
22.8614
22.0312
28.8334
26.2274
21.8288
23.5015
28.2419
30.5547
24.7095
24.9244
24.4564
22.3089
30.3243
28.7588
32.6909
22.9197
24.2932
18.2759
25.4993
18.0668
29.8058
26.6132
26.4914
25.8986
23.4032
26.1422
29.5365
27.3210
23.7482
28.2203
23.1299
24.4925
20.8867
30.9707
23.2189
25.1513
29.2983
19.6156
38.8249
23.0120
27.9021
25.5616
23.9789
26.7057
17.9062
27.1660
28.7680
23.5258
36.0980
31.1613
30.0738
28.4909
24.1783
19.2023
18.4111
15.8291
31.7243
25.8689
20.3955
28.7284
20.5496
18.6235
29.5206
25.8148
24.1452
18.5050
27.4496
22.7367
23.9044
29.6702
31.4920
27.1928
29.1277
23.9285
17.8384
35.4777
24.7253
33.6633
21.9110
21.2943
27.6791
28.9854
25.6182
23.4378
25.9868
36.8850
19.2595
24.4764
23.5866
27.9160
25.6446
20.2563
19.6119
19.1793
25.3950
26.2767
29.5997
24.3610
25.7664
33.5662
20.8422
24.2905
26.8639
30.5096
23.4130
28.5264
29.5345
30.0517
23.2681
32.2829
33.7094
24.8827
33.8534
19.4262
20.8640
19.9118
14.9719
26.8980
17.5325
30.1184
27.5109
24.0769
24.8908
22.4243
35.8846
30.7301
25.3885
25.9872
26.7495
24.3232
20.0079
27.5650
29.8152
30.4420
36.9408
18.9998
20.9139
23.7986
28.0885
24.3191
22.1009
32.2610
28.5285
27.2188
22.2128
32.7588
21.9446
24.3960
26.4918
27.1225
27.8601
31.2909
29.4216
18.1656
23.1158
32.3103
21.5771
25.4957
25.5679
28.4319
32.6781
33.3640
23.5869
30.6970
19.7307
21.2205
22.0782
26.2544
21.9321
20.7214
20.8373
24.0215
20.8702
20.5038
21.2133
23.6124
29.1670
28.1993
18.5849
23.6185
23.3728
22.5927
25.1510
20.8293
24.3440
25.1447
21.4660
30.8114
26.3926
28.0679
30.3709
23.0857
32.4490
26.3443
33.4197
23.2672
26.5388
26.5669
21.7430
19.8368
26.4780
20.2415
26.2472
21.3687
17.4453
30.0779
26.3751
33.7531
34.3106
30.4805
21.3291
23.1594
27.5080
23.7951
25.0669
22.0835
29.1338
29.9721
18.8507
18.0642
22.4855
32.4348
26.1957
32.9392
24.8244
28.1592
21.3181
25.2529
26.5234
21.3395
21.9161
21.4249
20.0116
22.4979
26.5701
30.7879
18.7874
25.4434
25.8425
24.3781
25.8552
24.8460
20.6945
26.0186
19.2351
24.4448
27.5991
18.7813
21.8531
28.0221
19.9732
21.7152
31.7226
24.3328
25.6821
15.5105
33.7259
17.7425
32.3697
28.4058
27.7857
23.6694
18.2658
26.6801
24.2693
22.5030
21.4644
26.0875
20.9470
19.3009
30.9044
17.0823
24.9499
31.6572
28.3345
22.0892
18.3732
31.1522
21.0868
22.1089
22.4185
32.9236
32.1518
29.0014
31.4458
18.1919
32.1071
17.1489
23.1215
21.0319
27.9236
28.9773
21.4721
16.5442
28.3115
36.8246
25.5908
22.9693
20.3440
22.8700
22.0787
26.7013
35.6351
18.5185
29.6193
26.0164
20.4541
18.0352
23.6059
29.2316
22.4550
23.2958
26.3467
25.7113
20.6067
25.0217
27.0035
17.7982
25.8430
20.7671
23.6811
17.6737
23.4870
20.2574
24.6490
20.4248
23.2229
23.7564
27.3945
26.0590
29.1331
22.7159
29.8994
18.6029
23.6099
26.9542
24.2151
33.4694
23.3863
30.5799
27.6523
23.8033
20.4164
21.9587
19.2419
20.8201
27.4024
25.5421
30.6665
35.0331
21.5557
24.9362
27.1663
27.2525
22.8288
32.0337
31.2450
18.2720
33.1637
28.4152
34.8284
25.2089
19.3552
22.6360
25.8567
20.2493
26.3098
22.1791
31.5701
26.2158
36.8690
22.7036
27.9884
28.7205
22.7846
29.2886
31.4713
22.0173
25.4860
30.2854
19.8269
23.3622
31.9449
22.7829
27.0537
23.2041
30.6059
21.6756
33.1580
23.2081
24.8203
24.1421
22.5477
30.2990
29.0165
25.2168
22.0061
27.4707
20.9475
22.9962
25.5397
30.4420
23.3538
26.7881
23.3808
18.4967
30.9082
19.6245
26.7271
20.8714
28.5913
24.4138
26.3820
27.3403
24.0099
33.7390
22.6172
29.0647
31.3299
28.2908
29.1490
17.6775
25.4015
24.5636
21.8345
27.3131
26.5953
22.2999
25.2849
35.5907
24.6611
27.8943
28.3980
22.8632
22.8687
33.8938
18.8009
31.2800
29.3510
26.3953
26.6733
23.8100
25.1459
20.7207
27.0333
27.1003
28.5076
18.0993
28.4947
23.9425
27.5898
23.5044
25.8474
18.7567
20.3480
27.9132
30.2460
29.0171
26.9409
24.8641
23.3683
21.9531
22.6087
24.1207
32.9340
19.8479
19.3628
29.9748
27.4349
34.4345
26.8133
23.5464
32.5230
26.4318
26.8778
22.6412
26.1775
21.6412
30.2275
21.7707
19.6325
24.4004
20.1999
30.5627
18.6644
24.0966
26.1758
31.0000
34.2014
20.8856
26.9114
23.2805
18.8494
24.0395
22.3238
24.0656
22.9777
25.6970
18.8371
33.1369
19.2030
25.3266
32.1901
22.6220
18.3778
24.3732
25.0254
30.3801
18.2571
17.2358
31.4699
23.8309
24.4969
23.8205
30.9580
22.7626
29.2055
22.4036
28.1386
31.7458
33.2051
23.6137
29.0829
34.4203
22.2869
18.9178
28.9099
31.1261
26.7831
31.8894
26.9172
28.4243
28.8965
25.9008
27.5909
26.6863
27.4940
29.6273
23.6485
18.3715
24.5413
19.6464
28.2691
27.3078
24.2552
22.0713
20.6295
21.2756
33.4032
29.2182
26.9128
24.1037
24.9971
28.6391
27.1163
29.5582
23.4259
29.7762
25.2638
21.7291
19.2177
30.1227
27.1822
20.8290
27.5764
25.5676
21.7499
20.1959
32.4719
23.8487
31.4832
18.8239
31.6394
24.5286
22.3485
20.8911
23.9191
30.6385
27.9427
23.2220
21.4471
25.7530
35.2760
28.3167
24.0731
26.8648
22.6361
20.9016
22.3400
33.9038
29.7543
23.3898
27.9021
25.2406
25.5419
19.8405
26.2063
18.5429
26.1915
17.1566
28.1534
24.8025
19.4008
27.4639
24.4460
17.7524
31.0989
26.5155
20.7336
26.9286
19.5041
31.8092
26.4031
25.7796
19.6442
27.6323
19.6911
23.5190
18.6604
24.6818
27.3299
25.3093
27.9729
22.3204
27.8558
17.6516
18.8334
14.5098
16.0050
20.9079
23.3237
21.9444
25.4339
27.6878
28.0193
30.2707
18.0973
23.4155
21.5118
16.1362
26.6322
30.5711
22.5022
25.5354
24.7695
31.1655
33.6908
26.0249
27.2118
28.3079
36.0406
20.2289
21.4649
20.9126
28.0876
22.4557
23.6024
25.1315
27.8799
24.3075
25.0378
21.0384
30.9084
25.8259
22.9502
27.6765
18.1382
29.5532
31.4244
21.6976
24.4828
29.7299
26.9701
27.0701
21.6218
30.5574
24.0877
27.5180
21.0664
24.1350
31.9130
26.6908
27.1416
25.5403
24.4409
26.4303
20.9222
25.8378
26.4095
19.9739
20.9984
25.4846
24.6130
20.1020
32.8705
21.8177
22.4069
23.1109
30.5876
36.6083
20.8467
24.2528
28.2114
32.4719
27.2340
24.7107
25.5182
20.1983
20.1281
19.1375
20.6991
33.3326
23.3607
34.2560
26.8444
27.0819
21.2221
25.3308
23.6980
25.0802
27.5085
24.5894
29.7679
24.5003
28.1446
23.5476
31.6119
18.4248
22.6333
28.7686
23.8080
37.0410
26.5365
22.5228
31.1821
27.3460
29.1540
32.1258
29.4504
20.2562
30.7313
35.5439
22.6730
35.8294
23.0006
21.6431
18.8566
25.7059
22.4089
23.7569
19.7653
23.1156
23.4910
29.9459
26.3251
23.0857
26.9170
31.5506
24.1080
32.8160
24.7497
23.4042
20.1167
25.8195
18.9415
20.6909
19.5152
27.0765
23.4072
18.9143
27.3859
26.6146
25.3895
24.9626
19.1992
22.2373
23.6777
29.6976
22.7768
30.0079
25.9832
19.2739
28.1972
27.3255
24.7823
26.3116
31.4445
30.9933
19.2891
30.8687
28.1207
28.2135
20.7338
20.2865
28.3401
26.9933
33.4778
23.0258
24.1264
28.2662
20.3549
24.8480
34.3526
26.2276
20.6685
29.8117
28.5067
21.6091
27.7318
26.7905
27.0513
28.3518
27.3293
19.9611
31.3802
16.0822
22.7249
28.5394
17.0281
25.7940
28.0663
28.5827
22.1836
29.9494
32.3650
20.8787
25.1328
16.6085
27.6953
24.8608
24.8112
27.9519
23.3038
25.0075
27.1494
19.8231
21.4232
22.7836
26.8628
25.1575
22.2430
23.4598
30.8410
23.0954
25.9181
32.0932
29.2262
26.2022
29.2853
30.7353
22.9787
34.4911
28.0355
27.2641
22.7932
27.5099
23.0034
34.2977
27.5861
27.5836
22.5101
26.0592
25.2276
21.6614
29.7253
25.9000
21.2663
27.9835
26.2589
30.8464
26.0146
23.6043
22.2368
24.1332
19.6161
26.0974
30.5185
21.0292
28.7237
22.8028
25.7940
23.9737
27.4910
26.6116
26.0167
26.7994
28.7862
28.9176
21.3619
31.9031
23.6233
22.6009
22.1722
26.0519
25.2428
25.9039
26.8434
26.5572
26.2591
33.3520
17.7431
28.9638
16.6520
29.0156
24.8541
24.4542
30.5321
21.5691
23.9796
23.6707
17.0072
22.7145
24.7631
30.4735
24.2046
30.6176
20.8469
21.5044
24.9524
26.5498
18.7177
22.0396
34.1682
23.4024
27.5188
33.5193
21.3689
23.9003
29.5501
21.3277
21.2384
23.2389
24.1406
20.7479
27.5508
21.7232
29.6162
25.8958
27.7646
19.8316
21.5066
32.5403
21.6468
25.3717
31.1314
28.1548
17.9055
26.5605
29.7669
27.5003
27.4124
31.0611
23.9063
22.2163
28.8661
26.2673
21.7316
29.1220
24.8758
29.9270
32.1618
25.5597
29.8559
17.0949
23.8880
24.2639
31.9936
19.1155
23.9164
29.3467
28.2473
25.3474
16.5325
30.4213
30.8242
18.9129
26.7509
21.5685
26.5305
23.4795
25.3354
24.4702
33.4192
19.5873
30.0732
26.2834
23.8988
29.1770
24.8718
19.9982
27.3068
24.8999
21.4141
32.0954
17.1097
27.6676
20.1849
25.7090
22.1509
15.5898
20.0004
27.3607
28.5930
28.8772
34.6013
26.7208
24.4385
29.4370
20.4561
24.5003
22.3249
23.4651
31.9657
19.0181
22.4103
20.8619
23.8462
18.9711
23.2544
26.1944
24.9935
22.8007
27.8840
26.9598
30.8546
22.5175
28.4310
21.5866
28.3880
28.0344
28.5399
26.0626
26.1656
24.5452
25.5153
27.8359
19.8104
24.7894
22.8326
20.0731
24.5907
24.0125
21.8126
30.4140
26.0478
23.9716
23.4662
20.8963
30.6309
16.7958
30.4243
24.7552
25.0863
27.9548
31.1416
19.6738
32.1788
28.3260
22.8206
25.6582
25.9528
27.2161
20.8222
20.2215
16.2875
30.5390
25.9912
24.9522
28.2884
23.2339
18.9898
27.8863
19.2390
21.0376
33.3604
25.4210
21.1200
29.0336
25.8508
27.1434
26.0599
19.8412
24.4179
28.7432
26.9139
22.3040
32.4014
19.3451
27.0577
16.2496
27.5745
27.6045
23.1243
23.2375
25.3704
26.8884
27.5373
26.5644
20.5984
25.3318
24.8709
25.0886
26.0836
25.9629
23.8153
24.8279
25.5767
28.5022
24.0189
26.7372
21.3437
21.9507
23.2714
23.8514
22.0378
24.8662
27.6498
28.7361
17.0437
17.6490
28.4676
22.9916
24.6478
27.8765
27.1128
21.5247
25.4468
19.0709
22.9015
24.4457
21.1440
26.6630
31.1443
24.9457
24.3538
24.6578
30.8674
21.5860
27.7119
21.3105
29.6321
23.4296
18.4956
21.1145
22.0446
23.2695
28.2941
22.4954
20.7189
21.0694
23.2534
23.1595
28.1196
22.2687
22.6076
24.4976
26.9143
32.8853
22.0012
21.6526
20.4633
22.6673
20.5078
15.9912
31.9372
26.7320
27.0805
20.3746
32.2300
26.4886
25.3904
19.4326
21.0195
19.1152
23.4348
24.3949
31.4070
20.8249
24.9793
30.4359
30.7223
31.4802
25.2310
28.8322
33.2569
28.4449
29.0131
19.5672
19.9325
37.5793
22.3535
29.7184
21.5045
27.8506
22.2759
29.8206
24.8609
23.3496
22.6907
19.8029
30.0613
20.0965
28.1212
24.6755
32.0255
28.5068
22.7208
27.2588
27.4810
24.4009
20.8711
24.0018
27.1369
24.2233
27.8882
28.5389
23.9598
22.9336
30.2713
20.2668
21.4904
25.9241
28.6432
20.5022
29.7769
18.1501
24.8167
25.5428
22.7258
23.1351
30.9535
23.7128
19.7194
32.9089
23.6435
21.2543
27.7336
24.2221
23.1172
27.8742
19.8543
28.0533
25.5653
20.8461
27.6689
23.2944
21.0835
20.3295
31.7204
25.5883
33.6463
26.0420
20.4150
23.4518
26.4732
25.2548
21.1536
25.1884
33.0272
23.6111
34.5998
26.3087
27.6403
24.5428
23.0428
23.1225
28.2698
18.4520
26.1994
18.9540
27.3367
21.4963
16.5445
22.9453
24.4636
19.5666
22.4188
28.4117
32.4799
25.7532
23.7309
28.1445
28.6528
26.7626
20.1836
24.4334
24.3945
23.5232
22.6791
18.8255
25.9361
23.4079
26.3353
17.4925
27.7943
28.2698
31.1018
24.9656
30.9594
22.1359
21.7331
22.0400
26.9212
20.1882
22.9465
22.9094
30.3684
25.6720
20.3151
22.8655
17.4136
30.7000
31.9194
22.4734
33.0463
31.7492
21.2670
28.6381
28.2303
21.4919
17.0427
22.0159
24.0632
30.8887
28.8109
21.8236
17.4214
22.3566
28.5233
19.1127
26.9452
25.9036
27.2410
27.8766
30.5089
30.8411
22.9221
26.2487
23.0249
27.1281
25.0801
31.9608
17.1192
24.0570
20.6423
17.9392
27.3163
19.4798
27.5591
24.1456
28.2203
20.6706
16.7847
32.6340
31.4303
26.4371
18.8194
32.0516
21.2401
29.0008
28.7062
21.9316
18.2691
24.0840
20.2891
30.6809
19.9938
22.7400
27.1400
27.3559
29.6940
30.4953
28.6262
18.3820
21.1094
32.0611
25.9481
22.1505
22.8489
22.4377
22.8094
27.1696
24.6958
27.9200
26.3294
21.4187
24.1751
29.5082
23.4207
24.3616
17.0943
26.6398
32.4583
22.6015
26.2034
26.2131
23.9065
28.1236
21.0166
24.1160
20.2170
30.7611
26.8153
19.3453
27.3876
27.2994
28.6311
29.2215
26.2793
29.7007
20.3560
31.1825
20.3632
20.2892
32.4024
23.5136
27.3259
26.2628
26.5185
30.9536
24.5606
24.3100
20.6947
24.3879
25.4529
19.9655
18.9232
26.8855
25.8828
24.2155
23.8846
22.3004
20.9155
21.7170
31.4805
22.6877
30.9996
27.0593
24.0105
16.9205
24.1723
21.3321
30.4123
25.4900
24.5716
21.8933
24.6359
34.1217
30.2538
22.1512
28.9397
32.3242
31.7036
15.6630
17.3675
27.7312
28.0169
29.7376
20.9939
23.4946
19.1056
23.0908
23.5937
25.0421
29.0498
26.2904
24.5706
15.5970
29.1297
20.7167
19.5377
21.8847
26.4704
29.1152
25.5092
24.0096
28.1420
20.7449
31.0014
26.7363
27.0524
25.3623
27.7576
29.3096
26.6415
27.3270
27.7990
31.5060
30.4156
22.6596
18.4194
24.3120
28.9681
23.8028
25.9415
19.0150
23.6951
23.7935
23.4538
34.3365
21.8062
21.4156
19.0034
31.5657
31.0206
21.5333
30.8511
32.0684
33.0526
26.3444
28.7123
18.2255
19.7978
24.7536
25.3462
29.5027
19.0599
22.7931
26.0009
22.1825
23.0644
28.8029
28.4076
24.2643
23.2576
22.0228
29.1884
22.5427
28.2274
24.0564
29.9298
30.7626
22.6284
25.3199
24.2488
29.8124
27.9455
21.9521
17.6981
27.7206
25.6825
30.6216
25.5355
26.7611
22.2677
23.6247
37.1670
23.0258
25.3194
22.0321
21.2368
22.3833
31.5440
31.6715
24.8227
29.6117
32.0018
27.2953
24.9809
24.2644
36.8390
32.8557
23.9594
20.8949
24.4617
18.8071
31.9692
17.8880
21.3485
18.2462
29.4323
23.5722
19.5946
22.5596
33.4700
18.1896
24.7559
26.7138
34.0549
21.4581
32.3836
21.1599
22.8324
21.6715
20.2978
24.5127
29.0479
27.6817
26.0115
26.2849
18.0342
20.3371
23.2586
22.5054
29.8849
19.8607
24.7458
27.0211
23.0698
33.2392
24.4228
27.5701
24.7970
22.7883
27.9336
24.7292
23.8054
28.4007
32.9628
22.4961
17.7702
24.3379
29.2742
33.6879
26.3145
22.9090
22.5989
35.5642
16.8544
22.8628
34.0326
24.2628
31.8807
30.0019
22.7194
30.3111
17.8551
28.6267
30.8278
32.8745
21.5719
29.7518
28.6229
29.6223
19.7229
31.4552
27.2483
26.2628
23.2837
17.4100
26.8341
24.2767
21.7319
18.0503
35.5287
25.6345
24.0926
20.8973
27.2444
20.9775
18.7976
28.7667
25.0010
23.9781
34.0932
28.5763
29.6990
24.8188
25.0327
29.8622
26.0171
25.9920
26.1485
27.2056
27.1955
26.7866
21.9168
19.0919
28.4058
18.5549
23.3387
20.7412
25.6190
32.2368
25.2997
26.4827
23.2853
27.7777
28.6539
25.3060
24.0530
18.8671
27.6980
21.1380
29.4961
27.7001
31.4726
32.5831
25.2239
16.5230
16.6037
23.0966
27.3578
26.2515
25.8161
27.8763
27.5252
33.5607
28.1815
33.7932
26.4021
25.3131
28.8272
25.9806
23.9161
23.1902
20.3901
24.0637
28.2050
27.6432
24.2074
26.9650
23.2594
26.5632
21.2873
22.7200
27.1820
23.2751
29.5948
24.8259
19.7509
22.8994
19.7976
24.4807
18.2110
22.4080
33.1962
22.1204
20.6566
28.4012
28.1839
23.0766
25.6583
27.2384
23.0763
23.9427
20.6520
26.9220
25.0181
26.5667
24.6941
31.8763
19.5174
20.8523
27.2862
26.1305
23.0110
20.6909
23.6597
28.9347
27.7785
19.0290
36.3308
30.1879
20.3987
27.0292
28.1738
25.2074
28.5186
26.5117
25.0563
20.9015
23.6840
21.1682
27.3691
20.7473
18.8039
19.8714
25.7521
25.7608
18.7946
25.5761
19.8500
22.1316
22.5774
24.7279
19.0105
24.9681
22.6760
22.2189
31.1656
22.4146
23.8385
32.3070
19.5040
33.3598
17.2981
21.5110
24.8538
20.2806
22.2045
24.9583
24.0412
22.3149
23.7070
23.5179
31.9064
23.4114
26.4623
20.8107
16.1993
25.0893
30.5140
28.1146
25.0898
20.8607
27.3052
22.9106
26.7021
17.8310
15.6534
30.1700
22.6569
25.3390
17.4035
27.1609
18.5978
29.3613
20.1321
18.5179
20.5786
18.9833
25.9696
28.4549
29.3608
24.5789
19.7112
21.6210
30.4853
21.5299
25.5949
25.0775
23.6749
27.2754
18.1685
27.6274
24.1088
21.7109
22.6764
23.4405
19.1241
23.4019
23.6871
21.8777
27.3906
29.6331
19.5869
16.9881
24.7170
24.3286
28.2406
27.1898
25.5197
22.7457
25.0618
20.8107
23.4687
25.1310
21.8083
19.7070
21.2778
26.7369
19.3737
21.5926
22.3453
26.8912
21.2652
26.8628
23.6171
28.5813
19.9502
17.5300
28.0543
30.5816
23.0298
23.1946
25.1036
28.5684
31.1350
29.3002
23.8737
25.3620
23.2468
24.1162
23.2513
25.6347
25.4262
28.6567
33.9892
21.0785
27.0452
22.1963
29.0339
22.9049
25.7538
22.5489
31.3181
26.8536
20.7465
22.8229
22.0180
26.4156
24.1540
23.4767
24.1213
23.2301
29.0013
20.7487
20.8020
19.4369
23.3334
19.7400
23.8192
24.7165
23.6331
24.6190
22.3978
27.7014
25.1280
26.5898
21.4707
28.2427
24.4202
28.9809
27.7634
29.8546
20.7407
25.5078
22.3697
24.6714
21.1599
33.4552
16.4072
16.5072
33.0131
30.5910
24.7411
30.5480
20.2343
26.8929
19.9984
22.3087
18.0550
22.7505
21.4730
22.9504
26.9282
22.1297
26.7317
21.8758
21.9483
22.6041
26.9078
30.6236
19.9718
32.3866
22.3606
30.8419
23.5956
28.3361
20.4733
31.3597
24.7774
23.4210
20.7496
26.0338
22.1365
19.9555
27.8175
25.0530
28.1508
25.4963
18.6922
19.5193
22.2940
28.3911
17.2198
31.8814
21.8563
26.1709
21.9781
19.5602
30.6011
25.2987
27.3688
30.5682
20.9471
20.8468
20.5356
24.1915
20.0735
28.7165
21.8701
22.6584
30.3921
26.1099
26.7837
28.1969
23.8401
24.9159
27.7004
25.8282
26.4276
20.9717
31.7598
23.2359
20.3260
28.4535
21.4144
26.4167
27.7373
32.0989
29.8379
25.9824
29.7931
16.3018
27.7061
28.6765
22.2346
32.6241
29.8197
27.2587
29.2689
30.5397
25.0344
33.5424
29.8875
28.9244
18.6421
23.0063
21.5199
34.6777
25.2635
30.7693
27.4704
25.9034
25.1534
25.6617
26.0460
26.8003
22.7821
21.0748
21.0826
30.4298
18.4371
27.6039
17.0756
25.4763
22.3469
24.3367
23.6375
31.0466
29.1452
33.4834
23.9073
27.7353
30.3336
19.3761
29.6615
26.3200
26.6279
23.0493
26.8254
32.9459
20.2415
32.9486
22.6715
24.7273
22.6873
30.3387
20.0994
38.2893
34.3696
25.6086
18.0541
20.3566
26.9067
21.9199
21.4159
27.8096
23.5949
18.3231
23.7309
23.4825
30.8321
32.1846
25.7840
25.3588
26.4538
21.2653
28.2786
32.7404
28.3661
25.1219
26.4558
23.4641
26.1505
26.6749
22.9891
19.9942
26.2543
26.8801
24.4621
19.3621
29.2116
24.1465
27.2092
20.0013
19.6789
32.8513
25.4413
22.2233
26.9927
32.5492
24.3028
30.9234
26.7750
23.2845
28.9235
23.3338
20.5801
28.9450
21.6249
23.7651
34.5084
23.7070
25.9775
18.9648
23.6931
22.8855
23.8872
21.1272
16.9705
26.8789
23.8728
17.3515
22.5651
27.7839
24.2023
25.9866
26.8505
29.7119
27.8067
29.8497
21.1833
25.0291
28.4623
29.0164
21.7096
23.5948
22.9640
20.5581
25.2722
16.8224
22.7733
24.9909
19.6822
28.9217
28.5538
28.4375
23.4230
23.1562
21.6629
31.7491
29.9025
27.7109
29.1319
21.2834
25.5489
21.4086
27.2791
22.6543
27.0453
30.7937
20.4866
21.0427
21.2433
21.7889
27.6409
27.0834
19.9645
19.9284
29.0214
25.7529
25.5324
20.4068
23.9016
24.5732
27.7539
23.1570
32.1178
25.8688
19.0977
22.5842
22.3227
24.2150
19.1637
24.7599
24.8931
20.2642
29.5564
33.0479
18.2848
29.8094
29.0509
22.7498
26.4285
27.5531
23.6721
27.2576
33.1888
21.8703
28.2657
22.1498
24.4571
25.8578
25.1769
22.8046
23.8035
28.4572
24.9369
31.5256
27.5733
26.0048
22.3362
30.5838
18.8722
30.1108
19.5915
31.4795
19.9279
26.6589
24.5115
25.6804
18.9177
28.7980
29.3001
20.2975
28.3871
27.5863
24.5041
28.0088
21.9568
23.1924
25.0589
20.5160
29.9005
25.1681
23.4870
30.9629
20.2367
25.0874
26.6027
30.2121
21.4600
21.9559
19.3270
30.2484
25.4885
27.0457
26.4515
29.1216
18.1286
15.5769
18.7692
27.1783
20.9220
27.3160
28.5872
24.3061
24.1145
23.6295
32.3206
18.3406
24.1322
31.4164
28.8165
21.1501
27.7545
23.6919
22.7444
31.2621
24.7179
31.1016
18.8661
16.9662
31.3489
25.8068
33.1199
28.7868
31.8585
26.5843
30.2698
25.1756
22.4966
28.4410
28.7784
22.1477
32.6578
23.7156
18.6226
25.4638
20.8201
30.0602
22.5534
31.6640
23.0177
17.6646
17.9493
23.6448
17.4520
30.5008
32.0997
28.2340
29.5170
18.8217
32.2063
23.8543
30.5823
26.1127
23.3707
26.9169
26.9631
28.3043
27.4210
31.2514
28.6337
25.0543
29.3261
27.8210
17.7505
25.1523
30.3710
17.7333
30.6194
27.6459
28.4373
18.6896
26.9697
22.0240
26.6349
22.8633
19.8526
31.6882
20.2236
27.1797
21.7000
25.4394
33.2008
22.7608
18.6063
23.5242
22.1260
19.3699
31.5161
18.1033
25.7240
25.4683
26.4735
26.3892
24.0048
26.0745
20.2310
19.8122
25.0816
23.6968
20.2451
23.0287
26.2509
36.4939
22.6348
21.1487
19.8544
21.2496
19.3366
27.4474
18.3042
21.3204
21.2616
23.0476
20.7892
25.1370
22.2602
33.1030
27.1985
33.0074
21.9177
25.0580
23.5005
24.5186
23.3622
21.3219
32.7151
18.5827
22.8190
26.3941
32.2253
24.9560
25.8958
18.0867
24.3278
27.1762
28.5300
31.4572
34.0265
19.9786
26.9574
20.1404
25.9885
31.5801
28.5119
26.1965
22.2677
30.0728
24.7200
21.0288
25.4925
27.6154
23.0525
29.6661
30.0433
21.9865
24.5118
22.7233
19.8077
20.0321
25.9609
23.8168
18.0778
25.5548
21.1988
33.5383
31.0281
21.0352
26.4641
35.7435
22.7134
20.2380
16.4433
24.0530
22.4358
22.1895
18.3171
25.6422
18.2747
26.8025
23.1461
32.4281
28.4494
27.3152
26.9948
20.0804
24.9964
17.5430
22.3701
26.3638
27.2850
26.4808
24.3002
20.6132
24.0434
22.3758
26.4281
22.7040
24.0885
20.4405
25.6712
25.9416
26.0754
19.7124
33.4984
22.8706
27.6362
32.4728
23.5575
20.2341
19.7032
25.7407
23.0063
25.5522
29.8739
28.2884
27.5117
22.2215
20.4980
23.4075
29.8834
20.3039
23.5997
18.8071
27.3940
26.5870
24.6493
23.0663
28.0987
23.8762
25.7130
24.5694
29.6002
28.4015
23.7651
31.3227
27.1632
28.4823
23.1297
25.6211
22.6586
27.7783
27.4502
36.6378
24.9986
26.9922
24.4187
22.8864
26.0714
25.1652
22.7630
22.1979
21.5208
24.6460
23.1134
28.0157
23.5512
25.2509
22.0798
22.8295
26.7949
19.1365
27.6136
26.5665
26.8604
26.9031
22.4357
27.4703
19.1112
21.6501
25.8347
27.9541
23.2175
29.3637
24.7406
25.1263
24.8131
25.8957
18.7663
25.2755
23.9273
30.2642
26.4095
17.4150
28.9302
21.4942
17.5973
25.8755
32.4534
28.4144
28.0881
25.4353
23.6758
26.0757
20.4116
17.3672
22.7164
19.0572
21.7144
19.6986
24.0381
18.4132
31.6769
17.3163
20.8829
30.5497
29.2332
33.0625
31.9259
22.3973
25.3999
33.7956
25.5799
22.4805
25.1506
24.2279
21.1589
30.1007
22.3387
30.4163
21.3422
25.4326
23.9021
29.1423
29.0240
31.0953
20.6019
21.8702
27.9266
29.5151
21.5342
22.2904
27.9422
26.6072
29.4680
20.3022
23.3314
25.6730
25.2988
19.8923
28.0338
20.1501
19.9037
26.8906
22.0343
23.5998
21.9722
31.8358
20.8997
25.3652
28.2995
27.9190
24.1717
24.7049
28.6311
21.1734
26.9991
18.6827
20.8239
30.4061
24.0358
22.4223
28.1052
20.3696
15.2523
19.1625
25.0591
31.8633
28.3797
19.5686
25.8639
20.8972
19.2630
18.3430
25.0142
25.6070
22.3714
21.2252
30.9809
21.8472
21.9527
23.1788
17.5124
24.7387
20.5390
21.7901
18.0310
22.7469
26.7015
24.7613
24.9849
27.1305
28.5629
19.4209
33.7095
29.4159
27.9612
21.8084
24.5379
19.4772
33.4981
20.5382
30.6341
18.6331
35.8403
22.9048
20.6701
19.6146
20.9200
26.1219
17.3288
25.2355
25.2421
16.1991
21.0425
21.8081
19.5163
25.8668
28.1523
29.5846
19.4702
30.2655
26.1656
23.7982
18.5735
30.6446
30.8326
31.5502
23.7114
22.5378
19.3926
20.9567
22.5262
28.1950
17.1367
25.4467
24.6661
26.2995
29.6142
23.8250
21.8004
32.3037
29.7302
26.1712
20.7538
25.8816
19.1951
19.7507
22.9076
28.7580
20.9651
22.2891
25.1690
20.4101
21.9148
25.8563
28.1749
18.1579
32.3258
25.1520
31.1146
33.1675
20.3330
24.0506
23.8838
24.7070
20.7029
25.0757
19.2039
21.7063
28.8268
19.2182
20.0775
32.1248
26.5656
21.6300
22.8008
33.4353
20.9923
20.4054
28.9373
20.0775
24.5617
28.5621
22.7993
26.6092
23.2813
23.0634
21.7435
19.2382
29.0093
19.4366
22.6092
24.6814
25.9010
33.7917
29.4329
20.4877
22.8535
26.6230
21.4290
28.9769
28.1509
32.2104
30.2890
28.2235
17.9430
23.7168
30.5021
22.9137
24.9097
26.6878
18.8485
26.5619
20.7527
26.1845
27.4381
22.4372
27.4164
27.3891
22.2412
28.7908
30.5069
28.4928
28.3858
23.9709
19.0817
32.8597
25.0684
24.5095
22.3252
23.4870
32.0273
29.6624
20.5037
19.9981
19.2718
30.5371
25.6706
21.8822
31.3664
25.4497
31.8527
26.3072
23.9573
31.3614
24.2313
24.6771
22.7786
27.6557
31.6368
31.9880
16.7244
27.0256
22.7501
23.9632
30.8882
23.0080
24.3963
20.4797
30.4435
27.7607
17.5092
25.4290
16.6597
27.3514
26.7388
22.2971
24.8980
18.8783
20.0560
24.3025
21.7767
30.1918
24.6947
19.2682
19.3707
25.4572
30.7106
21.0270
29.6585
26.0186
18.9097
29.4016
27.2748
27.1910
24.0599
30.9026
28.0669
26.7054
32.7239
27.9746
24.8068
25.1522
26.9348
20.4895
30.9767
27.3969
24.9625
24.0386
27.2516
24.6039
22.7352
23.1409
25.8990
22.8194
23.9119
21.7010
23.0995
27.1195
35.0266
26.6414
25.0276
26.2980
21.7022
26.8560
19.0594
16.2979
28.4293
17.1839
21.3501
23.7383
33.4904
28.0876
29.6952
25.4941
26.7881
23.8283
31.1513
26.9909
32.5624
27.4133
22.0872
25.4300
20.5343
29.1462
30.2312
22.9368
19.7245
27.1345
27.7588
20.4177
17.5873
21.5209
20.2668
17.3783
24.0514
20.3682
24.1617
24.9979
28.7285
27.2861
26.4167
23.9273
31.1537
27.9271
22.1307
22.8831
27.9872
25.1989
22.3031
27.8160
18.2889
25.5305
22.7748
23.6158
32.9636
28.1106
18.4486
27.9049
22.0850
21.1005
27.0375
24.0197
21.6217
22.5251
20.8389
24.1545
16.8163
29.4617
26.8992
30.4064
27.2686
23.5349
28.5926
19.4259
24.7045
32.0760
21.0739
32.9029
23.5626
27.5403
19.5609
24.4271
27.1745
31.8445
21.7151
24.9448
29.0173
21.9658
18.9473
26.5090
21.9143
24.1391
22.9672
22.3322
34.1490
20.7642
29.0277
28.5370
26.1395
30.3933
22.8648
23.8447
34.8733
22.0634
17.4741
26.8243
17.6903
23.2262
22.0416
30.6092
29.8304
31.4658
28.7793
20.7329
26.6952
26.2834
23.4801
25.9889
26.3974
25.1571
27.0155
29.9409
23.9926
26.8811
32.8771
23.6674
25.0794
22.7333
25.6102
21.0110
23.8316
26.7877
21.2241
32.4032
23.8693
27.2776
24.5238
21.8947
34.2916
21.5191
27.1970
19.7080
29.7355
17.8606
20.2175
23.2617
23.9172
18.7508
21.1724
27.7522
18.1202
28.1101
20.5649
27.3217
23.6671
29.4746
30.5891
26.9713
22.3547
23.5031
22.3972
20.8154
25.5985
24.6555
21.4082
29.8047
28.6825
27.0368
28.3965
29.3736
30.2964
23.4118
31.0765
21.1649
19.4193
29.2782
26.7164
29.0328
27.2979
21.4214
21.0146
24.3169
24.4265
28.0699
29.7491
30.7573
16.9173
25.6011
27.9895
28.2642
21.8025
23.3370
28.5027
19.6090
18.6131
23.6942
19.0918
21.5354
23.8575
16.9310
16.3344
18.0675
18.1004
27.4203
20.9940
22.2582
29.2726
21.1199
26.8364
30.0452
24.8267
21.2577
24.3974
27.1868
29.5108
20.7548
22.3677
23.7262
22.6722
25.9654
26.7567
27.4373
23.2668
33.7307
22.8009
22.4473
21.9197
30.7276
32.8539
31.5553
19.4240
26.1995
19.5167
22.1722
19.0241
18.3881
20.5412
25.1343
25.6653
31.4086
28.4150
20.8736
20.5507
25.8329
20.1236
20.5502
25.7828
19.3022
24.8384
27.8432
30.7342
23.2211
21.0551
24.4657
27.6300
23.4004
26.0250
25.8878
27.5609
23.2010
29.0888
23.6389
23.5583
18.3348
24.1807
25.3201
28.5033
29.7551
25.3819
23.7439
21.5563
22.1415
26.9020
27.6770
33.7463
24.4122
24.5370
33.1276
25.3332
22.0984
23.1819
27.7250
20.7208
25.2443
19.2166
25.3842
19.6324
15.4325
24.3599
27.6065
28.0397
27.4675
29.6086
19.2696
27.7775
30.0782
22.8692
23.7714
23.2341
27.6562
25.9969
29.8753
19.6284
27.6025
27.3572
28.3075
26.1320
26.1833
29.3151
28.9060
24.2588
20.0473
30.4549
25.3091
28.1800
18.7000
25.5312
25.3893
21.3014
18.4686
26.0956
25.7159
27.5298
18.4124
24.0342
28.6797
20.0258
19.0053
23.1269
27.2153
24.2300
25.7150
20.3805
19.1302
19.0573
31.8492
21.1609
25.0982
20.0865
22.4548
26.2626
23.0321
22.6076
22.6250
21.3489
26.6611
22.0470
23.0774
22.8193
28.5602
29.9068
16.2779
24.7827
27.9819
17.5188
30.3512
26.3975
31.6641
25.6165
33.3107
21.6234
22.6709
17.8765
24.4294
20.3185
30.1566
21.1279
28.4444
26.7656
17.5593
20.7926
18.3448
28.3622
26.9624
22.0561
22.5335
30.6934
29.9968
21.5197
30.9892
26.1371
25.3970
30.8997
23.6827
27.2449
26.3240
18.6159
27.2416
28.9959
18.3083
27.7722
29.0380
22.3426
30.8075
19.3330
23.3284
29.0397
36.7626
24.0116
26.0242
18.3284
35.9984
19.5504
21.4645
33.9475
17.4778
22.6594
17.8859
22.0337
19.4013
23.4599
27.2632
25.3637
32.7286
20.9280
20.6290
19.7938
26.2655
21.3791
31.5037
26.9571
25.0386
22.1220
25.5104
35.1121
36.2068
28.1797
24.6886
16.2954
33.0844
25.7264
24.1093
17.0447
23.2605
21.6162
25.5299
25.7654
29.9571
20.5826
20.1408
28.0210
27.2273
23.5186
19.9190
31.7973
23.8665
22.5628
24.3765
26.6902
20.3062
28.8284
22.3693
24.0697
26.5274
25.8001
27.6658
19.1816
21.9280
27.5452
23.0802
18.7814
25.0808
25.2679
25.0563
25.0597
25.7174
34.5311
24.1587
27.3377
18.7608
32.5183
24.1409
19.2290
28.1086
25.5161
26.8000
15.5246
32.4031
24.3215
25.8376
24.2168
25.4379
30.1306
36.7619
26.7591
18.8800
24.9788
24.0795
22.0769
20.2386
24.2685
34.5396
30.3702
25.5312
23.3946
21.5745
26.4338
17.5772
31.4335
32.4274
26.4719
22.8599
29.6391
22.2534
18.9193
31.8648
19.9733
26.4572
21.5219
23.2190
29.0277
28.3946
32.7404
19.1529
32.5524
28.4021
21.7330
31.1326
21.6620
25.9879
27.4338
32.7249
19.0231
20.0391
25.2393
26.2678
24.5818
25.8241
28.6165
23.5070
22.8292
28.1248
26.3481
26.0364
25.8269
27.0873
28.3870
15.9226
25.8843
22.4949
20.0429
22.4100
31.1933
23.6173
18.8850
19.3166
20.3674
25.3523
33.1746
24.3202
32.4484
26.6570
25.9287
27.4198
19.2912
30.0669
24.7692
32.4282
19.7515
24.9681
26.9669
23.9162
19.9666
21.4142
19.7611
19.9392
25.6862
19.9138
26.9689
19.9689
31.7732
23.4404
17.1654
23.3754
24.0691
27.6980
23.2628
21.7417
25.1258
26.8962
23.5642
24.2637
26.2837
30.3749
31.0852
24.8582
23.0931
26.4804
22.8668
29.2888
19.8735
28.9183
24.5144
18.6443
25.8370
19.6746
30.3611
28.8781
23.1124
26.7972
21.0364
25.6139
25.5793
28.7178
26.3446
26.3747
28.3833
31.9150
20.7029
24.9160
21.1192
31.4387
20.6381
25.7253
24.1804
24.4173
26.3012
23.8661
18.9150
26.8138
25.2406
24.0313
24.6742
24.8018
30.1442
28.3185
27.3018
21.8861
18.9314
23.5778
28.8545
23.6832
20.4350
28.4505
21.7361
34.0561
26.2478
16.4304
25.2711
24.1112
24.2877
23.4830
18.1414
20.9092
27.7845
24.1474
20.0351
32.6488
29.0183
29.8403
36.1767
20.6658
29.6582
23.7129
26.8271
26.7070
22.7558
20.8565
23.0438
21.1733
20.1548
18.3869
29.3075
23.8019
21.3242
27.5493
27.8068
21.4632
27.6155
26.7968
26.8770
23.2705
21.8338
28.7223
26.0231
24.0059
29.6805
26.1070
23.9609
20.0985
22.3742
28.4623
25.5001
25.5267
25.6275
23.5397
23.7650
28.2852
31.7186
26.8945
23.5165
16.8995
22.4374
35.0466
23.1987
19.4222
30.2765
20.1240
28.6537
26.2484
16.8795
19.7556
35.6610
26.7527
20.1145
17.4629
24.8985
18.9558
27.3273
21.1248
32.7524
36.6204
28.0514
23.6208
29.9714
27.0759
28.0338
25.5141
25.5736
21.8725
26.7398
28.9704
20.2486
26.0951
25.1212
25.5978
27.8873
26.0385
25.8357
21.0185
19.9648
23.3417
25.5186
24.5081
25.9000
23.5403
21.1338
30.1925
25.2463
25.1509
36.1719
24.0097
29.9096
28.6580
25.9416
32.0629
24.2305
18.8807
18.5548
23.7846
23.1017
31.7041
20.4932
23.3178
22.5012
27.1854
22.4236
18.5337
28.9776
26.6565
24.1001
19.1183
30.6289
23.7157
22.2206
20.0675
21.8544
22.8282
20.7811
33.3763
19.9904
32.7244
23.5681
28.6965
29.9504
26.2346
21.2496
22.1839
33.9478
22.2907
30.6451
28.9541
26.2988
19.4343
18.9796
28.4807
20.3527
22.5732
30.0619
21.6716
33.8957
31.6396
22.0212
23.8600
27.5939
22.2611
24.5767
21.9596
29.0289
28.9190
28.7421
26.3347
23.9808
27.3906
20.3460
21.6601
19.7436
22.4899
30.6666
29.7487
24.6638
22.2699
27.8924
30.3421
26.4575
21.4402
26.0508
24.3443
25.4268
17.9339
24.5845
28.4050
23.9643
33.5091
24.7339
25.0643
19.8247
25.6232
30.8611
24.3280
32.2752
25.0724
19.8401
24.7135
22.0780
25.6896
26.9343
28.7098
25.8757
27.1007
26.6925
22.5440
24.8264
23.5534
25.1242
26.4276
22.0264
25.0443
22.0989
24.0418
28.1469
30.5055
18.4848
24.8330
29.1912
19.6933
30.8654
24.6001
23.6165
28.0511
22.9697
23.9277
19.0242
19.9662
20.6859
38.1416
30.2867
23.3285
26.5922
27.0655
20.7621
30.8516
25.2936
23.2662
18.1405
29.4388
28.3986
24.8758
26.5914
29.9475
19.6502
19.1604
21.9226
26.5726
22.3762
20.8475
25.0523
29.5549
29.1984
21.8082
29.8078
24.8573
22.4818
25.8920
23.4647
24.1912
25.0326
26.1060
15.9295
33.1940
23.1863
25.1711
19.8445
25.9022
28.5169
27.1766
37.0136
27.2162
23.1668
29.3872
18.3052
34.1499
23.9310
22.3232
27.0056
25.0460
27.6412
20.7782
22.9536
29.5769
19.5823
21.2393
24.5034
33.3632
31.1663
27.9819
25.6121
32.9952
21.4104
30.0182
24.7215
31.9343
18.5376
20.9471
29.4660
28.9341
22.2718
29.1246
26.1890
31.4736
20.2672
21.3949
22.3863
15.4525
24.7182
18.5146
30.1981
22.3735
28.1427
22.0838
25.9877
26.5476
25.3856
21.4461
24.4479
20.2736
33.0836
18.0546
28.0534
32.2252
32.8573
25.0838
16.2190
28.4553
29.0128
19.7054
28.5137
31.9031
29.9596
23.8316
30.4058
22.2893
19.1322
25.4484
29.5384
32.7362
24.3614
24.4195
31.3675
31.8356
23.8857
31.0775
25.5578
26.4276
21.3072
31.8248
23.8197
32.5433
20.3771
21.9496
29.4804
31.5488
31.3215
28.0756
32.1493
18.4321
24.4015
26.5718
27.4356
29.6864
26.2755
26.0037
22.4219
21.2222
26.5380
29.5225
29.0851
23.4622
23.5090
31.5212
24.9029
26.8531
31.3025
25.6756
26.5426
24.1085
31.3594
25.4599
25.4919
20.8101
28.9564
25.4471
26.9484
26.4798
27.3760
23.7566
30.9589
23.1857
28.4202
22.0560
29.6233
30.5262
24.9592
28.5042
23.8119
21.1095
32.2165
23.7969
31.1507
25.2615
29.2214
27.5639
30.8729
24.3066
26.8630
24.2917
22.5560
24.3304
23.8708
21.8346
25.3019
28.7028
26.4682
25.9728
21.6477
23.3239
25.5131
16.0094
24.0922
27.3046
28.0624
27.0798
28.6970
17.5223
26.7597
28.6401
25.2169
27.5883
25.3572
31.0003
27.8042
31.9578
25.8625
25.4207
29.1268
24.0479
20.7387
24.6727
29.4114
26.2572
20.5559
32.0482
26.2587
22.3059
22.4886
23.5181
27.5602
22.3333
18.8707
27.8502
21.2339
23.6475
19.8908
19.3691
17.4990
22.6496
26.1156
25.5253
22.5003
29.5938
26.3489
19.6363
25.9242
31.7627
21.5575
21.1206
26.2448
20.5273
22.7348
22.9182
25.6342
25.5899
22.5299
22.6172
29.4141
25.3871
23.3238
28.7675
18.6304
24.0093
32.7093
18.3327
17.8126
33.6071
20.0061
19.9630
20.9572
24.9464
29.9336
34.4827
32.9068
28.4408
23.8890
28.9386
30.9019
24.5432
15.0971
23.6650
23.1301
24.2358
31.0293
20.9436
27.9520
27.4301
22.9267
19.7546
30.5558
26.6105
23.9092
26.5439
30.7784
19.2376
22.4101
24.6378
20.5706
22.5784
29.0905
20.3206
26.3353
22.5126
27.1880
19.2365
24.8039
25.3264
23.5666
22.3446
20.5405
22.1386
34.9200
21.4344
24.3314
29.4683
25.0883
22.7351
24.1236
26.4763
28.7741
26.7814
18.6218
27.0035
22.6137
24.2832
26.8248
23.8120
23.2876
18.8588
30.5485
24.0478
25.3772
27.4460
22.6613
19.7435
24.4347
23.2743
20.6868
23.7230
24.7100
25.1899
25.2546
22.4006
28.0788
25.7023
30.9200
27.1545
20.7612
20.2774
30.0144
20.6261
28.2054
19.1465
24.6639
20.2655
20.5301
28.3813
27.1656
31.4107
25.5825
26.0680
18.5383
18.9983
26.8208
32.0247
24.9366
31.0912
25.9654
31.0266
20.8362
21.4185
26.7432
25.9997
28.8178
26.1331
20.2025
28.7367
30.2224
32.1686
21.2469
30.8258
22.5560
24.8597
24.9879
25.3351
20.9676
22.8142
21.6032
15.8192
23.5380
30.0223
21.6510
26.1267
24.1151
28.7062
29.9109
25.7970
19.4719
28.9621
23.4776
26.7235
19.5163
30.0095
29.8650
23.1347
28.3496
22.3212
24.7552
25.3730
20.5213
28.5901
31.8838
22.6859
19.8903
17.4572
34.7142
27.3078
17.6957
22.8826
26.6525
23.2895
17.8953
26.4616
30.7256
18.4622
30.0979
30.3598
28.7668
25.4575
20.9254
18.8139
24.4788
17.0424
25.5139
27.4106
25.6067
28.0379
22.6055
22.5716
33.0844
19.6286
25.3595
24.4821
25.9902
24.2938
29.4434
21.3495
23.8843
34.1316
35.7129
19.5839
27.0944
23.4690
25.9724
27.4290
24.3568
20.4634
30.6537
23.5656
24.4909
25.5727
26.5628
26.4607
22.7817
30.6137
24.9590
26.5824
30.5953
24.7775
30.2885
27.1725
28.2131
22.1223
34.2356
31.2142
28.9860
32.9474
23.1455
30.7577
28.0373
21.7077
29.9955
20.9448
27.4522
25.6308
26.9838
25.4112
27.0545
19.6598
19.9604
24.9094
30.8441
29.9867
20.1301
20.1048
30.3532
29.4716
26.0909
26.9369
23.2266
23.9840
19.8856
19.6310
22.3627
20.0275
25.1092
25.2829
21.4337
24.8504
30.2218
29.0548
21.4913
33.0588
28.8653
21.8284
28.0714
23.7729
20.3028
22.3192
25.8366
26.8157
27.9772
25.3646
27.0380
30.1935
21.5875
33.0982
25.4355
22.7093
23.2316
31.6680
32.1976
25.7172
23.0285
23.9077
21.1653
28.0639
29.5441
29.9619
34.1068
20.3246
24.6186
25.5765
27.4716
23.5843
28.1997
24.0511
25.5707
24.4590
22.7652
20.2648
22.2716
28.4272
25.1824
19.1195
24.5330
25.3605
20.5472
26.3778
25.8468
32.1570
26.0156
19.1599
24.2625
29.8302
33.6564
25.8116
24.5786
23.7129
21.0731
24.9407
24.1991
18.4576
28.0374
31.3721
20.2433
32.5992
29.5357
18.1013
25.4512
34.8887
26.5655
27.0684
18.8417
24.9530
21.0921
21.6283
22.2939
28.6750
26.8811
26.1279
26.8833
20.9448
28.4158
21.8875
17.7368
19.5412
25.1695
17.5752
28.0754
24.8826
34.2570
25.5133
30.1485
25.2765
22.2929
19.0008
22.3228
19.7279
29.7114
28.5958
20.0568
29.3793
28.0669
19.0147
26.1601
23.8860
25.6541
21.3407
17.2084
21.8898
17.4016
22.3163
29.1691
23.3873
21.1049
31.3308
22.1743
22.5600
25.2658
26.8348
18.7201
21.1455
28.9346
20.5109
24.6753
28.2803
31.1957
28.1136
20.7365
22.7968
20.6945
23.4334
22.1373
25.2614
25.3063
19.0442
22.0324
20.6563
27.5690
20.1144
23.2404
33.3535
21.2702
24.8743
25.8006
23.1889
28.5945
35.5132
28.6150
28.6826
28.6810
18.8986
21.7354
19.6044
16.2525
15.9774
22.6371
28.8908
30.3375
20.3939
25.4375
25.5778
18.9361
28.2007
29.6231
29.9035
23.2949
32.4175
25.0115
21.7285
23.8961
21.5104
22.3291
30.8097
20.9742
29.8368
19.9792
20.5580
26.9802
27.9641
25.1417
25.8807
23.9115
19.6941
23.6184
28.0010
24.1776
20.9997
20.0072
25.9711
30.6603
24.1697
30.4412
26.4749
19.8110
26.6831
24.9943
19.4185
30.4117
24.1734
30.4939
29.0136
32.1865
21.5152
30.4941
26.8263
23.1163
30.3609
23.8234
27.2892
19.8889
20.3430
16.1001
20.8006
31.3847
18.9309
29.1235
24.3532
29.2681
23.9172
27.5592
27.8489
27.0590
16.4597
29.2903
20.1630
33.4358
20.2491
22.8848
26.3168
26.0678
25.3998
27.8417
20.7148
34.0810
28.6219
33.4291
36.4443
22.3871
28.5354
25.6751
21.9142
21.4226
18.5032
25.1964
25.2661
17.9386
23.9106
25.6698
22.3142
32.6843
18.2474
25.5196
22.0242
18.0059
18.3783
24.9177
25.5823
29.9337
22.9366
20.6067
21.4003
26.5965
31.0461
26.3219
23.7574
25.0655
19.2687
27.6234
22.7195
23.0346
34.2802
26.4021
28.3048
26.9323
27.8134
20.1322
36.1319
24.4494
18.9821
27.2505
28.2196
32.9835
23.9060
21.9673
20.8178
27.8892
21.8081
32.6038
21.4208
30.5035
23.2755
29.3958
23.2971
24.9386
23.4880
19.9518
20.3970
22.6953
20.2465
29.9051
35.0270
19.8314
29.4953
27.8972
27.7303
29.8916
17.4804
22.7009
18.8005
30.4009
26.5995
23.5956
21.0313
21.7062
33.6855
19.6239
22.5544
29.1150
30.0816
24.3671
25.9922
27.6681
23.3445
23.7020
23.6687
23.7013
24.6920
29.6605
24.9367
21.4331
29.4547
26.7946
27.3114
19.0980
28.0838
29.6787
32.0301
23.5245
23.8442
25.5513
29.1934
22.3142
24.9957
27.9593
23.3254
31.3359
28.5166
25.8158
23.2660
26.4462
28.0010
27.7386
23.8418
23.2959
22.8000
28.0176
26.2120
25.6986
22.2525
31.0268
26.1025
32.5994
19.7875
28.2342
28.2076
32.1021
21.3428
22.5620
29.4989
25.6029
27.1967
26.4677
26.3159
32.0401
22.0302
19.5078
19.8775
33.3016
20.6031
28.6624
25.2579
26.1097
27.8653
33.8691
26.9578
21.2275
20.7344
29.4512
24.1976
27.9807
17.8594
18.0575
19.3905
23.7468
25.3431
24.7404
22.0254
24.7824
22.6483
28.3017
24.3226
27.3083
25.2169
29.1338
27.0251
26.1477
29.7430
21.1312
20.7927
19.5743
22.3537
25.5202
30.4907
23.6327
24.0730
19.2259
19.7418
22.5304
34.3128
31.0360
19.9314
25.3103
27.6572
26.1662
25.2978
22.1356
19.9635
30.6186
24.7116
22.7925
33.2225
25.9213
28.8170
32.0861
21.4854
26.2875
24.8660
20.1746
23.1441
26.0434
17.8121
25.6156
24.8653
29.1262
31.3075
29.2923
22.7303
21.7072
23.7892
23.8610
26.7944
28.8890
30.1817
26.7306
22.4805
27.7703
23.9564
30.8168
17.5626
28.8086
25.1064
30.8264
20.5657
32.9264
24.4134
19.4250
20.1897
23.8170
20.4247
25.0903
18.1139
28.5902
21.7626
32.6919
23.2159
29.0073
27.7388
21.7163
28.0378
20.7913
16.6649
24.7967
23.2685
24.4066
30.7331
24.0105
25.6480
21.3112
20.2625
22.9366
25.7725
24.8474
17.7671
21.5267
22.6759
26.9926
33.3656
26.0418
20.5176
21.5970
18.0109
24.9909
23.7698
25.7014
17.3191
22.1205
22.2039
19.6370
26.9358
32.9455
22.0511
24.0660
22.1480
18.5858
31.0650
30.3974
26.2384
29.2618
30.3897
21.7001
32.8530
20.3870
25.5284
30.5010
27.4683
28.9924
21.0915
25.6902
29.3806
26.7375
29.0095
26.0252
19.3257
30.9099
25.1274
30.8508
27.0321
34.5314
24.7928
24.8745
20.2766
26.2903
25.0503
21.2527
22.3996
20.1298
31.8371
28.8070
25.7725
22.7780
28.1588
25.3555
28.6042
24.4624
31.0627
23.7562
24.0736
21.7409
20.6838
24.9297
21.7400
17.2076
21.5429
18.8305
22.4047
29.3224
24.2853
28.2154
23.4812
29.7539
27.2533
23.7394
25.3110
24.2228
24.3593
24.4471
26.6267
24.4960
21.6062
18.3105
29.3371
22.7931
23.0710
20.6917
24.3958
22.4438
20.8440
23.4733
31.5263
27.6257
24.2634
22.4296
23.6235
25.8691
29.4143
25.0442
30.2969
23.0066
30.2574
28.9008
22.7396
28.1270
26.9111
19.4947
20.5654
29.0574
30.8584
22.3622
20.9124
26.1575
27.1044
18.0804
32.1486
17.1519
17.9262
19.9331
29.1242
23.6575
27.4165
26.7360
22.4599
23.9500
21.1936
23.5370
26.5957
22.8776
27.4291
21.5752
19.6970
20.6002
25.6311
23.8283
31.6245
26.1024
26.0510
30.3646
25.5982
26.6618
23.2780
21.6071
16.3882
18.6510
22.7262
18.8803
22.4252
23.6935
21.5256
21.3047
26.7943
17.5481
24.8662
25.6717
25.3855
29.5228
25.2985
23.9619
21.0982
26.5408
19.4570
31.6455
18.3189
23.2802
24.7742
24.2005
18.6732
24.9226
26.7424
25.3015
28.5215
22.5692
35.2845
25.6822
23.0392
22.6097
33.4870
20.7949
18.4835
26.6806
18.9867
28.4941
22.7251
22.6889
25.1680
22.3428
28.5701
27.4581
17.4602
24.1965
25.4730
19.1347
24.3083
21.5947
18.7523
21.1380
24.5434
22.3409
23.9663
25.5113
23.4644
29.3148
26.4489
19.7895
22.6825
23.5917
25.3385
25.6740
30.1697
17.7974
23.9964
23.7859
25.5774
19.8644
26.4340
24.9553
23.7453
25.3528
23.9220
28.6809
32.1631
19.9576
22.9169
19.6564
27.5092
18.3882
26.4706
30.9093
25.3280
25.1236
27.2105
21.8743
21.3308
17.4087
20.5649
21.9155
23.5114
29.7087
28.2679
27.2372
18.6754
21.3840
25.2216
22.1859
19.9185
25.4481
23.2096
31.7006
25.1101
28.5423
18.9465
30.6001
27.5430
18.8131
26.3648
23.0062
20.0215
25.4536
31.1572
33.6999
26.7892
23.5590
19.5309
21.1710
23.3910
28.6352
31.9616
20.4565
35.5475
22.5195
28.6211
19.6195
24.7819
33.6235
27.7513
22.6498
34.7225
24.3063
27.9946
23.8681
23.2309
21.3111
17.9899
17.5345
23.6326
30.2267
27.0844
26.3388
27.6290
22.3985
17.3191
21.9140
22.8518
24.2502
21.5921
21.0901
32.9348
30.1211
18.3061
32.3024
18.1429
28.3431
24.7541
18.1439
20.3506
29.9353
27.8405
28.6925
20.9588
32.4480
17.7372
24.1364
23.7091
22.9952
26.3499
24.0994
19.5973
18.6174
24.2149
25.5393
24.7067
22.4994
25.0181
28.6262
26.5975
30.6836
22.8230
34.8090
27.2694
23.6382
27.8462
29.3456
20.3851
23.5802
28.7361
18.8097
30.7051
28.5325
26.9196
23.6835
17.2840
25.5408
27.4680
24.3267
21.8152
27.7003
26.6050
24.4529
28.5718
26.9931
23.1232
26.1859
22.0247
23.5309
26.7428
31.0143
21.0803
27.7921
24.2357
18.3301
24.8887
28.4994
31.6276
24.4897
17.2759
20.2111
26.2575
25.2916
18.8633
23.4933
34.6042
25.7340
23.7309
19.3185
23.1143
26.1193
28.4735
31.4802
30.5582
19.9964
22.8657
22.9337
17.6104
23.7868
16.9404
22.2042
29.8049
25.9417
24.5972
21.2798
23.3208
28.7975
20.2808
30.9050
28.4893
28.0744
25.4243
29.7734
24.3655
26.6209
37.5961
26.7473
27.3234
20.7455
31.9070
31.8627
29.7302
28.3184
27.2561
23.7559
24.6716
33.7526
28.7169
24.3562
26.9003
22.6552
23.4362
25.6214
22.2360
27.9248
23.4362
29.4707
28.8050
20.5447
28.9508
29.4559
28.5192
21.2311
25.6225
27.3418
26.4542
30.5656
23.2167
24.2466
20.2127
27.8234
26.2622
25.7068
26.9936
24.2821
20.5359
21.5714
21.3983
20.1582
26.6271
33.9803
30.0545
22.9781
24.2118
22.2937
37.5586
21.3484
23.7023
33.1010
21.8369
20.6779
23.9329
24.9001
22.0951
28.0646
28.8579
36.1532
31.4298
21.6142
24.5343
29.6653
26.4960
29.4307
28.0889
30.6696
27.2106
23.2024
20.8279
16.8247
22.1919
23.3411
29.6571
19.0268
22.1420
26.0057
27.1661
27.8601
32.7606
23.9937
17.3005
26.1042
29.9786
24.3360
24.4802
16.9916
32.1482
28.6965
26.5617
20.1231
26.4432
23.9742
18.9845
24.5940
26.9000
29.4878
20.5982
27.3222
17.2207
18.7090
28.8687
21.4605
23.0726
27.3883
23.6445
24.7261
26.7510
29.6272
22.6287
28.6271
24.0853
28.2639
27.8315
29.3511
25.1445
22.9357
21.8843
19.6658
30.7113
22.3752
24.0691
21.0078
22.0685
26.5480
25.3104
28.3591
21.9308
29.8652
20.6490
20.6328
18.3673
22.2124
26.6683
26.5046
27.7000
24.3873
21.7218
27.3516
25.0124
21.9324
26.3872
26.6446
18.9804
27.2688
20.4963
28.2302
21.9484
21.0528
20.5444
30.4410
26.6314
17.3190
33.2705
36.7727
20.3185
17.7009
21.5501
28.9718
27.7995
33.7156
21.3134
29.4509
27.9242
21.8708
30.3646
17.4917
27.4650
27.0596
22.5872
24.1069
25.3871
26.4382
27.0811
24.9164
30.9436
20.6938
20.5008
21.4500
20.8821
24.8968
26.9272
28.4061
23.6055
23.3839
18.8943
28.2056
29.6571
19.3163
24.6782
19.6933
27.9786
31.5622
21.1147
26.7054
26.8217
24.9709
27.0693
27.9057
20.8653
21.6922
20.8012
27.9773
32.0532
28.3833
18.1716
29.3117
31.4520
21.2321
19.1487
25.0854
23.7387
21.0910
22.5783
24.0830
18.6948
29.7145
16.8914
31.8096
21.3785
26.1019
21.7621
29.0041
23.8937
27.6410
25.4309
28.6472
19.9866
27.6043
25.1259
30.6369
21.2270
32.8542
36.2950
25.1773
29.5791
34.1410
19.0246
26.3174
27.3467
30.0809
35.1019
29.8948
29.5433
26.1616
26.3994
23.5748
21.0840
18.9688
22.6301
19.5107
27.2261
19.6869
24.6617
17.9505
30.5461
30.5740
23.5625
21.2270
27.1044
27.2157
19.2263
19.6850
21.7451
19.1857
26.5984
26.1184
22.5239
18.8126
25.1603
21.5646
26.0418
18.9131
21.1301
28.2351
21.9782
25.9562
27.9324
19.6499
24.4791
27.7484
31.2061
15.4698
21.8992
27.8805
27.6023
23.7329
21.0071
26.1667
29.6626
29.1952
26.6382
24.9694
19.7955
27.2382
18.5737
25.6322
20.6543
27.7445
23.7261
18.8164
23.1552
24.4180
25.2263
21.6619
30.9925
33.8288
24.1158
25.8236
24.5978
22.8815
30.9627
20.0056
18.7902
26.1750
29.4467
32.4372
22.2821
18.5460
25.0349
30.6922
22.9629
17.1130
22.1804
29.9895
24.3653
25.5493
29.5590
16.9867
18.5705
20.5171
21.8374
22.9985
25.4892
20.3977
24.9664
26.4068
25.3429
25.8527
18.7825
25.4593
22.5686
26.1112
26.3595
29.8412
23.5454
19.8027
20.2418
23.2786
21.6274
28.5951
22.5008
29.6898
27.3058
19.9236
20.8945
26.9847
25.4879
29.9574
21.1043
17.6550
27.1197
26.7453
29.4842
22.4447
23.1961
23.4515
28.4078
26.7298
21.3069
25.4213
22.0801
23.9238
22.5098
24.0641
25.7183
27.5202
21.3446
29.9394
20.3655
23.5799
24.0699
29.6505
26.6138
30.8260
19.7285
21.6860
35.0312
15.5986
23.3977
29.5045
23.6317
23.8018
24.7313
25.2055
27.6037
22.1468
24.2402
21.7563
25.3314
24.0303
28.2185
27.1104
32.3371
24.1660
27.9670
25.9298
21.5347
29.7475
28.3953
24.1945
28.7709
18.4932
17.9265
29.7088
20.7675
23.7868
18.9512
21.6991
16.0046
33.6291
27.3418
22.1876
25.0098
22.9771
25.7143
28.2877
27.6040
25.8934
24.1193
21.4276
20.3649
24.9251
22.8278
29.4089
26.0755
28.6114
27.6772
26.4643
25.1602
26.8084
31.4878
23.6853
37.0359
27.3498
28.4191
32.2949
21.6429
25.0881
30.9166
21.1557
20.0507
27.6935
23.8678
28.7681
18.5883
27.7033
28.4243
26.9491
29.1325
26.9382
21.3517
24.0330
24.4780
32.3535
19.8368
23.6517
25.8320
22.6732
24.6136
20.1210
19.9776
27.5681
23.1440
28.2074
32.3799
20.2495
21.0779
27.4549
25.0793
25.8956
25.4467
34.1969
24.0962
28.5791
27.1476
26.5356
22.4394
22.1624
22.8050
22.4045
24.6229
18.5094
16.4856
23.1431
24.3941
23.9485
28.5958
24.5365
34.0091
33.1545
26.8478
28.2962
27.2452
29.8729
24.7439
25.9715
22.2665
26.5292
30.2461
22.7801
21.6423
25.2192
19.4565
27.1926
26.0522
22.7206
26.9489
27.3723
24.3664
29.0542
25.2259
21.3355
28.2058
25.1723
30.4697
22.9713
25.4407
21.1585
24.6817
25.6738
23.3672
27.1632
25.4919
21.4054
25.8599
19.7285
26.6013
18.9753
22.7033
30.0782
26.7737
29.3413
30.3434
29.2634
26.9407
22.2451
25.9631
23.4411
23.4949
25.2849
30.1413
17.1803
19.0540
28.1630
25.6825
32.0939
26.7150
28.2696
26.2046
25.1889
25.8800
25.3096
30.0886
22.8839
22.1098
22.2145
29.8285
31.2080
25.6675
32.0890
21.1600
23.6044
19.9196
22.6179
26.3367
23.1406
25.4855
27.2112
32.7191
26.5379
28.0357
26.3770
29.0317
24.8861
31.4753
22.5282
26.2934
33.9381
24.0132
24.3239
25.4906
24.6872
29.5901
25.0051
23.3352
27.2887
28.9710
22.6817
23.1942
19.9991
21.6757
29.8925
20.7702
28.4768
21.7830
26.2848
29.6099
18.7193
27.7019
23.1244
23.4561
20.6672
20.5634
21.2555
31.0918
17.6908
16.7429
26.4738
22.5198
19.4900
25.2872
28.1033
23.6897
26.9047
21.3432
20.6202
31.9054
25.6467
27.6951
26.0694
32.9804
21.3819
28.7064
22.8294
27.6816
30.4795
21.2514
19.6941
22.4435
21.2328
26.4202
22.7977
25.9517
25.2394
16.6231
33.6892
26.5990
16.0016
25.3549
28.0802
18.4407
29.1038
25.4516
19.7449
18.4357
21.9802
16.7546
33.2850
27.8757
26.3177
23.0013
31.6912
33.2220
22.1508
26.7430
17.8348
35.5538
29.5927
29.2277
27.3763
28.2426
22.3181
24.9405
23.3304
27.6411
24.7866
25.7226
27.7724
22.3932
18.8896
24.2167
29.3425
21.8069
21.3226
33.9783
21.1750
26.8346
27.8790
23.4583
18.4441
31.3190
21.4425
19.1129
25.6756
24.6784
23.8151
20.7201
31.0609
26.1363
28.9347
23.1705
32.5800
27.9910
24.6354
23.5088
35.7073
33.3938
26.8698
28.4690
15.8819
24.0576
25.1453
27.0041
28.6549
22.2999
20.2541
22.5000
23.0626
30.6710
26.4340
22.9228
21.7489
26.0819
25.4700
22.1576
18.9037
21.1733
22.5982
17.3928
18.2095
23.5391
24.1885
19.4538
28.3193
28.4014
24.0915
19.1654
24.3488
23.7080
29.1639
24.9431
26.4523
21.9628
31.8579
19.2330
20.4751
24.8453
23.3320
25.2974
27.1543
31.6994
31.6955
24.1146
29.8868
25.1254
22.1046
27.4759
24.4176
21.5789
18.0310
27.7563
31.1034
20.4335
27.4747
30.0030
23.5757
31.7696
30.2545
30.1942
19.8771
17.3272
23.7740
25.8216
33.4788
33.9492
23.7869
18.5555
24.4950
26.5923
22.1198
21.2677
24.3802
29.0779
17.8311
25.3740
24.6062
25.7244
28.7397
22.3903
25.5815
19.8496
17.8799
19.8488
29.2856
17.9017
29.9459
32.6980
23.3389
20.9202
23.4941
27.6407
24.2144
27.1124
23.0551
22.8933
30.1098
23.7635
26.5943
21.0130
27.3302
32.6780
27.6934
20.9799
22.2127
27.1727
25.1273
28.1429
22.7611
20.3227
28.3963
26.4713
22.0793
27.8380
26.3937
21.0523
21.9053
19.2474
20.1956
31.5481
27.1009
20.9300
27.0206
23.2956
22.1645
19.3280
23.7073
19.6664
26.9219
27.3641
20.3277
29.7439
21.3256
25.3696
27.6655
23.8326
19.4050
29.7337
18.8282
30.7148
15.1645
21.8872
25.6302
27.8431
18.0118
25.6362
32.9873
19.2923
23.0088
18.2458
25.0660
24.9920
22.4229
27.5916
29.9504
24.1989
29.3219
22.0792
19.6825
26.9879
22.6260
30.0440
25.7698
19.2344
20.5550
22.6815
24.5921
27.3891
21.1311
22.0702
27.3127
25.1655
21.0180
22.7905
20.1837
20.6320
25.5666
29.2201
23.7549
23.5269
29.4639
29.1729
26.1385
27.7673
21.9200
26.3896
21.5515
29.2352
23.9754
22.8347
32.5744
24.2844
26.3558
23.7790
25.1711
32.5500
25.3456
35.3421
23.7370
25.0180
23.0994
24.5947
29.9392
29.8921
26.0414
24.3131
21.1674
26.7408
29.2605
19.3099
18.4906
22.0346
24.6581
21.1678
24.0286
23.5697
21.1455
25.7436
22.9362
26.3446
29.5110
19.5725
21.9274
20.6724
24.4937
26.7912
28.5833
18.7408
30.7864
30.6093
21.6743
21.7624
23.5585
22.2972
32.8544
27.8068
21.3613
21.3828
28.9002
31.3444
27.1894
21.8471
33.6668
21.9223
21.4592
30.1519
24.5283
30.5968
28.6275
34.9322
24.0594
22.9712
25.8295
30.1764
18.3934
20.6048
21.0348
29.6973
29.8042
30.6524
22.6744
27.0373
20.6534
24.3550
30.2926
17.9569
20.2890
22.1455
27.3587
21.7061
30.8454
26.5049
25.0051
26.8126
27.3458
22.3789
19.2844
18.8742
28.8975
23.3685
23.5310
29.7979
30.2809
22.9577
33.6252
30.7866
22.0083
19.9709
32.1785
26.4032
29.3313
30.1783
23.5698
18.9013
30.9899
27.1697
19.8566
22.5434
28.5096
20.0215
31.3303
23.4681
26.4992
25.2903
21.1154
17.6959
23.3190
30.4203
17.8985
26.3963
23.9743
29.8371
32.3042
24.4787
32.0241
25.4964
29.1962
20.8395
26.2196
26.5187
19.3892
23.3429
26.8093
20.2335
25.3197
19.4318
24.8183
30.2223
23.4076
20.0839
21.8202
19.1260
28.7303
33.0944
24.8902
22.2956
29.2311
29.0002
26.8916
18.8213
22.2696
24.0584
23.8476
21.0786
26.8956
28.0476
15.4846
29.7185
21.3421
24.7221
28.2996
33.4172
24.9117
33.5567
34.3466
27.1309
30.8564
27.0381
22.4583
24.4680
20.3573
36.7220
31.2970
24.6028
22.8855
26.6679
27.6723
22.1216
26.4279
25.3229
32.8468
25.7758
23.9764
31.4568
21.2446
30.4297
32.3403
18.1396
27.1987
24.3110
29.6224
20.6026
24.3056
27.5587
28.7858
19.2884
18.6431
21.7047
29.2868
27.7606
18.0120
18.0522
22.1988
29.3846
24.5644
24.0780
27.4027
24.2439
19.9625
23.1867
30.8380
21.7374
21.1622
29.2732
23.9763
25.4456
21.9612
25.5315
29.8451
29.7460
27.6629
22.5135
18.7564
18.3970
25.2945
23.7719
27.4553
29.5278
32.7998
23.0627
29.7655
21.7829
25.6225
27.5871
24.4223
27.0085
21.6666
34.4098
20.2951
21.5003
22.9217
27.8087
28.5547
29.0930
28.2842
31.1261
21.3218
24.9703
20.8916
21.1321
20.7213
22.6600
25.5569
18.3850
27.1145
27.1009
23.5206
25.4205
27.0979
26.8102
22.7729
21.0739
30.3438
30.3051
23.3084
26.0352
22.0699
23.4432
23.1523
20.7666
21.9204
23.2026
28.1387
22.3000
25.9947
21.4589
21.3849
19.6929
28.4936
28.0148
21.2767
21.3086
21.6436
23.8927
21.1784
23.5988
26.9788
26.4659
35.8817
27.2934
24.7836
32.2847
30.9059
24.9543
19.8901
27.6311
24.1894
23.1506
22.9983
23.7955
20.1176
26.9954
26.0531
22.3052
27.9984
24.7792
27.6064
25.1657
24.5550
24.1526
25.6191
24.7393
30.3918
26.1469
23.1716
35.4870
25.1270
23.5305
25.7542
24.7111
21.3588
25.7811
22.3714
22.9330
32.0628
27.9780
21.0022
23.4863
22.0257
22.4170
23.6710
25.4621
21.7916
25.0350
19.7331
32.5040
28.1245
20.1140
23.7695
24.0122
22.9723
32.4179
25.9357
22.4826
24.5064
24.0112
24.0282
20.0959
24.7735
19.4534
22.3645
27.0036
21.7581
23.4908
22.4096
23.5144
22.5649
27.7304
20.0391
30.9133
30.2632
23.5587
28.2162
24.4534
36.4103
18.0775
22.4230
28.0243
23.6070
22.1587
25.1272
24.4437
19.6410
22.7770
32.2536
29.4942
21.5741
29.9861
27.0460
24.1728
21.6352
21.7081
23.5295
32.6378
27.0328
26.4480
32.0342
23.0506
28.7249
27.4911
26.7604
27.8314
26.0808
20.0673
21.3930
23.2182
22.5756
24.0537
25.2047
27.9206
27.6677
24.9186
28.4398
30.1613
27.0741
27.0989
18.2806
22.8628
19.1251
31.5346
31.3577
32.4173
25.9358
23.4670
21.6286
27.7883
29.4680
25.7435
31.4377
31.3211
21.5980
26.3061
22.3413
24.2163
25.2193
28.6624
19.1683
24.6345
18.6454
24.0258
21.9416
34.7749
26.3981
27.9298
21.8010
23.0673
30.5607
26.7795
26.4374
29.7312
27.1035
27.6771
21.4193
23.6219
16.7721
16.9748
25.1923
27.9818
20.0031
30.3568
16.4356
24.0889
24.3802
21.2762
24.2649
28.5026
23.0905
25.4465
27.6954
19.4752
25.6211
29.7575
20.7638
21.4189
25.4171
29.6864
24.5785
22.8513
29.4835
22.5775
25.0865
30.2054
18.3839
20.6478
23.9694
26.3196
19.1630
20.5035
23.0584
21.7452
32.9998
21.5056
22.3518
26.3064
31.6182
20.4377
35.3908
23.7101
24.5774
23.3969
26.9994
24.5795
24.8878
30.7366
30.0337
20.1880
28.9113
17.8899
21.0660
17.2771
21.0747
24.9652
30.1946
22.5139
23.0684
26.5720
32.1484
24.5161
35.7318
33.2261
24.8285
24.9145
21.5755
20.4241
32.0693
23.9610
28.5159
25.1473
26.6315
26.4194
18.0459
34.4159
23.1831
25.5817
27.6325
25.0747
21.2499
26.9102
21.6574
23.4122
17.3192
27.1614
24.7965
24.6686
31.5880
28.4577
27.3616
26.0076
29.5841
31.7693
28.0020
29.4457
21.9670
26.2383
19.9417
31.4170
24.6730
24.1349
29.2416
22.9009
27.0510
19.8360
34.8424
27.0051
26.1093
24.8451
24.0251
30.4635
24.6744
21.9316
24.3469
21.5348
22.9136
25.0675
23.5160
20.0950
24.0564
21.2931
22.4546
23.1620
21.1151
30.1367
20.3763
29.2921
26.4397
25.8515
22.7129
25.8010
22.7838
17.2160
24.1403
24.7085
21.3227
31.4031
18.6619
27.5247
18.4726
25.7124
30.8906
29.4203
22.2356
33.5061
19.1717
25.9507
29.8662
31.5303
24.2189
22.7019
25.9102
23.6037
23.8095
23.8129
20.2872
22.8415
32.2859
24.1480
20.8576
27.9917
30.2743
23.7974
24.1210
22.5838
27.1601
34.8613
30.5360
24.5291
27.1964
31.9602
23.2564
28.5796
22.7640
24.6587
34.6908
21.4860
27.6715
26.6246
20.8541
27.8555
27.5819
20.3118
30.2894
24.8353
27.2263
19.7166
21.8728
20.2221
34.8501
27.8625
19.7186
32.2727
22.8909
24.7447
33.0722
20.9388
22.8491
28.5093
26.3958
27.0161
17.3262
22.2436
24.9597
29.4509
26.4676
24.5488
18.3426
22.5711
26.4301
22.3489
23.7984
32.2278
30.0624
19.0886
26.8424
31.2286
29.0288
23.9052
23.4357
25.5858
17.6520
35.4654
23.6855
29.1816
22.2404
21.6545
29.8476
21.9016
25.9289
25.0512
21.4535
17.9370
28.0965
18.0641
23.7626
28.0876
18.4790
27.2314
26.7988
28.3351
21.4212
22.5912
25.0676
27.1073
26.4071
23.7328
32.0523
22.0601
24.0603
30.0605
31.7229
21.4198
28.8270
28.5533
27.2421
20.3066
26.6087
28.5320
26.0525
31.3018
16.9773
26.1621
30.8999
20.6930
27.9277
32.4009
28.9386
25.0896
24.2817
14.9579
19.5930
26.4052
19.1177
18.0767
30.3330
25.4388
21.2159
23.7182
27.5504
23.4683
21.5381
31.7935
32.4870
25.0714
20.6433
33.8382
25.5952
22.2548
19.8605
30.3355
25.5478
32.1782
21.4926
22.0233
32.5805
21.5933
26.2958
28.7603
25.2941
28.9000
24.0581
17.4239
31.5792
19.5421
24.1742
24.2240
24.1856
27.1381
23.7581
34.6280
18.0605
27.0159
18.6538
22.6093
28.5397
29.9024
32.6841
16.7780
24.3968
26.2307
32.6422
20.8408
21.8041
34.8287
21.1287
30.9213
23.5971
20.4805
35.6446
27.5901
28.3328
20.8176
20.7288
26.5575
20.5227
28.3054
17.8263
27.4562
23.3976
24.8482
25.7129
19.8460
17.3811
36.1084
22.5186
25.7965
25.0962
34.4145
22.3253
26.2533
28.0831
27.5264
16.2696
23.0044
29.7802
24.4543
29.0728
23.2364
22.9507
19.7220
23.8743
17.4441
18.3315
28.4411
31.6567
17.8027
31.6241
27.3788
32.5232
24.3270
18.8924
30.5215
35.1126
25.7991
28.9159
30.9152
29.6833
21.4807
27.5234
19.3521
27.5862
21.7856
19.6524
31.8387
24.2861
22.1848
29.0461
28.4677
26.1343
18.7179
25.6132
32.8620
32.4910
33.5781
19.1381
22.7788
18.5716
20.5669
18.6599
17.9264
25.3135
23.6739
23.3431
26.3526
23.0265
28.0433
23.2282
24.7768
26.7285
17.8192
25.3246
30.4619
23.4409
27.3409
17.4984
34.1617
33.6234
20.7256
18.1270
20.9560
20.7991
23.3073
28.1398
27.5261
25.6324
31.8214
31.8345
20.5095
24.0236
24.5245
34.1901
21.0646
22.2962
24.6575
23.4279
22.9950
21.2471
26.0223
19.1453
24.4512
21.9824
21.7797
19.5262
25.5082
25.9702
28.5467
20.1683
27.8297
22.5813
24.7316
23.7123
32.9181
27.8374
21.8285
19.9816
24.5047
30.5755
27.5466
22.1920
27.2955
26.2478
20.4467
32.0619
21.2439
27.0111
22.7310
21.1767
22.2398
21.5086
26.1956
24.7816
26.2123
24.9816
17.0763
23.5727
22.3747
24.4604
26.7507
31.9475
19.7822
31.2368
27.4519
24.6579
23.8958
24.8619
27.6569
20.6362
29.8420
20.4040
23.8119
27.2139
22.2997
32.1573
25.6884
27.4765
23.8307
30.5009
23.9806
24.6979
30.4294
25.2569
28.9412
30.1327
22.4909
34.9185
23.0449
31.2331
17.2789
28.3718
29.0557
32.2639
28.1498
20.0571
25.6625
26.7692
25.3901
16.1669
26.0011
24.2416
26.6822
30.1699
30.8115
25.4868
24.7259
26.2447
29.7667
28.0904
21.0876
29.7481
18.9593
26.5900
31.7451
28.0487
21.8211
19.9108
28.2740
23.7985
18.2561
20.8029
17.8849
27.8862
26.8103
26.2036
33.3344
21.9151
24.6875
22.8277
17.5626
29.0865
22.8151
26.4147
22.3955
18.6829
24.3523
26.3265
35.8484
20.2325
22.7124
27.0815
22.1501
28.3504
29.2739
24.9735
29.1069
25.8601
35.0549
21.3446
29.1507
16.9727
26.9084
32.0419
24.0661
24.3488
32.3484
28.4573
19.2040
25.5107
27.6282
30.7654
23.7587
26.3340
28.1628
26.4404
24.0562
22.1851
23.4210
35.0477
24.0311
23.7256
30.7416
30.1756
18.9003
23.2746
27.5889
21.0037
28.3096
24.7251
23.2243
20.2116
24.3515
26.6343
22.3488
31.9507
17.3764
19.9032
29.6466
24.4412
18.2824
29.3107
21.3942
26.2013
28.5649
21.7899
26.1332
24.9651
26.0190
27.9344
24.6669
32.2680
21.5812
36.0034
26.1971
29.7680
24.0333
29.0929
22.8209
29.5731
24.3588
24.1549
24.4292
25.2985
27.1382
25.0067
20.8040
28.5696
27.1936
25.1090
26.4607
16.5430
22.1049
25.9247
23.1481
19.3357
28.7030
29.2692
17.1386
28.2446
23.6976
26.1020
18.9403
23.1202
30.8774
33.7914
28.4079
24.2221
26.5588
28.3935
23.5244
22.9495
25.1159
20.0659
19.9808
22.7753
29.5490
30.0764
17.5713
23.2820
19.6980
21.0243
24.9626
19.7702
24.9207
34.5548
24.3217
24.6677
27.1499
26.1418
25.6613
22.7030
19.9510
20.1158
31.0367
18.7107
17.6002
19.4378
18.2400
25.2457
32.9055
33.4623
28.5267
23.6808
26.6865
24.3104
18.9387
29.2634
26.1510
31.3194
25.8723
27.0648
27.9236
22.3153
26.7649
23.6835
29.3730
23.5705
24.0097
24.5641
25.5782
30.0213
18.3779
20.1726
20.4472
25.8173
35.4868
20.4898
28.5121
22.7560
22.9968
30.0773
19.8785
29.7983
27.2589
23.7675
22.7391
29.1533
29.4162
24.0882
24.3064
32.1826
20.0170
21.2345
23.8841
28.8845
23.6426
27.8707
19.8526
26.5213
23.7263
22.4110
26.5736
22.7980
28.9018
24.8607
23.1325
26.1147
18.2946
20.0219
27.8576
25.6580
23.9239
23.6160
23.4695
19.1401
20.5272
22.4435
23.5430
26.4762
33.4716
26.0663
29.3027
33.5270
27.8364
34.2686
19.2526
31.8828
30.7679
31.7405
25.9276
27.3499
20.1415
22.7021
24.2157
19.7671
21.8700
22.2948
27.6078
27.6454
20.1523
29.2384
21.0432
25.4758
27.1376
22.0674
22.2187
19.1415
26.1830
22.5193
28.0835
32.8452
23.4714
23.5831
22.1852
27.4352
21.3351
35.2199
24.9464
33.3285
27.5969
31.4285
35.2944
29.4945
27.7305
23.0832
29.0036
26.1520
20.4768
26.5020
31.7162
17.0481
28.6167
22.3695
18.5878
27.2206
20.6677
23.1426
25.6561
32.2830
20.2986
24.6371
25.4995
30.0946
28.8053
22.2357
22.3534
21.2533
29.7711
25.1020
24.5886
25.8917
26.1961
22.5499
18.6685
28.5325
26.9365
26.4533
31.7222
22.2585
21.7524
26.8617
19.9606
17.8584
26.5195
25.8214
27.4473
27.6463
20.8631
31.0306
24.7815
25.2576
24.8414
26.6087
23.6658
25.4739
22.6547
21.8055
23.0470
24.4224
23.2394
18.9837
23.1054
18.8001
22.1111
25.6883
25.8677
24.5536
20.1321
26.5935
25.1333
25.2904
26.3396
25.3196
31.9531
33.1059
24.0177
22.4240
32.8444
32.6899
25.6312
23.2278
32.4889
32.4153
23.7146
23.7478
22.6807
21.2912
22.4220
29.1327
23.9826
27.3659
22.9660
27.9892
28.0515
28.5726
22.4945
26.9140
25.3401
21.7570
29.5224
34.1915
24.6339
24.0942
29.7152
24.2937
28.8046
27.5784
17.3570
18.4646
30.1562
19.3575
29.9779
21.5752
25.6145
20.6524
24.8987
23.3963
23.9575
17.7510
21.5920
28.7674
19.6185
29.2212
23.0980
26.1828
27.9539
20.0444
24.2627
30.2684
25.7891
24.1028
24.1607
30.2812
26.2493
29.7814
27.2391
26.2310
31.2170
20.3201
29.4450
29.0872
18.5829
17.9607
26.2945
21.3281
21.5959
27.1594
24.0321
30.2805
20.4563
22.0884
28.0713
29.2517
27.9818
29.2921
18.9191
26.7800
22.3896
27.8394
21.1942
23.7676
19.5339
29.1805
29.7913
26.1295
32.0404
26.3811
26.8973
25.7962
28.1093
31.6051
27.4148
28.4344
24.1517
23.7588
30.1639
21.8573
27.6942
28.5071
16.9293
25.2211
27.2437
24.6984
23.8464
26.7212
27.4131
18.5609
27.6497
21.9118
24.1208
25.3774
20.5629
29.2294
22.4215
30.3347
31.0189
29.7367
29.8499
28.3555
16.8378
33.2358
24.9335
18.7700
24.1981
20.0956
28.9672
19.4294
22.8107
26.7781
36.1537
25.9804
31.1806
22.0692
27.8903
29.5758
23.0698
26.7754
28.2043
20.3887
20.5426
24.2738
26.0165
23.4610
22.5392
25.2902
28.7402
29.7042
31.9703
19.4433
21.2680
27.1504
26.1410
22.3293
23.7959
17.3120
21.2769
27.4322
21.0584
18.3897
25.8936
23.8846
36.1793
29.3202
21.2607
27.1483
20.4046
25.4879
24.2513
28.1465
22.9175
26.4252
23.0812
29.4720
25.3573
32.7256
23.2790
27.8569
25.9368
22.1390
20.9885
27.6429
29.1869
25.2595
28.7635
25.3408
25.5650
26.1904
22.3513
25.5171
21.4653
21.1231
25.1465
21.3203
20.5980
24.9574
21.9608
27.9721
26.5099
18.7171
24.1829
25.0447
28.9526
30.0245
30.1302
29.7306
26.2392
35.1027
20.3485
28.5708
22.9488
23.6264
24.8633
19.6485
21.2167
35.3587
23.2246
27.6066
24.9515
19.3299
26.6822
26.5937
26.0353
29.5889
25.1385
35.1178
17.8396
33.6735
22.7375
22.9275
21.9223
26.5271
23.8272
21.0435
26.2086
29.3288
18.5560
23.5029
21.9586
27.6417
25.7815
21.2421
20.0524
18.4664
23.4289
26.0999
19.2844
27.8641
20.3753
22.2024
24.9712
28.4799
27.6232
21.8909
21.1253
20.6200
22.2655
28.5033
18.2244
34.2252
19.6829
25.8948
23.3614
31.6131
22.7497
27.8732
25.2299
24.0371
19.9456
19.1916
27.4294
21.3058
28.2576
20.4439
24.3567
27.0841
22.8185
29.7959
18.8643
26.0911
21.1288
20.2739
25.8979
32.5990
33.2241
24.9906
29.2900
33.4937
26.5709
24.4593
22.6656
22.6370
25.5375
21.5188
24.9497
23.8648
28.8430
19.4150
28.3943
28.6014
28.0880
24.0074
29.5259
27.4944
26.8107
21.8623
26.2351
21.7131
30.3710
19.4229
21.0850
28.6714
22.1479
23.4250
30.3430
28.9582
19.3383
23.9680
25.0380
24.6418
32.9759
25.4589
25.0467
25.0495
19.7939
26.6852
32.3005
23.1585
26.5496
27.0005
24.6767
28.1529
25.1705
23.8278
34.5224
26.6406
26.8170
24.0035
17.7268
29.9684
26.7102
20.1163
30.8943
26.1263
29.8918
17.1030
26.4503
19.9009
29.8290
25.7605
32.8754
23.1439
23.3985
21.7548
26.6902
31.9502
19.4498
20.4188
21.5875
30.6792
26.2905
33.2401
26.7821
25.5347
21.3026
25.1952
24.3692
25.0372
28.1374
21.4260
20.5345
20.0067
20.5449
25.1308
22.4598
18.9533
34.2587
21.1110
28.5636
26.0340
23.4275
31.8775
31.2625
26.9255
33.4721
33.2906
29.7965
32.0984
21.4308
24.4926
23.9907
20.3048
20.1482
27.2339
22.9036
22.9923
23.4500
25.4284
27.1139
18.9851
30.4433
29.0188
21.9750
34.5109
28.6549
23.8930
21.2763
26.7343
34.1877
29.3533
21.4807
27.4107
31.0417
24.8501
28.5770
21.2000
24.8572
32.3731
20.3519
22.7883
18.1626
19.8844
21.6177
26.2009
23.4702
21.4992
26.3598
26.5944
20.8304
29.8140
24.4671
26.7152
22.5882
31.0786
20.0522
20.8341
33.7136
21.1092
27.0360
22.1784
27.2050
18.9871
36.2311
30.0459
27.2614
26.9081
26.5540
22.5194
29.7165
19.8193
22.6340
22.5239
21.2155
31.2317
16.9591
23.8090
23.4346
22.0298
15.7816
20.5468
24.5188
29.1499
29.6851
25.7062
24.4861
21.0835
22.8111
27.2559
33.0113
26.4732
26.3630
25.2257
32.2461
24.6152
25.1236
24.8449
25.8448
29.1126
29.7622
30.0119
22.1835
23.8237
24.4544
36.5145
28.5530
30.8350
23.5488
18.4105
27.2919
22.1848
19.7141
21.7897
23.0564
22.9563
20.8103
18.8842
26.2305
24.0339
25.7372
19.0696
27.8438
29.9381
33.9581
23.5773
21.2295
25.7407
26.9870
29.1142
21.1634
26.5179
16.9618
24.3910
20.4831
17.9498
23.0446
26.9991
35.9847
25.7163
19.5515
24.4552
25.4224
21.8848
23.9284
21.5120
29.7596
30.4112
20.3786
25.5468
29.5930
26.9389
26.5319
22.8893
20.4582
28.0918
24.1637
21.2329
19.1696
25.3022
27.2347
21.7894
18.9261
21.9767
22.0006
20.6478
21.2989
22.5374
26.8429
21.6486
30.4643
23.7772
21.7725
22.0287
34.0516
21.7370
24.6380
19.6940
24.2641
25.6583
31.5867
21.9012
30.7173
30.8793
29.0959
20.0571
27.7420
20.8061
34.7187
31.0403
28.4918
21.8930
23.9604
25.4815
23.3617
24.0209
23.9841
19.2932
24.1945
29.1928
31.7265
23.0847
34.4479
18.9054
19.9933
34.3468
27.2419
29.2662
24.9052
26.7042
27.6052
23.2493
28.7975
21.7243
28.4803
19.0412
21.5721
22.2554
22.7696
21.2111
27.7437
25.2404
31.0557
25.7205
21.2497
28.8679
19.8621
30.0346
30.3157
20.7221
32.3425
23.4108
22.2644
20.1622
21.5013
20.6455
19.8401
25.0598
29.4286
24.1676
21.4419
22.5110
26.8217
27.5492
25.1291
29.2051
24.3400
27.5427
26.5582
26.3846
25.9878
21.5709
21.9538
23.6217
26.7463
30.2212
18.5347
31.5636
18.9274
22.1276
32.7852
25.2466
17.8221
30.4554
23.7968
29.8062
27.5199
23.8125
27.5240
20.6330
27.7851
18.7080
23.8754
23.1827
29.7442
25.6985
31.9853
21.7260
34.4694
25.9857
27.5952
21.0610
30.1132
18.5145
22.7507
23.3717
26.1565
24.3173
20.6212
20.4155
20.6469
25.6662
24.1947
36.5626
24.4314
33.8898
19.9456
21.7339
24.6426
35.6086
28.4034
31.5318
23.5753
24.3601
17.5464
21.4399
26.4198
20.0969
32.3530
26.1364
29.6450
21.9749
22.2036
23.8032
26.0102
20.9817
27.0726
21.7673
24.0263
20.1178
25.1713
23.4208
25.9464
16.9610
24.4695
31.4867
34.4025
26.4258
30.2721
17.9562
27.6935
29.5401
24.1650
31.2128
19.2853
21.0573
28.4086
29.2582
20.6739
20.5081
19.5925
27.5429
27.8164
29.4371
27.6196
28.0404
20.7684
30.9354
24.0788
19.9185
19.8883
22.1303
22.7824
21.3828
25.0113
31.2644
19.8642
23.6380
23.1037
22.5753
27.7090
36.3040
22.7681
23.1851
20.0826
25.0164
27.4426
35.3882
23.5769
24.1124
26.6411
23.6635
23.9313
23.2481
25.8558
25.1837
23.3994
21.4497
26.9739
33.2993
32.4674
31.5202
19.3862
25.8513
25.0633
28.7086
22.8481
31.0391
25.6342
26.1646
24.4120
22.6498
31.6254
22.9100
27.9315
24.8916
22.5982
27.0415
20.9574
25.9986
23.5963
26.3786
19.6163
24.3435
30.6728
26.2782
32.2325
22.4145
23.9637
20.5238
27.7683
21.7999
25.8529
20.9187
23.4497
22.0057
26.0908
25.0323
30.2396
32.0495
26.8910
20.5376
26.3161
21.4872
20.7068
23.9816
27.7003
30.2468
20.2241
25.5346
29.6975
21.7190
21.6672
20.7147
25.5264
21.3730
27.9217
27.7662
26.8799
31.5528
21.4722
24.0866
30.5274
20.4919
27.9251
21.6595
27.3803
22.5994
21.0802
22.9470
27.3545
24.3553
21.9762
27.7890
24.0769
23.5156
20.8031
22.4747
32.5217
29.2024
31.4518
31.9342
18.0634
24.5662
25.3471
22.2942
30.9915
23.5105
27.4393
19.5368
25.5973
30.6416
27.3551
22.9137
23.1774
27.5048
28.8036
29.1431
21.0975
24.8163
22.9673
27.9519
25.6878
29.5490
24.1486
28.9292
21.9969
29.0562
21.4362
25.6166
18.4049
26.5323
21.2771
16.7354
27.4352
24.2550
26.8075
26.2688
28.0740
20.5758
19.3725
17.6313
29.3322
22.6138
27.7954
25.0092
21.4345
32.1956
28.7416
22.0419
24.5670
25.6872
32.7370
22.2526
25.2915
24.7497
27.7366
25.3645
23.7388
33.5660
24.0891
23.2140
19.1892
23.4274
32.5914
37.1829
23.1595
30.3145
20.0993
25.9438
35.0937
27.8429
32.6400
25.6792
29.9643
33.2420
30.3087
20.0210
22.4020
20.6414
17.2443
23.8341
35.1354
32.5888
23.4283
26.9243
36.1453
28.3418
24.3574
27.3554
28.0725
25.0214
26.8042
31.2666
24.1186
24.7305
36.1837
18.7125
25.3177
27.2247
21.1213
31.1010
26.6924
26.2480
25.1620
26.1024
18.2212
24.0959
24.9242
26.4631
21.2668
30.6476
28.7105
26.7067
34.0040
23.2010
24.9510
20.0205
23.1807
20.7538
27.6097
20.8462
21.4041
31.1009
23.6624
31.7706
21.5171
16.9982
22.6077
28.2511
16.2795
23.9326
27.3256
17.6764
33.3986
20.3124
23.2928
23.8170
30.5159
25.1230
29.6349
23.2085
27.5094
27.6437
23.4965
22.8120
29.8351
22.6012
24.6222
25.2941
23.1086
18.2626
20.4186
28.7748
20.0249
25.2664
34.1734
31.3091
22.4318
30.2793
19.4811
24.2712
27.1726
25.8861
31.4242
28.5970
27.1264
32.6682
23.4598
32.5650
27.6953
26.9265
26.7736
20.8201
23.0700
23.2194
29.7331
30.4977
29.4008
26.6031
21.0268
27.4356
35.5542
19.8086
21.2690
30.6663
19.7596
32.3603
33.0953
26.5901
24.9315
27.4361
27.2892
24.4773
31.4274
24.4891
25.3713
20.9467
25.4901
24.0517
27.4726
31.7515
17.7656
28.2215
28.3411
25.3529
23.4341
21.1331
20.4240
23.0597
22.9179
29.7991
23.6304
26.1631
29.3548
26.0365
33.8454
26.1859
21.0616
21.0388
26.4215
28.7625
18.9708
28.6848
22.1908
30.0524
23.1678
20.4684
23.2789
32.4217
18.0101
18.1906
21.1190
24.0303
22.9558
25.4322
26.6122
22.8826
26.3203
27.2861
25.6212
22.9628
25.7003
29.2341
16.3326
30.8370
32.2399
31.8255
16.8229
18.2656
28.0140
25.3695
26.1733
24.3759
21.0899
24.4141
23.3475
29.5507
23.7839
24.3677
27.4566
27.7428
30.8747
21.1770
21.2386
25.0079
22.7132
22.4359
25.5049
15.8879
31.7764
19.8639
30.9010
22.4874
24.8149
27.8913
26.1410
22.7242
28.0365
16.9372
26.0453
22.5237
35.0633
24.9047
25.5388
24.1808
32.0953
19.9656
35.7865
21.8076
22.8320
24.6391
24.5383
22.8515
22.0035
25.6051
20.9143
24.5308
23.2781
27.6862
26.8157
29.4956
18.3229
29.5410
34.5002
21.6976
29.2474
26.4030
20.0061
22.3171
33.6305
24.7171
22.6648
27.9236
27.6043
24.6458
27.0572
23.7692
26.3214
23.9581
30.4237
29.0892
32.3182
25.3431
32.8718
29.3267
22.8227
19.1124
28.8382
24.5458
25.0694
23.3333
22.3900
26.5430
24.2314
17.7723
23.7076
23.9942
26.5654
24.8279
26.6467
21.5728
29.5539
26.3855
32.5347
31.7120
22.7006
25.7043
25.4917
28.8144
25.6509
25.6258
21.7812
23.9951
32.5993
23.4513
27.1877
24.1689
32.9880
21.9323
16.8639
23.1059
29.9449
28.9598
25.2253
19.9814
20.8181
26.6283
26.6937
27.3413
26.2363
26.5812
18.4444
20.8735
25.6260
19.0885
22.5515
29.1726
26.6180
25.7541
23.2831
29.5370
25.1275
19.1976
30.0061
26.3085
33.4443
24.0920
24.0098
26.4599
30.9607
24.4773
25.3109
30.5641
24.3323
27.4167
17.8549
28.5370
27.9922
24.4535
22.0544
23.1239
31.2441
20.7284
25.2892
32.3994
28.8891
25.3275
17.1805
22.3855
27.6147
26.8159
16.1003
19.4549
25.6885
31.0775
31.8391
27.0818
34.5926
26.3756
29.2466
37.7369
24.1115
19.0313
27.3889
28.4826
18.2569
17.1878
24.3514
28.7798
31.5464
27.0942
25.1154
28.7669
20.0242
24.3681
29.3749
21.8377
23.9413
30.3776
26.3356
28.0713
31.6994
29.5252
34.1806
27.9462
26.9795
25.3559
28.2009
19.0124
18.5401
18.6627
18.9208
29.0723
27.8779
19.4329
23.0743
34.9168
30.3725
30.8428
27.2086
21.9121
21.4820
20.4758
19.5499
28.7519
27.6693
32.1529
26.4814
20.1043
27.9188
30.8839
27.9750
20.4369
29.8665
18.8664
16.4480
25.9137
30.8982
26.6524
19.8530
24.1836
24.0538
20.1877
27.7165
23.8352
25.4631
27.6293
21.3730
29.9161
23.3881
30.7562
31.8508
27.5412
25.7557
19.8446
21.7223
21.7021
25.9497
24.6533
35.8411
35.6005
32.8674
22.9997
21.6415
25.3926
27.2275
25.5311
23.2267
33.8879
19.6633
25.9671
22.8244
18.9762
29.2352
23.1767
22.6806
22.8152
27.6664
28.5149
24.3199
18.7648
20.3871
22.5602
23.5253
16.7802
28.1592
26.9471
31.4469
29.3149
23.4915
24.3964
27.8117
23.1895
25.5907
21.0433
23.5096
23.9519
22.6761
22.9278
30.6048
33.7539
26.1323
21.7637
32.5345
27.7887
24.5981
22.8212
22.5870
19.2788
29.3260
18.7553
21.5912
24.3222
19.4955
28.2620
17.1707
28.1590
30.7232
26.9616
26.4133
21.5541
23.8465
25.4384
25.0805
23.5415
31.1894
19.8031
28.2886
19.1228
24.2045
23.5553
28.5726
30.0981
24.7364
19.5369
25.3049
26.6249
28.6537
27.4722
25.2861
32.2659
30.5061
19.3673
27.5868
26.0169
23.4827
32.9340
26.3953
20.4591
28.4752
20.9714
29.5334
23.1453
20.8745
28.4326
21.3237
20.0519
19.1702
26.8928
23.0357
26.1340
22.8302
28.9459
22.2401
19.2147
30.4706
27.8380
30.5953
17.3431
21.0312
30.6485
21.3380
20.6508
30.9429
16.8584
27.9883
31.2654
27.3412
25.6041
24.1384
30.8763
30.3760
22.0221
24.6877
30.4067
35.0982
19.7217
32.8486
27.6125
23.4471
21.9244
25.6904
28.5151
24.3472
25.7076
24.4222
30.4896
20.5739
25.4232
27.7127
31.1057
24.8986
24.5989
28.6861
29.7793
24.4913
23.0757
28.4027
21.0705
28.2297
20.7431
22.3280
26.1585
26.6176
28.3441
24.2304
23.1993
23.7771
30.5303
32.5612
23.2240
24.6916
27.2553
26.7931
23.7116
28.4132
30.8682
24.9171
28.9816
19.7151
24.8530
34.8953
31.6933
22.4679
21.8477
29.7263
26.8060
24.7608
26.5916
28.0500
20.6179
24.1482
26.7530
18.0961
23.2805
21.4790
21.9285
20.3047
28.6068
22.3599
21.7630
27.1544
31.9240
23.1792
25.4460
24.1357
27.9014
16.8237
17.3673
22.9369
27.3069
30.0133
21.4397
17.6627
19.0996
25.6730
24.2005
17.2244
20.9981
24.0407
25.4875
20.9862
21.4373
28.7868
25.4599
20.6521
27.5143
32.8638
25.6015
21.8056
22.3734
22.5865
24.8925
25.8210
20.0696
23.3784
22.0833
25.9318
24.9479
26.0086
28.0061
29.1400
33.3315
28.0889
26.9750
18.8977
26.8187
17.2905
20.6523
25.4899
30.5435
26.0068
22.0456
32.0520
22.0305
23.4909
21.9382
18.9127
18.7295
21.3048
25.7964
28.3201
20.6321
26.6863
17.8653
24.0583
24.6079
26.3400
35.2559
22.4145
29.9277
22.1673
22.9426
28.8086
21.5533
17.7884
