Orientation_Correlation_Function
0.6088565493146524
0.36921111191985556
0.21013547221804307
0.11488410389908706
0.0627374347680888
0.0359891573720783
0.023461511622763307
0.017393424384783564
0.013951241521564177
0.011923664023231565
0.010067021601518815
0.008296690983203759
0.006822553304353157
0.005503397638942745
0.004294541231832627
0.00301748381224832
0.00244544847349823
0.002337763990994172
0.001969601889142335
0.0016717813668488816
0.0012062029518089548
0.0011603913675142393
0.0010916787585410201
0.0010315236038627336
0.0007696823676841693
0.0005681313846052702
0.00037614712467814873
8.602702042553574e-05
0.0
0.0
Avg P-P distance: 5.4724943464145275
