35.9787
35.4326
23.9068
30.8006
24.6008
25.8876
22.2187
30.8241
27.3012
29.4431
30.0663
25.5367
27.9493
29.1298
28.9996
22.6319
22.1445
28.3102
33.1203
27.1756
27.4822
31.4458
26.8828
34.1569
28.2800
27.7995
26.0514
29.9611
29.8011
26.9581
33.1667
27.7916
30.2324
28.2369
36.3770
29.5002
26.9829
27.7900
27.9421
28.2615
31.5763
27.4562
23.9921
32.9454
25.9190
27.1803
29.6255
21.7346
28.9083
20.5442
27.5157
28.8913
29.3939
28.1170
30.4573
35.3452
32.0261
28.1837
22.8387
28.7054
31.5537
34.2954
32.7075
26.5420
33.8855
34.9022
27.6038
26.2217
27.8154
25.1932
29.8706
35.0738
28.1385
33.3554
23.6519
30.2683
31.1934
31.5406
29.6233
31.8035
26.9131
26.0339
32.3221
28.9966
36.6008
28.9593
29.1816
27.6352
30.9764
28.6666
26.1284
31.3526
33.0389
31.7758
21.9018
31.7619
28.9341
25.9963
27.9259
26.3281
26.0513
31.7812
28.8559
25.9521
28.5960
35.3519
30.0197
31.3308
27.3702
31.1932
30.7825
24.3420
28.0960
26.7357
31.2062
26.0661
29.8943
24.0772
32.8637
24.6087
24.8738
24.9691
27.2730
32.1701
28.5183
25.2603
27.4488
34.5712
30.7152
31.4143
31.0553
33.9953
26.5238
31.9215
27.8791
26.5429
28.3017
26.3925
29.7586
31.0654
26.7637
29.2904
29.2685
25.9030
30.4305
30.0387
32.8796
26.1386
27.0536
33.1577
26.1621
22.1485
25.8098
33.7083
22.6107
30.5224
30.6003
31.1704
33.7505
21.3074
32.0443
25.2992
30.8353
25.0761
24.1486
30.6569
25.9882
26.4314
30.8345
26.9009
30.1701
25.1904
24.7965
29.7086
31.9915
32.6409
27.4595
29.7725
32.6064
24.2801
29.8231
27.6664
31.3433
33.4583
29.8765
28.4712
25.5468
33.7820
31.9519
28.9515
28.6629
28.7322
34.8974
35.2564
28.2966
27.5727
27.9098
24.4014
31.1078
32.2046
29.8277
27.6567
29.7879
28.1630
28.3192
34.1655
26.3826
28.3073
27.3694
29.8499
31.7629
28.2339
31.1131
27.4151
28.0153
32.7318
29.4981
25.9778
26.0944
33.7777
31.5365
32.4150
27.0613
21.9270
26.3790
35.8830
27.2596
30.9723
21.6217
24.8206
32.7480
31.2898
30.7139
33.4061
27.2238
26.3854
26.5602
22.7541
25.5739
30.2953
32.3255
31.6342
35.2874
30.6646
33.4074
33.1490
28.2468
29.4457
31.6354
25.4450
26.9488
26.7844
22.2027
29.1415
32.6121
31.3734
24.1939
30.9420
22.1091
36.1586
32.8537
34.1362
35.0242
30.8188
26.2300
31.0757
24.6455
28.2542
30.2872
30.3521
28.3128
28.5887
27.7012
30.8922
34.0913
29.2921
28.7378
34.1606
34.7850
30.9275
24.6649
33.3892
35.1824
28.2845
30.2715
32.6686
26.8870
23.2237
22.7055
23.4477
24.9905
31.3338
25.5699
27.9303
23.3083
31.0132
28.7891
34.3047
31.8617
26.0942
30.5887
25.2880
33.5303
25.7547
32.8224
28.7625
29.2497
25.8659
29.5998
23.1861
30.3035
23.3750
28.9443
28.5605
28.5943
31.9759
25.0726
26.3793
32.3084
36.2915
24.9343
26.3948
30.5738
34.4862
31.3381
25.7801
27.0711
27.6064
27.0896
34.3967
31.6950
32.6635
28.7282
28.6900
35.8218
26.2305
32.8990
29.3154
29.6509
31.1985
30.4514
36.6531
37.9951
38.4028
31.5293
28.7739
29.0329
23.2597
25.0664
28.3203
20.8663
23.4829
33.6285
28.4448
32.3336
27.2702
26.0091
35.9721
35.0016
25.7768
25.9965
28.5342
31.5888
23.2165
29.9402
35.1813
34.3330
33.2874
31.2298
31.1218
34.8973
26.5906
25.5575
29.8523
32.4340
38.1970
29.5918
28.3088
29.0513
25.8702
33.7402
28.6598
30.0437
24.2094
28.3290
25.7974
30.8027
28.3087
32.6521
34.1380
34.0681
30.4044
26.4778
27.7691
28.8072
29.4004
28.3718
26.2104
26.7858
26.6286
33.0935
29.8090
29.0842
36.0090
29.6640
28.0006
29.6206
24.7512
28.1427
33.4441
30.1639
31.5988
30.9548
31.3101
29.2471
29.7625
28.2048
25.2867
26.9430
31.5664
33.5231
25.7006
25.0055
25.2837
24.5091
26.1203
28.0859
25.1764
27.0585
28.6335
29.8626
26.8351
30.6931
34.5632
24.9159
22.8119
34.6832
26.7418
33.3185
32.6840
33.5486
28.3261
22.9787
31.8415
29.9479
30.6919
32.5300
26.1860
35.6162
28.8056
32.4137
29.6328
31.6913
30.7330
27.7299
21.2222
22.5032
28.8771
24.8176
30.0082
24.2246
29.5017
36.1237
33.2155
27.1492
32.8742
35.3064
36.1499
28.4310
34.1394
27.8984
28.2083
28.3062
35.5522
36.1858
33.7853
30.3831
26.4494
33.5479
27.6728
22.2627
30.2362
30.0485
29.9199
27.6370
31.8548
25.2821
36.1291
26.2723
28.6107
30.6875
28.9197
32.4709
28.4429
23.4031
29.3601
26.2731
27.4763
30.1170
26.8062
26.9369
31.9451
34.2842
28.8961
23.5315
27.3331
28.5980
34.3512
33.0751
32.2473
27.5867
30.9404
35.6722
35.9322
26.2790
29.5551
28.0293
35.6125
31.3734
30.0682
33.5698
28.6146
30.3206
31.2310
28.5265
29.9607
27.2052
29.3845
33.2065
32.3020
29.6227
24.2179
27.5570
33.2628
25.6107
25.9917
26.7677
32.3201
35.5413
30.1934
29.4949
36.3579
26.2271
23.6299
27.9337
31.5279
31.5338
32.8572
34.3037
26.3942
28.3098
30.9992
28.6669
29.4730
27.2846
26.6448
31.3569
28.2249
25.9213
32.7133
29.2440
25.8744
32.0703
28.6992
28.2488
23.1679
29.4848
27.6781
29.1533
29.9784
30.5160
27.8681
33.9927
31.6289
31.9783
32.5215
31.3681
29.3856
28.9237
36.0790
25.1632
31.1317
26.0808
35.0744
21.5044
29.7300
24.8007
27.7863
31.9631
37.8157
30.9348
31.6843
23.7980
33.4748
32.9850
35.5296
32.3255
30.3972
31.9667
29.0550
27.6067
32.3486
33.1218
37.9011
30.1174
26.3049
29.0432
29.2820
26.3973
31.2568
31.3616
33.3317
30.9817
35.0238
33.2842
24.3278
28.7609
34.6627
29.6516
29.1226
26.6467
29.9388
20.6632
25.5732
27.4791
31.9457
30.9883
25.3001
34.6697
32.9171
27.4088
24.7615
28.5139
34.0358
31.9131
25.6172
22.9942
24.1972
29.3708
33.0929
29.9651
23.9953
26.0235
29.6683
21.2360
28.2139
23.2150
32.7383
25.2192
24.4709
32.1226
37.2794
31.6279
31.6162
25.7752
29.6042
32.1622
29.0711
31.6184
30.5576
27.0624
29.9820
30.8431
38.6808
31.7249
32.4400
31.8513
21.2962
29.3600
31.5990
26.8031
26.5397
25.3632
27.0904
28.2423
27.7762
27.1396
35.3841
34.9484
28.7387
33.5010
32.2013
27.1726
30.4793
31.5365
29.3353
32.6026
30.8334
24.9691
28.7979
26.6830
37.2766
30.2250
27.0162
30.3614
27.3948
25.2501
32.3158
27.6980
31.2296
36.4493
29.7112
32.6710
32.0420
31.1114
31.5880
28.3783
32.3676
26.1067
30.4783
30.6477
24.5668
26.5125
30.1359
27.4666
30.2659
27.5851
31.2039
25.9025
27.6454
24.3822
30.0619
30.9198
33.2119
32.0961
27.7167
29.4770
27.9082
26.8411
25.3982
27.7617
30.1301
37.9313
29.5884
29.4695
25.6251
29.1492
32.2936
31.6771
31.3258
38.1244
30.2771
28.9518
25.5088
32.0267
27.4337
28.8425
24.7451
27.0924
27.0573
29.4445
34.9930
36.0222
36.0207
29.4415
26.9285
34.0905
25.5652
35.4845
36.0202
28.4372
32.2466
22.5791
33.6230
35.9190
24.2115
27.3515
22.8993
27.2106
32.0287
32.7431
32.4222
28.5566
26.2245
31.8420
30.2337
24.2579
30.4652
28.2806
27.7910
38.7302
29.8563
27.5279
31.3714
33.2670
22.5253
22.1772
27.2770
28.5043
26.0785
32.9233
34.9721
27.2037
32.5273
26.8011
30.7024
21.6577
24.9356
28.6707
28.6354
26.8341
28.4941
32.0130
35.7328
24.5325
37.1790
24.8050
29.5710
27.6621
22.9491
34.9709
32.9671
25.7672
29.6083
25.6801
26.2031
29.2970
34.6905
24.4735
22.5614
36.6584
35.8271
25.7197
31.3034
29.0738
32.4669
24.7379
35.2619
35.4248
30.8763
33.0491
25.1083
31.0827
23.8177
29.6000
22.3165
30.6976
30.0463
25.7979
31.4188
31.4035
24.7372
24.4838
35.4355
34.1722
27.8816
34.6606
32.7283
30.7969
25.5667
29.9410
25.9549
29.5476
25.3556
25.1051
24.8383
27.8193
30.6550
25.0641
34.0201
36.5796
28.7601
23.6732
31.7871
28.3547
30.4068
31.0528
33.5330
25.8013
25.0003
28.6286
28.0243
34.6331
31.8665
34.3438
30.2392
26.6489
32.2373
25.1024
28.9460
33.5535
33.9642
35.8178
36.3779
31.0846
31.8442
34.3679
35.7137
26.4756
24.8613
27.9981
24.0073
22.1962
23.5987
29.5563
22.2554
26.5983
25.1550
30.5563
30.0696
20.4025
26.0556
27.4642
26.8569
32.8959
33.9604
33.3929
28.1967
32.9913
28.2799
29.0180
20.7103
33.9940
32.9891
27.2134
26.4568
27.8186
25.9061
29.9001
28.3900
30.5175
30.6665
35.4808
31.8273
34.1864
28.2046
28.1569
38.2389
35.5819
33.9874
24.2666
22.0322
26.8153
24.0968
27.5767
25.8951
25.6832
31.4241
29.1275
31.5656
25.7182
27.1422
24.3345
26.9194
34.4644
35.2648
26.4973
21.7226
30.2902
33.4834
22.4960
25.7748
25.4482
24.5422
28.6073
29.6693
30.0902
33.4187
25.9492
28.4676
30.9269
29.9038
35.7650
34.7472
33.6202
32.1261
29.8030
29.0497
34.3884
30.5660
29.4935
23.6166
29.2285
31.3184
29.8569
30.0593
30.9473
34.8402
29.0455
31.5542
30.4967
26.6612
27.7597
35.1919
28.8764
27.1327
27.8547
26.8557
24.9789
30.5460
27.2962
34.5837
32.1167
29.8616
30.8277
29.3005
34.9917
29.1403
34.2828
33.1976
25.0471
24.9334
22.8696
31.2663
30.3747
33.8457
32.7889
31.3197
28.4656
27.4909
29.1769
33.8951
31.4702
29.0325
34.4131
28.4112
28.0407
28.2643
25.9813
35.6294
29.1518
26.3335
29.7635
34.2120
21.0919
27.4275
26.5439
34.4783
27.0324
30.1464
33.2527
35.4122
28.9370
30.7972
31.3733
25.0569
26.5329
32.4919
28.4157
33.4583
32.2671
28.8914
30.8442
28.3699
26.6279
26.5360
30.4776
29.2451
29.6862
30.4792
27.4580
31.8516
31.6611
31.6884
32.7374
30.0676
35.9188
31.3911
34.1637
29.3535
27.3240
25.9548
28.9889
24.7800
32.1031
28.8361
27.9945
33.4344
25.8650
27.3340
29.6307
34.3184
30.0644
28.7995
29.6578
30.8070
31.1297
32.9310
28.0894
32.1159
23.4397
28.9884
27.8187
29.2717
31.6019
31.7743
23.6633
27.8836
39.2975
30.4360
32.6494
31.4431
23.7487
22.4611
34.1877
33.2786
31.2622
30.9615
35.5424
25.1092
31.2426
24.1056
32.1499
29.4277
34.1714
33.0182
30.5921
26.7711
29.2198
34.3970
30.2056
26.6248
28.9690
25.0515
23.5570
32.5490
29.6238
23.7738
24.1120
25.2747
31.5510
26.0623
29.0070
32.8332
30.5905
33.6786
38.0430
24.4173
33.2060
28.7777
25.8783
32.8501
27.8835
27.6257
24.2266
23.7830
25.9736
31.5785
30.2323
29.0635
27.7362
28.0104
32.1304
32.4304
36.2419
31.6665
32.4625
27.6592
28.9274
29.2981
34.8065
25.1585
24.8206
32.5197
31.6288
29.5157
28.5337
31.5854
32.5208
32.2121
24.5718
33.0090
30.9857
34.6387
27.6690
28.3301
28.8401
33.0138
34.5134
28.4407
25.7474
23.3100
29.8363
26.4174
31.3828
22.2050
27.5938
29.5456
33.9809
31.3187
34.5414
27.4513
25.9068
25.4359
24.5268
28.5900
32.3348
28.4155
26.0114
30.2608
38.0653
24.1443
33.0582
28.8853
25.9291
33.4886
28.7383
33.0845
34.6606
33.6780
22.7077
21.9823
28.8050
24.9079
30.6372
31.1562
27.1820
27.5634
30.4187
28.3607
27.0005
27.4839
32.8224
22.9367
31.2239
27.2012
33.9710
27.4903
32.5288
33.2905
28.4064
26.9102
26.3380
27.2714
27.7633
30.6963
27.7284
34.5710
25.0154
28.9358
32.5913
33.5362
28.4031
25.5712
26.0400
25.4793
28.2415
31.2445
28.4581
31.3388
28.2563
27.1489
23.5950
30.1465
31.4685
27.7803
25.4404
31.6084
35.8048
33.2558
28.1245
25.3579
30.9581
28.0242
27.0327
29.9010
34.7832
25.4323
28.0245
24.2708
32.6400
26.5975
34.3293
26.7919
27.0780
30.0417
30.9629
35.0795
34.3759
26.3146
27.2781
34.9155
27.9293
28.4313
31.7576
29.5049
32.4796
29.2349
26.0599
26.6932
29.8941
27.7135
28.4808
27.6742
39.4226
29.0116
31.2580
23.9901
31.0633
27.6498
28.3269
26.6483
34.5308
33.3288
33.8231
28.0973
21.0310
25.6737
26.4435
24.8003
36.0175
31.8353
33.8812
24.2915
23.4212
33.6757
29.5373
26.5204
22.7458
25.2986
26.3053
21.2717
25.3792
26.9918
28.5064
33.5843
29.4732
29.0287
26.0353
27.0552
30.1217
26.4454
32.3846
27.5592
26.7155
29.0320
34.2043
28.4872
30.4635
21.9614
33.2903
26.6874
22.9039
29.4093
26.2814
33.9303
28.0091
28.2721
29.3365
28.6565
25.8713
28.0190
24.2106
22.0660
38.2457
22.7388
30.3010
21.7557
31.3446
34.0847
27.0833
35.8989
33.9266
27.7482
31.8461
28.0522
29.9031
32.9445
25.6334
32.5378
25.6706
31.8741
27.6670
28.8731
27.6731
21.3825
34.2406
27.2782
29.0224
30.7488
27.5188
28.6315
31.6530
32.8669
25.9553
26.7993
26.6513
28.6462
34.5909
33.8924
28.5643
30.9883
30.7381
32.8583
32.8828
35.0646
22.7720
27.5389
31.4653
31.0787
31.2271
30.3280
32.6347
29.4012
37.1699
24.0525
23.2992
31.1438
33.5455
26.1531
34.9705
26.6378
32.4591
25.8176
29.2513
32.9272
24.9596
27.3955
28.5826
25.7387
31.6776
27.8082
24.1457
29.7579
36.0692
28.7696
29.6179
33.5041
25.8811
23.7417
30.5745
30.3159
30.6535
22.2212
28.9617
29.2419
27.3720
27.9322
29.1429
26.6063
29.3419
27.3571
26.3987
25.7934
26.5151
34.0479
22.4927
21.1348
25.6706
29.4350
31.7000
32.1449
31.7670
24.8280
33.5679
32.5048
35.8610
29.0928
28.3998
25.8868
26.4038
33.0453
28.5882
23.8975
29.4683
29.8249
32.5043
30.6957
29.9588
29.6654
25.1377
28.5698
29.2534
29.2623
29.2855
29.9973
28.4081
21.1613
31.4028
29.4728
30.7859
28.9658
23.9490
21.6987
25.7790
28.5068
27.7370
32.6728
32.2323
23.9147
27.0244
23.0917
30.1821
25.7073
34.6656
27.3218
25.9635
29.5920
27.9133
31.6205
28.8157
29.7483
34.8563
38.7412
32.0907
26.6427
27.6508
27.7624
23.8525
24.9271
27.9489
30.9454
29.9626
31.7133
36.8940
31.1727
26.5559
31.1642
23.1862
25.3492
21.7966
24.8644
30.3383
33.5214
34.0356
32.9285
28.6174
33.9093
25.5409
29.2525
20.9173
31.9749
25.4930
35.9957
27.2573
26.1198
32.6371
30.7654
35.3604
31.7891
27.7474
22.1526
31.0810
23.5697
34.3180
31.8087
29.0200
30.0254
26.3071
28.0025
28.8081
26.1200
25.8060
33.6928
25.1027
28.8889
30.3791
23.1242
25.3974
31.7941
28.6169
28.8656
31.9522
36.4142
31.1466
28.2279
24.4880
22.4853
25.8133
26.7219
21.2770
26.7022
30.4770
30.0838
36.0386
28.5053
38.0961
34.3212
27.7458
34.6794
28.5305
25.4846
25.1612
26.6068
24.2352
33.0367
32.4102
24.7054
28.9844
25.5603
29.3807
22.2176
27.0501
28.9302
31.8003
31.0281
24.9366
28.3377
29.6940
31.0457
33.1822
25.4000
26.7084
28.2932
29.1230
27.7432
28.9509
24.9509
27.9046
31.3068
25.8409
29.3123
26.1185
35.0794
31.6027
27.5759
31.2793
30.9294
31.3176
29.3086
35.6389
30.4406
33.8522
37.8354
29.9646
30.6048
26.6530
23.3005
29.5335
33.0595
24.6898
31.4282
24.1565
29.4129
27.9825
26.5599
29.4757
26.6937
28.7749
32.2658
28.0487
30.0912
30.3000
24.7120
24.6753
22.6147
30.1883
33.6421
26.0130
23.8597
23.9317
25.5329
27.3056
28.7378
33.1124
21.3129
27.6540
30.8899
27.3412
29.8102
30.1827
29.0373
25.8261
33.2376
23.9627
36.5817
35.4852
28.0346
35.7949
29.3531
26.1864
30.4280
23.7305
32.6480
32.4313
29.7547
22.7669
25.9305
29.3800
26.3918
31.2810
32.1976
30.9910
34.7138
27.7599
34.7884
32.8735
32.8733
34.9283
31.4815
31.3229
30.2981
34.5813
34.1741
29.1869
24.1413
29.7708
33.8462
27.4614
30.6855
25.8634
31.4806
28.6219
26.8676
29.3751
31.6262
28.4454
25.4770
27.8065
29.9089
28.4658
21.6877
29.5878
26.4933
29.2669
33.0121
40.7288
27.0339
32.9776
35.1240
26.4221
30.6008
33.3151
23.5941
26.3617
29.4442
29.9336
25.1813
28.8776
32.0836
28.4090
23.0597
29.8179
26.4139
21.7051
25.3403
26.5924
30.2157
28.4097
31.7366
31.3641
29.0172
28.1869
26.7567
23.2814
30.8964
32.4997
28.9759
33.0445
32.6583
28.5546
35.1663
28.4968
29.9445
28.7460
24.7163
23.5593
23.0132
27.1134
33.0567
32.5621
34.8389
30.4728
32.6775
26.6326
32.2574
35.7158
27.7512
30.3602
31.8433
32.7658
31.6357
27.5428
30.1404
28.5822
23.8379
32.2450
34.1435
33.2836
28.2279
30.4598
30.6966
30.9362
30.1236
27.6763
34.9285
29.3432
32.8280
31.9703
36.1094
30.1343
26.4883
26.5533
30.3795
30.1249
28.9761
28.0041
26.4493
30.0648
31.4086
29.7310
29.8355
33.0038
22.5512
28.8578
26.3213
33.8950
29.1358
33.8017
27.0607
27.5260
25.9673
27.6358
27.2773
26.3639
26.4791
29.9505
32.6893
31.2956
36.2161
28.9539
26.2807
30.9893
32.4053
31.2725
30.2901
31.6832
37.3660
28.8634
26.7960
25.7752
29.2965
26.6449
29.2761
27.2014
29.8677
29.0460
30.3049
30.1573
27.0527
31.9709
30.3721
31.6315
28.7955
25.0024
27.5591
31.2571
28.7423
31.5182
21.8616
23.2854
29.8651
26.3217
35.5526
31.3675
24.7066
27.4431
26.4340
30.4479
27.7102
24.6922
34.4628
36.3547
31.0877
27.2501
20.7329
24.7401
26.8278
34.4302
31.5307
22.6690
31.7772
30.1807
34.3035
32.2951
33.6193
38.3663
23.7038
26.8371
25.1881
30.0901
25.7791
30.5991
25.5049
23.9680
32.7944
29.8701
30.4029
28.5376
25.2079
27.9920
22.2149
33.4233
25.0067
33.2365
27.5477
25.0850
26.7350
32.8314
26.3322
32.0947
31.5568
31.7439
27.7368
31.0623
32.3632
35.1643
29.8352
32.4856
34.4201
31.5664
31.4758
31.2201
32.3767
35.2124
22.4547
32.6479
31.5190
32.3236
35.4254
30.9392
27.5753
29.2380
32.5591
29.0359
32.6552
29.2856
29.0591
25.2220
30.1606
34.8591
26.5233
33.3865
33.5030
28.3597
32.6302
32.3539
23.9199
30.9564
27.8476
28.4676
24.8028
26.3283
32.4042
24.4842
28.9050
27.2842
32.7416
29.9520
33.2145
25.9998
30.8979
24.8529
30.6284
31.1229
24.7481
32.2372
23.7168
27.9465
25.3944
29.9427
31.7406
35.1183
27.0377
24.2114
32.9665
25.9640
34.4107
31.4582
27.9923
30.6489
27.5386
34.0013
34.3137
32.9397
32.6985
31.5060
34.2588
28.5042
30.1005
25.6841
24.4037
24.8474
28.6651
28.6032
27.4947
31.1618
34.4431
34.4882
26.0456
30.1452
29.6597
26.8203
29.4116
32.7799
30.8541
36.3133
25.5119
28.4364
32.7117
33.5512
32.8992
24.0345
26.7120
27.9350
23.6433
35.1555
25.6022
29.7228
30.7983
26.5130
26.1578
25.5932
29.8258
29.3882
27.7844
27.0748
30.4530
30.1517
28.1980
27.2289
21.3034
24.4456
26.0106
32.2533
35.1156
29.3671
26.5301
22.9285
28.6789
30.4828
34.0852
26.0781
25.5867
33.8095
28.5607
29.2646
29.0157
29.7751
23.9564
34.3123
28.7680
21.4670
31.5575
25.0413
29.0845
26.4236
29.2315
32.5597
24.2050
33.2135
26.8846
27.0801
26.5823
26.0646
32.5398
24.3953
30.8277
32.2234
28.9483
31.2496
29.2513
24.1149
33.3898
27.0547
26.8318
22.9800
30.8304
29.3854
28.0731
26.1835
27.9006
38.5015
28.4031
30.5137
32.2093
28.0852
32.9143
24.3531
28.9140
30.5090
31.9127
27.7412
27.4623
33.5890
34.8852
28.5673
36.7526
32.8196
33.1657
26.3323
24.3661
29.9750
31.7324
28.7263
30.6582
27.5877
28.5398
31.9272
32.3242
24.8454
34.8166
30.9575
33.6705
27.5613
32.7358
33.3213
18.4622
22.7651
32.5530
32.1534
22.3920
22.1743
22.1389
29.6778
25.8412
26.3876
21.5778
36.9870
36.8570
41.0347
24.6747
30.0213
28.8391
32.6371
25.6337
26.1076
34.0982
29.3383
29.8993
31.8202
29.0460
27.3032
25.9202
31.9088
29.6166
30.5165
25.3106
35.8086
28.0261
31.7509
27.3063
22.4086
37.6676
25.1655
27.4017
25.4254
22.1511
27.2377
24.0568
26.7493
29.4611
23.4764
27.9177
33.1769
29.9844
23.6777
21.6419
28.3933
24.2941
29.6692
24.2117
30.1898
34.7708
32.0762
30.3043
31.6511
29.4874
32.7014
33.5876
32.9877
29.6492
35.3374
34.5017
30.8377
31.4314
31.7802
30.9494
32.1111
26.6706
34.2385
26.5533
29.5951
24.1334
29.6855
29.9074
27.0597
34.9489
31.9087
26.4052
35.3391
28.4705
29.9741
24.6083
26.1159
28.7843
26.3352
29.2542
23.8032
29.6452
28.7182
30.3655
31.9035
25.9550
31.1088
28.9616
33.6071
27.1199
24.3516
35.4791
34.6257
28.7114
29.9415
26.1666
32.3090
27.9612
30.7869
34.3856
29.8114
26.8117
32.5944
31.8718
30.5485
29.7209
34.4112
29.8259
29.6718
33.7687
25.5209
30.6477
35.0889
32.9893
30.8117
28.6962
36.8115
33.8646
24.9923
29.7450
26.0627
31.2838
29.3715
30.8741
27.4312
31.2228
30.1650
30.7709
24.4970
36.2789
24.8399
38.8115
25.2512
29.8887
28.5281
33.3751
30.0175
30.8646
34.5162
34.0606
26.5407
21.4915
28.0663
31.3037
30.5488
33.0429
33.3429
29.2604
30.8062
31.1102
34.8495
24.7110
28.7981
29.3136
31.8642
27.1996
24.8487
24.5545
25.6461
28.6120
24.3398
25.3393
30.9276
27.6625
26.0032
25.2466
24.8739
33.3166
26.6480
27.3710
29.8394
38.3368
28.2698
33.9802
30.7218
32.3220
33.4790
34.8568
27.2607
25.7543
26.0154
28.0047
28.9436
24.9421
22.6318
32.5957
35.2329
24.7348
29.7758
30.1320
32.4391
32.4143
32.5030
25.1892
30.3637
24.9666
26.9290
27.1014
34.3886
29.1064
34.3808
30.3590
32.0677
30.7592
31.0262
26.7378
30.2557
28.7106
28.4415
27.3065
31.3289
32.2676
31.8942
30.9247
28.3630
23.6491
31.4124
30.1452
29.8804
34.9868
31.9399
32.4376
28.5901
28.2300
29.1819
26.5407
29.1024
29.4278
33.9170
28.2343
28.1875
32.3650
35.8802
29.5498
32.8535
26.5920
29.6345
23.9438
36.2965
29.8027
27.4477
22.0199
31.1545
38.1806
26.9591
26.4129
23.2638
30.2833
29.5354
30.0035
35.5338
33.9123
27.7833
31.9745
23.9950
39.6636
32.5616
32.8759
25.9886
32.6946
31.1574
26.5731
32.8681
24.5136
28.2107
27.2891
31.3539
33.1191
32.2872
30.0288
27.3814
25.4926
28.1308
30.9188
32.0191
24.4321
24.2027
23.6272
30.4137
28.9505
33.2169
25.6914
26.5388
29.9922
26.1955
24.2712
30.1667
21.5553
25.6259
28.4419
28.5502
28.1237
21.5927
27.0939
25.8217
24.0293
32.5508
31.4644
31.6995
28.7942
23.3207
31.2781
30.2742
33.3420
31.4142
29.9215
21.6315
30.2662
21.2202
27.8424
27.7506
25.4342
31.7017
32.5089
30.5269
30.0502
35.0410
32.4197
36.3083
27.0237
36.5790
32.6988
33.1509
27.3374
26.4989
28.0585
30.8669
32.9825
29.0887
22.7813
28.0175
28.8207
28.7203
28.7325
25.8397
31.8363
26.8968
30.2715
32.9737
31.3503
32.8887
25.8344
33.7725
26.6336
31.8557
28.0758
28.2466
33.2298
29.6832
30.6205
28.9309
26.2108
28.3495
27.9362
29.4451
26.9392
31.6368
27.6080
25.7819
28.4283
36.1643
31.3194
36.4218
33.6431
30.0806
26.7805
30.6290
28.3775
31.6096
31.4285
30.6878
31.8025
29.8389
32.9589
30.9944
28.9285
25.8838
30.0208
35.0056
31.1898
28.1264
23.0419
22.9607
25.9339
28.6807
27.0993
26.5606
20.0959
28.0712
24.2286
29.6232
29.8708
27.5200
28.7267
28.0482
32.2708
30.0916
23.8497
31.7331
27.0066
32.8790
29.1005
32.5913
27.5863
31.7746
26.3978
29.0837
27.0634
27.7456
27.2517
26.6039
33.9993
30.6962
30.5184
27.2770
26.8073
25.8743
32.6619
31.4997
27.3413
33.1595
36.5844
26.6460
28.0549
24.9948
23.0865
29.5545
26.4220
21.1661
21.9988
21.6468
22.6289
29.4972
30.6020
26.2735
27.1217
36.0694
34.7198
34.0139
34.2434
35.0099
33.2668
30.2651
30.0399
26.4377
28.2923
30.1926
21.3043
32.7815
29.0898
28.3632
25.0105
36.0723
24.5487
23.5081
26.2342
26.8078
28.2423
34.0914
31.3743
29.7782
26.5307
31.7651
31.2152
33.3173
32.3867
32.2105
25.6272
29.8412
29.6095
32.7256
27.3263
30.1876
30.8484
29.5620
22.6448
30.8623
34.2138
26.0120
21.9777
28.6940
35.7000
23.9036
27.2673
33.2797
31.6218
31.7932
31.2550
28.6988
29.6248
35.8082
34.0161
33.8664
31.6101
31.2582
25.7492
30.2321
37.0743
31.0369
31.5493
28.0863
28.8372
34.2359
33.5939
29.7874
27.5385
32.7491
33.8285
29.5923
31.9975
22.6336
31.5509
32.0395
27.6276
35.2873
21.7370
29.2589
28.5066
32.4852
26.4144
27.8244
34.8657
28.1750
32.5217
36.7352
32.5332
30.0421
29.4209
28.4855
29.3472
35.4740
27.1333
28.2936
32.1118
29.8541
25.2623
30.8638
27.0643
25.4253
29.0311
26.4452
26.6683
32.2704
28.8549
25.4421
23.7905
24.6484
33.3055
33.8558
26.7624
33.0875
31.6210
29.8438
31.4890
31.5378
27.4144
26.6969
24.7932
26.9098
38.1698
21.8445
22.7146
29.9746
30.4691
24.4349
31.1079
34.8411
27.3900
30.5704
31.7305
29.9378
26.0996
25.4152
27.3331
25.3007
25.7763
34.2478
27.7879
37.5794
28.2015
34.9771
31.2402
20.4017
24.8313
24.7472
28.5688
23.4843
32.7615
28.8066
23.2166
27.2087
25.1837
33.3975
29.5979
36.0044
24.9053
29.9990
23.6318
31.3135
29.6975
29.9507
27.6284
30.3386
22.9625
23.9021
25.3034
30.8306
31.8112
33.7585
34.5905
27.1225
29.3225
28.5086
30.2044
25.5279
33.0596
28.5519
35.2288
35.4154
20.5760
31.1199
24.1145
28.4627
30.7924
39.2903
29.1767
31.3635
32.8179
29.8307
35.0952
28.7948
21.8589
27.5312
36.3592
32.9544
34.2296
31.1194
27.3049
33.0423
21.9622
29.7129
27.5913
27.0288
30.3036
27.4706
29.5383
30.0289
27.5673
24.8680
30.1496
26.3403
29.8042
26.6487
26.3081
30.7016
28.7147
27.4505
27.7211
28.8809
31.2487
33.0717
32.0439
32.4925
38.6606
30.3746
26.7945
28.0936
25.2074
31.8639
35.7745
28.2065
32.6330
28.1443
21.8445
30.5935
30.3559
31.3053
32.4513
28.2441
30.9283
28.1963
19.8720
24.7813
32.7020
28.9483
30.1231
29.8885
30.5769
29.5021
29.4433
27.6124
28.8244
28.3820
25.2350
30.8693
33.1948
36.3602
29.0302
24.4959
26.5806
29.1995
29.2990
30.4143
32.6514
27.1790
27.5247
27.4209
28.9209
26.7910
30.4126
27.4371
30.4095
27.4463
31.0709
25.1064
29.4156
27.9566
30.2613
32.3451
29.5877
30.7096
26.5003
31.1734
28.1431
30.8479
32.4510
23.5574
23.5678
30.2807
25.4671
22.1462
25.0699
22.1318
35.1264
29.3352
23.8696
31.0011
26.7648
24.7010
31.7915
31.0909
29.0547
25.3538
29.6958
27.2199
28.5816
31.0720
33.4315
26.4527
30.6096
28.6491
33.2418
34.1798
30.0185
34.6890
33.1088
29.2723
26.5298
21.3721
30.8176
26.3344
28.7968
27.9853
27.2248
29.6467
28.8050
28.4319
32.4652
28.6874
31.2849
26.7245
38.3287
35.2277
31.1587
31.6531
32.4036
34.8074
29.3552
26.2341
29.0443
28.0814
30.9671
26.8713
27.8340
31.9692
29.3912
30.3425
30.7541
23.3196
23.1495
28.2875
24.3812
31.1285
29.0353
32.6269
31.9408
27.2355
27.1493
26.0472
34.1089
25.6493
30.0169
32.1834
32.2885
32.9182
36.7444
28.7661
30.9926
35.2725
25.7475
33.5678
28.4815
29.8262
37.0791
32.7226
31.9278
28.1305
29.2175
28.2292
27.4106
30.6642
29.7274
28.6096
23.7164
19.4193
25.5268
26.8966
27.6444
30.8187
28.4240
26.1578
19.4265
28.3467
26.1897
34.7339
22.6016
32.8667
33.0751
21.3927
23.4817
23.2935
22.7799
34.9932
22.9554
37.7283
33.1327
28.1978
34.7296
36.7093
29.8122
27.4231
25.6398
25.4750
27.5576
30.6273
29.2988
23.2786
25.3114
28.7092
23.6022
27.8520
30.8900
25.3178
27.2561
28.8603
29.1334
32.1584
27.9876
27.7971
34.5398
30.6287
34.0496
29.3536
29.7069
28.2848
30.8807
30.5407
24.3436
30.8010
29.4942
35.5391
24.0816
32.6378
28.9115
27.2023
32.0769
27.1513
28.8151
30.9505
33.9032
34.1194
30.0642
35.3234
25.7752
23.8523
22.3918
34.0720
26.8763
30.6625
24.6525
24.8022
29.2346
30.8302
38.0178
32.4124
28.2806
30.1308
29.8332
26.8283
26.3580
30.1906
24.3888
33.7027
28.0058
30.2174
25.2386
27.4326
32.2662
26.3089
29.6656
28.1201
27.2545
28.6508
28.4836
20.7098
30.7682
35.4358
33.6997
27.7643
34.9150
35.8134
30.6540
21.2718
24.1889
23.7673
26.3737
31.1079
29.8802
26.2969
30.3664
26.9499
32.9291
28.6558
26.3707
31.9785
26.8221
32.3163
26.5643
33.5824
32.1793
26.6503
28.0669
32.3340
26.7640
29.0972
31.4569
28.3066
32.6618
34.5951
33.7892
27.0497
29.6166
27.7545
31.7724
27.4480
32.2089
25.0792
36.5103
31.3435
24.8423
24.6144
23.0075
24.0477
27.8854
26.0477
28.3318
33.8629
28.3559
25.7491
27.9853
22.4520
30.5251
27.3364
25.5445
27.3077
24.1670
36.8558
28.6745
28.8863
32.4896
27.9815
30.1365
28.5256
24.2553
24.3120
24.1488
31.8607
32.6411
32.3712
27.9995
35.3421
31.4343
33.9331
25.9639
34.7456
30.8337
22.1904
22.9715
28.3264
29.4842
30.0543
32.1395
34.4871
33.6637
32.0247
28.6099
33.0064
25.8211
27.2838
24.6565
23.2905
28.1768
29.5948
33.6605
29.4952
30.7200
29.6442
31.1293
29.5635
28.6499
32.5007
29.4542
32.3542
26.7712
23.5853
36.9874
26.8537
28.9808
30.2640
35.9765
30.4531
34.2862
22.7208
32.2189
29.1913
29.8727
26.4849
26.4996
27.1333
32.5464
26.0740
30.3670
26.4476
32.5350
25.0521
33.2996
28.4621
29.9802
29.7064
31.6605
30.5714
31.4569
31.1431
24.2104
25.2804
33.5103
32.5718
27.2256
27.5140
35.4067
23.3526
21.8086
28.4485
33.1321
30.9667
29.2745
32.6245
35.3133
34.3804
30.1930
33.2996
27.1363
24.6393
21.5764
23.8114
26.4151
32.3891
30.2735
28.3101
34.3536
35.0924
24.2375
33.0121
31.8650
30.8130
30.9977
32.7865
31.8353
25.5803
25.9395
31.0193
36.5884
25.8030
25.8203
28.4425
31.9234
28.1497
25.9437
30.0277
27.8610
23.0835
28.5897
31.9097
28.5348
30.3968
29.6522
25.0756
30.9876
29.8033
23.1203
30.7391
21.1998
30.1767
23.5445
30.9672
29.2515
26.4330
27.0372
29.1101
29.1533
34.8581
26.2258
21.2915
26.1262
27.3849
31.7703
29.1966
34.1217
36.1981
30.7161
23.3926
28.5603
27.6177
26.2906
22.7467
34.9594
33.4672
26.7639
29.2691
24.7207
24.1912
33.2424
21.3527
23.6448
23.4495
18.6459
30.9164
31.8377
27.4573
31.4101
28.8222
27.8371
32.6969
30.4343
30.9178
29.6090
29.2939
27.0769
32.6828
26.1042
28.7880
27.2021
21.9480
22.5356
30.2478
27.1707
28.3660
27.8182
29.6708
30.9202
24.5888
28.7893
31.5441
25.9469
24.0995
33.1810
26.7730
29.6868
26.8593
23.3475
26.8420
26.2965
28.2334
26.6413
31.6832
24.2840
25.5572
28.3021
15.4308
36.2061
30.3870
26.9446
27.6232
27.4351
30.9061
28.2895
28.6013
32.4184
30.6365
28.9325
29.6229
35.0333
28.7139
26.1420
29.5224
29.1181
31.7890
29.8848
31.0223
31.0499
27.8878
23.0687
33.8706
27.6537
24.9619
29.2776
31.8791
32.4575
32.8958
32.3847
28.3334
31.6108
29.4595
29.3930
34.2071
27.8914
27.3607
34.2829
29.6374
28.5895
29.0932
25.8659
36.6320
27.6397
33.0225
25.1337
30.1111
27.4512
32.6455
30.8823
26.1850
30.8743
26.4743
32.8056
26.0350
23.6563
29.9679
25.9611
34.4138
30.4918
26.9680
28.1179
28.9592
33.3657
24.3409
28.1556
25.8537
29.6571
32.5691
25.6696
27.5500
34.8142
32.0498
26.9786
28.9974
30.1257
29.2707
28.4716
31.3332
23.8384
22.7342
32.8487
25.7261
24.5111
22.5268
30.9742
28.5928
28.9167
32.0422
26.0653
30.6844
32.5734
32.0475
36.3048
27.7371
27.9822
25.1182
28.8223
29.1123
34.6963
33.5992
33.4567
31.2486
30.2216
25.6129
26.0527
26.2414
33.0546
28.0621
32.8562
31.4843
31.5781
33.7691
24.6673
24.1296
26.4906
31.3394
31.9580
33.2696
26.7648
32.2509
24.1739
25.9473
35.5364
25.6096
26.0518
30.2019
21.8764
33.5148
27.6266
32.8271
28.0475
31.3970
29.2263
26.7839
27.9198
27.1898
31.1056
31.7085
24.9093
31.5617
29.3744
24.1497
29.4114
31.0461
27.5597
29.4814
25.7784
29.8301
36.4620
26.1478
26.9083
27.3578
25.3038
26.4200
23.8598
34.5931
29.2893
24.1173
30.3672
28.8330
35.7190
27.8751
28.4769
27.1891
28.9075
30.2376
26.9166
28.1136
34.7149
23.7762
30.8256
33.4276
28.3052
30.7014
34.8199
31.9468
24.6730
22.7630
30.7272
34.0389
28.8950
31.5428
23.5671
31.3818
31.4148
25.3507
28.5594
30.0138
33.4283
32.3182
25.5181
25.9535
30.3378
25.7198
27.0211
25.4766
24.2386
29.7324
24.1143
30.2921
28.0162
29.7667
36.1630
30.9322
26.5617
26.6135
24.7365
27.4814
31.8185
30.0306
35.1530
28.7532
30.6654
28.3690
31.9347
26.1997
27.4636
23.4755
34.2203
31.0484
30.1853
29.5059
26.0208
28.9227
27.1045
31.6737
27.5725
30.1113
27.0390
29.6327
29.7802
23.5518
19.6934
26.7151
33.9217
28.7579
29.1730
29.7405
26.7923
31.2468
28.4798
28.0585
26.8449
27.0099
30.3513
30.4803
30.9523
34.1334
33.6491
28.6602
28.4233
32.4793
27.7842
33.5153
27.7299
29.9972
31.8229
22.4462
29.1740
24.6539
30.7744
26.9768
30.7506
28.2333
30.3568
32.0068
35.8293
30.0145
24.9122
27.4721
26.6982
28.6996
30.6351
24.3476
24.6524
30.3598
23.5270
27.4919
32.7645
28.8415
27.7635
28.7512
29.5575
30.6456
24.6563
25.1549
22.1979
26.6788
24.7042
24.7783
31.3845
34.6400
29.7639
28.5317
31.9821
28.9009
23.7879
31.0382
26.4964
28.6011
26.7104
30.8087
32.3998
25.7900
29.4183
24.5987
34.4477
33.9228
38.1640
31.4564
28.2700
32.1024
28.4822
27.9012
30.9848
23.8771
31.3106
32.5591
32.0603
32.2388
36.1291
31.4680
31.2463
27.8838
31.0459
34.2129
26.3372
33.9740
28.7280
20.3688
28.1318
23.6535
25.0910
30.8153
24.2365
22.2576
31.5678
27.4046
26.8248
26.7044
34.2454
29.2792
34.3456
29.5531
27.1697
32.5597
31.1659
33.2331
28.8954
26.5579
28.9300
35.7072
30.1034
21.7332
26.1034
31.7243
19.9249
29.6923
28.8624
34.5981
34.1056
35.1154
24.4298
26.2362
28.3675
27.9827
30.2889
30.5916
22.2551
30.7365
29.6957
33.0606
37.4388
38.0619
30.2657
31.2870
23.4428
24.0237
28.8505
25.7451
32.2782
28.7864
27.9581
33.4963
31.4406
32.0173
30.2385
30.7990
29.0237
27.0144
30.1184
26.7232
29.6471
29.9867
28.5836
24.7321
34.4600
31.2389
23.0117
28.4970
27.7361
20.5115
31.1578
32.7707
25.0191
37.3052
29.4549
30.5845
25.7642
31.5059
32.0052
32.3355
31.7416
32.4213
31.3456
31.3446
29.5198
30.0037
27.4113
26.9437
28.7470
28.3904
29.6640
27.6072
28.9625
25.5535
25.1600
25.3523
30.2762
29.2790
32.9353
27.2712
33.5789
28.6296
30.6698
32.8197
23.5048
26.2432
32.5260
21.5598
22.0559
32.0549
31.0477
29.0931
32.3978
33.3505
30.9837
25.9729
24.9427
25.1417
26.8193
31.5963
29.3226
25.5796
31.6182
25.8847
26.0242
28.6061
30.5258
24.9826
29.0813
34.7586
29.0828
26.8694
33.4687
29.0936
35.7246
29.3476
25.2821
26.9936
33.1311
30.5000
25.7296
26.3446
33.3841
29.3482
34.7745
29.8421
25.3098
22.9735
32.0968
33.1476
31.3377
35.7251
26.0642
28.7691
24.5366
28.0829
28.1181
29.0629
23.2680
26.7312
35.9136
29.5745
26.7681
21.9244
29.2919
28.9349
29.3091
28.9324
29.2102
23.5453
32.6289
33.3230
29.0279
36.5203
27.6177
25.9502
25.6676
35.4992
32.2263
30.6528
33.5810
28.4672
31.8076
28.2114
26.3600
34.3150
27.1077
33.4456
30.6459
30.1500
31.2089
30.4123
31.3718
28.9330
35.3365
31.4689
24.9927
20.8525
27.7115
30.2997
30.6143
23.8367
31.5950
35.7609
37.6933
29.8708
24.7517
31.4298
23.4247
30.1482
31.0155
30.4662
33.7295
37.4261
26.5973
25.7663
34.2180
28.6396
31.2968
35.1195
32.2639
30.7545
25.1951
26.2628
27.6655
27.3634
35.6376
32.5933
34.8326
27.3476
34.8385
30.8752
28.2126
31.2893
35.9497
33.3405
35.4937
31.4784
26.4305
33.0614
33.2189
28.0455
24.8618
28.2152
22.7230
35.2829
34.7067
24.3316
33.1606
32.7635
24.5446
26.2214
30.0006
31.2466
28.8134
27.1215
27.5722
29.8931
30.1640
24.4281
29.5103
30.2836
34.2447
26.9009
26.1035
32.0386
29.5112
30.7311
25.7072
25.9097
20.9104
28.2620
25.5949
28.1697
25.3540
33.0691
26.9476
21.9927
25.4745
28.2235
30.4373
26.6921
25.8513
27.5281
27.1627
28.1020
25.8757
33.3309
30.8137
31.6383
29.1714
29.2456
24.0703
29.9149
32.6533
24.6906
23.9147
22.7099
27.9456
22.9663
25.3289
26.6922
34.9235
28.8253
29.4985
32.5261
30.5219
31.5909
37.5318
30.5359
21.2453
32.2400
25.9350
30.7812
30.3763
26.9290
35.8468
29.0545
17.6531
26.9592
29.7683
30.2412
23.4974
28.2215
28.9998
25.5904
30.8678
27.3597
32.2411
28.0704
30.1572
26.3248
30.0498
33.1544
30.4524
34.4653
24.3346
30.5889
27.0164
29.5308
31.2976
29.8873
27.4073
27.0918
24.9605
22.8962
26.9493
21.4211
24.2794
29.8943
29.0556
32.5987
25.3020
29.8185
26.4449
33.9574
27.5580
31.9284
26.1744
32.4123
33.4213
30.0601
32.0795
24.4229
24.8457
30.8108
34.7025
21.8029
32.9181
32.7204
19.2486
26.1193
30.4807
34.3823
28.5645
23.8737
35.5858
29.0860
26.6534
38.3119
27.7838
23.4247
24.5763
24.1130
27.9504
30.6480
25.3814
30.6899
34.1502
32.4387
34.4699
27.9722
28.3459
24.9949
31.3355
29.8753
32.4501
32.1646
26.2688
30.8768
22.7641
26.2590
28.6557
32.1509
30.5741
35.7996
29.5971
33.4474
26.5678
23.2409
33.4375
30.3253
27.7995
25.8109
27.7878
30.9495
26.4770
35.9028
31.9674
31.6314
20.9987
30.2170
34.3419
33.5368
28.8347
24.1064
30.7210
28.9939
31.1964
34.4870
27.3493
25.9486
27.8142
23.7742
28.2921
28.8117
32.0415
28.2565
29.7538
32.9132
31.0235
27.3193
32.5304
28.7835
27.2448
29.7089
21.5931
25.0659
25.4996
27.2384
29.1403
25.9100
21.7440
30.6852
30.9189
28.6810
23.7072
27.8809
28.3830
25.5543
25.9520
32.1691
28.1480
30.7054
33.5967
32.4065
32.5021
31.8449
30.8111
37.1100
25.2029
23.9183
31.4734
29.7188
26.2142
30.8738
27.4230
26.6811
33.9439
24.8183
28.4557
26.2506
33.5744
24.9365
31.5166
27.9991
36.2545
33.6025
30.4444
33.0332
31.8815
21.4855
30.4291
28.5616
25.5123
30.4529
25.8734
30.2202
34.3699
21.1351
30.1118
33.0915
27.7866
25.5384
24.5995
31.3761
33.5275
26.0988
28.9237
30.2367
28.9273
31.7725
26.2582
32.7862
28.9777
29.0870
29.6506
33.1760
36.3181
26.4227
29.8302
29.0798
33.2198
26.7616
27.0970
26.9787
31.8397
30.7182
25.9200
34.8402
25.2211
26.0427
24.2872
27.2561
26.9790
35.5562
30.2821
28.0607
23.0075
31.4081
21.1804
30.6076
26.5960
21.7194
30.6493
27.1197
28.1256
28.2517
32.1737
26.7534
24.5461
26.8189
29.2315
32.1143
29.1674
32.6821
25.4974
22.8423
35.8481
27.1567
24.7538
30.4091
32.0811
30.3585
32.6372
27.9996
32.6450
27.4674
34.4535
37.0083
32.9291
31.8795
28.6950
25.8480
25.8235
33.4824
21.6760
33.9499
31.8212
34.6467
25.6123
30.1256
27.6217
34.4339
38.3330
31.4853
27.1957
26.9488
31.8845
27.0370
20.4930
28.6057
35.5346
30.5056
29.3125
30.8199
34.4185
25.9088
22.6481
22.4039
32.1861
27.3191
31.4107
28.0681
32.7197
30.2735
36.4736
27.2656
32.0407
26.9442
29.1275
25.4708
31.4263
21.6718
29.0218
30.9730
28.6913
34.5782
24.8898
30.6432
30.0949
26.4800
28.0838
24.7438
26.5654
30.9391
33.7315
26.3825
27.4350
33.2610
36.1320
28.5775
27.5715
30.4698
26.5922
26.5737
34.5455
36.9827
27.7067
25.4498
31.5057
24.7974
35.3648
33.3742
27.7514
24.2437
31.3563
26.2206
26.9808
24.4584
30.2179
34.6740
28.7202
28.0036
29.1071
24.6208
26.9149
32.3590
29.2133
28.9465
33.0733
34.3828
30.6213
29.1364
37.6633
32.8956
25.0970
35.7952
29.0491
32.2180
23.9981
22.9062
25.0710
26.1968
32.5712
27.3950
36.9707
32.1766
32.6659
29.7310
32.7684
29.2324
33.3345
27.7934
24.4973
30.7595
28.8872
38.3807
36.1360
26.2155
33.8879
28.0361
32.2944
25.6612
28.0735
28.2675
28.4287
31.4176
28.4273
31.2331
26.3560
25.0459
33.1077
34.5916
29.1959
24.6304
30.1308
29.4245
32.9683
26.4257
37.8493
31.5972
31.1583
35.2850
30.5749
35.4519
32.0859
27.5597
24.7775
31.3312
32.7775
26.7810
26.6999
26.4141
30.2278
29.8076
30.2118
28.8772
34.8361
25.2223
23.6905
23.1013
23.6285
34.1955
29.7519
28.3367
30.2588
24.9288
27.0042
30.4221
29.1259
32.8938
31.5412
32.2458
25.8217
26.0819
26.4636
30.4995
32.1143
26.4325
35.9611
28.9903
33.0653
33.9293
34.3052
30.6840
29.9259
21.1397
36.2182
34.3954
34.3018
28.8752
30.2992
23.9704
33.6558
30.8761
24.7258
35.2091
29.5203
26.5488
28.1870
24.6772
26.9824
26.5749
29.1472
33.0038
27.8565
34.4348
31.6723
28.0627
29.0144
22.8893
31.2194
31.4558
28.9173
25.4928
33.2957
26.2928
28.4268
24.0548
23.6828
35.0228
28.4820
25.9713
34.5962
24.9615
32.2322
30.5298
27.7732
34.0640
27.2729
29.8199
32.3836
26.0627
23.6282
37.4132
29.5449
24.6489
29.6241
27.2190
25.0213
32.9121
37.3972
32.5029
30.4223
24.2879
27.3035
31.0630
28.8307
23.0876
31.0114
29.3535
29.5265
39.1393
29.8348
33.8357
28.6476
28.7068
25.5630
28.4290
30.2429
30.0847
33.2766
29.0147
27.9725
25.0084
21.2635
30.8378
29.0893
30.1303
37.7144
22.9879
31.8634
28.2803
27.4791
34.8365
25.9158
20.2173
28.4719
26.9691
35.0465
28.3282
33.1462
26.3374
33.7137
25.8951
30.0451
28.2418
22.4688
33.5980
30.0767
29.8428
22.7153
30.1970
32.4360
30.9637
35.4368
30.6994
26.4007
25.4981
24.8337
24.2632
31.0754
26.1985
30.0987
26.1305
26.7601
28.2271
33.6448
29.3235
29.5822
35.4854
32.7484
33.3929
25.4364
27.2197
31.5749
28.1268
28.6299
32.8755
29.4938
26.2937
26.6934
31.6051
34.6087
34.0197
31.1160
32.5842
30.2497
27.4692
28.0554
24.9263
30.5610
28.0297
30.3568
29.5550
26.4486
26.7757
25.2789
28.3559
30.5934
25.1240
32.1130
30.4080
31.1096
29.5048
28.3144
29.7058
25.9435
23.9162
25.5488
26.3714
27.3586
34.3753
27.5210
28.6671
25.2466
33.5572
25.5135
31.6599
37.8251
24.4880
25.1559
31.8711
33.0784
33.6261
26.9303
26.4274
28.5035
31.2241
31.7660
35.6290
27.2621
31.3676
30.8534
28.5663
28.4220
28.4725
26.5294
24.2425
29.6298
25.0879
30.1905
31.0918
31.9422
31.9213
30.4930
30.2690
32.2218
28.2288
33.8725
22.7133
36.1105
33.5487
30.9202
32.9403
29.2633
26.9489
21.2788
37.6357
32.4597
24.0285
25.4657
27.1019
28.6356
29.8414
30.6084
36.8637
32.0092
30.7604
26.7279
30.9568
26.8396
25.5440
26.9066
31.5490
23.9208
28.1434
27.6909
23.9206
23.9955
27.3399
25.0967
23.0493
30.0494
36.8364
24.4544
28.6678
28.9265
31.6760
28.3052
30.4936
34.1758
32.8319
30.2521
24.6949
25.8790
30.2709
22.1537
24.3616
29.3481
27.7237
25.0576
23.0184
29.1569
29.9176
22.6422
26.1025
27.1603
33.3398
32.6964
33.3217
25.3103
24.9994
29.7937
26.1962
30.9757
33.9366
26.0285
29.0658
28.8471
28.2991
30.5765
27.1699
32.0969
30.8131
30.7264
25.4603
28.4247
22.6979
32.9577
25.2082
25.9676
30.3763
31.9926
30.4737
31.1202
34.3311
28.1452
36.7000
30.2062
28.9342
29.5718
26.2151
30.5812
22.7088
28.9728
27.7533
22.7208
28.0693
30.3164
31.6785
28.3912
34.3340
29.0557
33.6786
28.8928
31.0359
34.3734
32.1179
24.8498
31.4730
25.0589
28.6676
32.4988
32.7788
22.9001
30.2298
31.2469
25.5084
30.6087
32.0635
28.8725
26.5761
33.0699
33.0933
33.0051
32.0123
30.9609
27.5169
27.2940
33.2257
29.2279
28.3938
30.8921
32.1642
21.0752
30.3233
26.5985
23.1603
23.8813
24.1789
31.9301
26.5387
27.1225
18.7499
26.5457
30.0171
28.8666
27.5233
31.6012
24.8183
25.5098
30.1757
28.6022
33.2549
28.2863
29.6434
22.4618
22.9319
33.1896
28.3775
26.2334
27.9580
26.9941
25.1115
33.6179
36.1409
29.7434
29.2152
30.8017
33.5858
30.7633
29.9666
32.6275
32.1685
27.5465
31.5401
27.1312
26.9409
30.5601
28.7804
30.3192
30.5490
27.2930
32.0994
30.3766
28.1752
29.6405
25.1926
27.9553
26.1088
26.8278
33.2159
28.2387
35.4446
27.7728
27.8928
33.5819
35.9032
26.5530
35.9627
28.5069
30.0862
30.8287
27.9249
27.4863
24.2775
30.7036
34.0044
35.6371
22.6561
28.0039
31.9020
28.1078
24.2852
31.0964
28.4328
22.0552
22.0822
26.0088
28.3462
31.1735
25.3848
26.7265
32.9530
32.7676
26.6779
32.4920
31.0006
31.3345
31.9809
27.1820
28.0218
33.4830
31.5144
36.3588
30.7689
30.0783
36.9068
30.1082
31.7774
37.4868
28.7495
27.3445
29.1698
29.2676
27.9153
32.2960
32.2032
29.1563
34.1764
27.9877
31.4566
27.1195
37.3699
28.5012
26.5957
27.1337
29.4683
32.0139
32.3034
27.0964
28.3209
26.8892
37.8942
25.9107
24.3904
34.4290
27.4184
29.1424
31.3633
21.6293
27.6842
23.9858
33.5457
29.9798
35.1533
32.1194
26.5130
25.9709
26.8403
29.0655
31.9564
24.4252
24.3195
33.7167
25.3134
21.9381
30.1697
27.2229
36.4848
33.5417
25.2454
36.9291
30.4154
31.7552
29.9229
35.4358
26.8978
31.2521
28.7197
34.9457
29.4066
25.7549
32.7104
32.0029
30.7418
26.3836
28.0007
32.1245
29.0788
29.7912
25.9018
22.9381
24.9272
31.9674
32.2404
27.1525
29.5933
30.9458
32.2841
28.1673
29.7860
24.3799
23.1554
25.9138
31.6951
31.5368
29.3073
29.1577
24.0830
27.5109
26.1356
35.2192
29.2625
23.8015
27.6081
27.7889
37.7068
27.1247
31.2286
36.1782
23.4971
27.5827
36.9764
33.4546
30.3626
31.2069
30.6881
22.6438
30.3433
26.8328
24.4848
21.8325
38.0842
28.9270
35.6500
30.1694
29.6394
25.8779
26.0815
25.1987
29.8087
31.2426
24.9754
21.6253
30.8612
27.6352
33.4530
35.2225
32.8929
32.0061
26.7331
30.9113
25.5323
29.7057
28.0777
28.0238
34.9771
27.7761
35.1607
28.0028
37.3423
26.0457
33.5561
33.3120
31.2703
27.8887
21.4477
31.6975
24.8160
28.6637
31.8319
28.6892
23.5831
31.2483
31.0714
29.2663
31.8236
27.1604
28.6150
25.6433
30.3085
31.7812
24.2892
25.0706
29.8383
28.0720
33.2246
28.8883
37.7587
28.0049
27.5912
24.6601
27.7388
31.4103
23.9755
21.7676
32.4740
31.8536
22.7387
33.4464
28.9469
36.1198
27.7650
27.3328
26.7572
24.7754
23.6626
28.9091
27.8126
27.0864
27.6673
28.9690
27.1687
28.4370
34.4287
22.5730
31.9441
26.1997
25.9245
31.0793
30.2780
27.3337
26.2915
25.4736
24.6436
24.2332
29.6852
28.4033
37.2687
31.6996
34.0629
27.3553
30.8676
27.2493
26.0305
34.4347
30.3347
26.6740
35.8497
27.3046
23.4886
23.2244
30.0040
31.4003
33.1507
29.1968
32.5097
24.4413
29.0715
26.5271
30.5934
26.9217
34.3540
26.8470
26.0878
30.2183
25.6966
26.0511
25.2980
30.2802
31.2548
34.7491
36.3549
26.9864
27.3241
24.3676
28.0635
29.6803
34.5076
36.2614
32.9970
31.3926
28.7291
32.9274
24.3572
21.9343
27.0717
25.1579
30.7553
34.3675
28.9724
24.6809
29.3406
27.5812
25.1478
33.7434
29.0245
26.6751
29.9108
29.2956
27.5247
30.1714
31.3073
34.5232
28.2232
28.5770
29.2885
34.4178
35.6001
27.9742
28.1452
26.0751
27.5712
29.7587
28.9944
30.6523
31.3990
30.3041
33.8716
25.3389
30.2069
32.0477
31.7242
29.3245
25.1403
29.6173
33.6608
31.3150
28.0567
25.9454
28.3057
32.5005
28.5606
32.2387
27.0025
26.0403
26.8612
24.6457
31.0744
32.1822
29.8123
28.2787
28.7807
31.8602
32.7593
31.9189
31.0704
32.6838
23.3089
32.8110
29.8854
24.3810
25.4527
27.1337
31.3714
34.2685
30.4477
28.3548
28.9371
25.5086
30.7326
27.4563
25.6531
24.4697
30.2911
31.3647
28.4998
29.6079
24.6617
30.8966
27.1458
27.1395
28.8851
35.1352
27.8144
31.8104
29.7761
30.4833
30.8839
26.8354
26.8215
30.6375
24.2092
28.0078
22.2289
28.8360
30.4430
35.1817
24.7066
21.7921
26.8544
31.7648
31.7699
27.1085
31.7075
31.2992
36.0935
33.3102
34.9474
36.9323
26.0238
29.4810
29.0884
25.1089
28.5125
24.1462
30.7250
23.8514
30.2981
29.5782
25.9721
33.7605
27.0836
28.7425
31.6731
30.3065
36.9503
31.5095
32.1650
25.4495
28.0516
32.0014
24.7142
31.3337
28.2465
31.0672
30.8804
31.9082
29.7148
27.6448
29.9879
29.5988
26.3852
29.2769
28.5952
26.0207
28.2466
29.1076
24.7160
28.8449
28.3832
30.6766
24.6090
27.4729
33.4363
30.3425
28.3656
29.5487
27.4530
30.3754
29.9696
35.3296
26.5213
27.3085
30.4944
29.4617
27.9016
26.4094
27.3198
34.5158
34.6626
34.2482
22.3663
32.1712
31.2969
35.0069
29.6388
23.1658
34.5283
24.4913
29.9663
28.4175
29.1303
31.2385
24.7789
30.0951
23.2338
28.8828
29.6041
23.4223
29.0476
27.3889
30.4764
28.3784
30.9869
31.5991
29.0723
28.4573
32.4761
37.2780
27.4117
35.1861
26.9622
27.8202
31.6987
31.1186
37.4850
30.9587
26.0285
27.1118
28.6396
31.5418
30.2501
27.9974
26.7621
30.6181
32.7993
32.4549
33.0752
30.4965
31.0103
23.1201
33.9507
37.6025
25.6570
29.9501
29.8901
24.9527
32.6858
35.6089
30.9711
25.1150
28.7985
27.4490
24.7487
29.8552
24.6499
26.0158
29.5173
35.5206
24.7565
26.4198
37.6843
30.2185
27.4152
22.5213
34.8165
33.8887
28.0305
36.0897
25.9737
30.7649
29.0424
27.2113
28.1700
21.8034
25.4542
27.3346
29.7246
32.2085
25.3248
28.5403
28.3463
32.6256
24.4218
30.3827
27.4612
25.8271
28.1303
29.3584
24.4847
27.3268
25.3148
26.0073
31.3766
34.5694
25.9288
26.6395
28.0418
29.6423
29.0260
35.5836
24.6434
32.6163
28.0989
28.8723
28.6378
31.0446
26.7612
28.7108
28.8792
28.6040
26.7697
29.7732
25.0706
27.8134
33.1165
35.6282
23.9593
30.0002
26.6222
25.8438
27.9704
26.4857
30.3411
25.9774
27.1696
26.0671
23.8225
26.7004
24.4094
23.1376
26.0271
38.4100
30.2640
24.8643
28.1905
27.5839
27.4725
34.9261
27.2744
26.2281
32.7596
25.4011
26.6307
36.1825
28.7701
32.3564
22.1861
30.5160
22.0691
25.8418
29.2122
27.1484
32.6566
30.3639
28.9507
25.7788
26.8757
29.7802
27.7669
26.6442
30.6556
28.3179
30.4543
26.2686
33.3011
36.8453
28.5635
31.4489
30.9248
27.1645
31.8701
33.3747
24.7451
22.1233
28.5458
31.5213
30.1010
35.7374
31.4976
32.9635
32.2641
21.1425
24.1326
22.7096
33.7131
23.1599
33.4947
30.9893
31.1164
22.0933
22.7748
29.4600
29.8454
28.3857
35.4394
34.4903
27.0354
24.3630
26.3634
24.5951
27.0840
26.9424
30.6988
26.5783
29.7639
33.5307
27.3732
31.1846
27.8030
34.7874
26.0053
26.9663
31.5272
33.9545
25.3172
34.3302
32.4198
29.7557
29.3318
34.7308
28.6137
39.3427
35.3168
24.7302
29.0280
31.5264
28.6318
29.3074
31.7552
33.5489
34.5534
29.7987
24.5915
29.0132
33.7025
26.7543
24.9820
34.1212
32.0744
37.8482
30.3169
28.6988
32.0962
28.0266
28.6034
27.9504
27.8911
30.9082
29.2210
32.8418
31.8196
27.8087
25.2941
28.8511
37.5144
32.2229
28.5379
30.5374
29.0482
29.7726
34.7584
26.6214
36.1280
31.8617
32.6286
30.4794
28.0540
22.8055
29.8053
26.9589
28.3982
29.1587
30.5861
28.9189
30.3050
31.4797
25.3512
29.7812
32.6680
27.1342
27.1014
33.4181
21.7213
36.8064
31.9664
31.2117
36.9096
32.5852
28.7133
24.7992
33.6244
25.6444
30.7562
26.1056
30.2707
28.3234
30.9209
30.5949
28.6939
29.7838
34.0134
30.5616
28.1015
31.5483
33.3822
34.1896
26.1133
37.5254
27.6319
24.7103
28.8474
28.2792
24.2517
25.7728
34.1672
29.1851
29.4625
31.9536
32.4499
26.4095
27.1604
35.4709
25.0751
25.1020
25.2804
25.0980
36.9170
32.1352
34.5479
23.6715
30.0191
30.4372
30.1597
34.8000
24.1249
32.4313
29.7224
25.6161
31.4757
30.1305
34.3908
34.4214
33.1421
30.2811
27.3169
26.0555
27.6415
26.8747
31.3227
31.5760
26.9408
31.8758
29.3701
26.0479
28.0676
33.3757
28.3349
33.6593
28.5830
21.6222
27.8362
20.9390
35.5626
25.4915
24.0870
35.8071
31.0381
26.3906
32.3984
32.0341
26.8102
30.9790
23.6249
34.3684
32.4496
30.8869
28.6612
29.6308
25.6096
27.0280
26.2080
23.7665
28.3669
28.3336
31.0307
23.6645
26.0248
32.5323
21.3262
24.9594
32.1065
32.2037
33.4041
26.2288
34.9665
23.7978
32.8396
26.7108
30.7459
27.1419
29.6785
26.8077
31.3752
33.9833
29.7129
30.7192
24.7360
27.4835
28.6882
24.6813
31.7133
30.3088
29.4071
24.7611
27.3909
28.6535
30.2011
29.2234
35.0768
35.9432
36.4365
25.1082
25.3972
30.9997
22.8042
30.6961
32.3057
26.5790
29.9824
32.7549
29.1345
25.7133
29.1729
28.5057
27.3061
34.3217
32.2361
37.0020
31.7426
32.1585
31.2695
27.2066
34.5861
26.2586
24.6921
32.7952
29.3249
34.4907
32.1904
31.8888
28.5090
30.0348
30.1566
35.8589
24.7865
30.9919
30.2443
21.2472
25.0743
27.1886
27.0780
34.2184
23.0367
32.9286
24.2986
30.3616
28.6153
21.1757
36.8247
29.8673
24.5432
33.6241
28.3910
24.5923
25.2147
23.2488
24.6543
30.5493
27.7460
25.5239
28.6610
26.0969
27.0517
29.6150
30.8294
28.0289
31.7090
30.6150
24.2370
23.3773
35.3176
29.6480
26.5770
28.2207
30.2052
28.3657
30.2071
28.4163
28.6763
30.2563
27.8345
27.1500
31.7408
32.3659
24.5113
28.1670
26.8886
23.0384
33.8169
28.8513
31.1211
35.3455
28.2193
26.9969
26.2251
38.2404
26.8897
30.3413
28.2756
25.7009
30.9559
33.0106
30.4405
28.3200
25.7262
28.0307
25.8162
32.4069
30.4539
27.2673
21.4667
28.7068
30.0223
27.5165
28.9066
33.1089
27.2296
34.2548
24.2902
27.4977
34.4512
28.7699
27.1530
27.0676
23.3767
26.4888
28.9919
32.1059
29.8793
33.9739
35.1877
34.6656
30.0258
27.0676
26.2066
32.1978
35.8652
31.9334
28.0584
26.9900
32.1361
31.2364
30.9741
28.9264
33.1774
25.5120
34.6633
31.8256
20.7742
24.4982
33.2654
27.4542
30.4835
24.9700
26.6452
26.3366
32.5268
25.5110
31.1830
29.6770
26.8995
26.0637
32.6415
28.5255
27.8972
24.0628
27.7576
25.6891
27.8152
39.4633
39.5617
20.1800
29.2841
30.5219
27.6371
26.6959
30.4563
32.6077
33.1502
31.3319
24.1433
28.9363
29.9010
22.4670
21.2923
27.2588
30.5326
26.4079
27.6662
30.7878
23.3046
32.3207
25.7548
34.3375
27.1377
31.7664
25.8280
30.9528
31.2761
35.7964
24.7512
31.8745
30.7940
30.8784
23.4462
35.0439
28.8885
31.6649
30.1696
28.0598
24.7069
28.0042
33.9096
26.0147
27.1774
23.4941
37.0006
29.4277
26.4428
24.4190
29.6486
24.9275
28.8197
34.3023
26.8821
27.1855
30.5992
33.4116
27.2108
25.1130
26.4136
27.4516
23.8183
31.8980
24.2155
38.1493
30.4739
24.7486
29.2071
28.5429
31.3167
30.4811
32.7314
35.3366
30.9017
24.0175
33.1467
31.5741
27.0978
34.6744
29.3613
29.5366
23.9385
31.6764
32.8792
26.7254
26.4278
31.6383
28.8662
27.3353
31.2534
24.2275
29.9726
30.0724
25.2091
24.6588
28.8258
24.2766
26.6551
29.7709
28.0729
31.7101
29.2956
24.9691
34.0335
31.8246
31.1958
30.5452
34.6232
29.8425
22.5850
26.7568
31.4647
27.6549
26.6071
28.0128
24.6095
28.6300
32.0541
28.7130
29.3694
24.1882
26.3866
26.1805
28.9512
31.0709
27.8810
26.2319
31.8237
22.6342
28.6024
28.9707
32.4061
28.6777
27.3696
29.2447
27.7608
25.4610
23.7808
25.8023
30.1948
33.3889
31.5785
27.5379
31.6596
35.7291
27.8157
28.8422
23.1279
31.5473
26.8130
25.9743
35.9162
29.6043
31.1498
33.4274
27.0286
24.1077
23.9923
30.7766
31.3996
32.7419
25.7009
31.2267
31.7379
23.9776
31.3727
28.9827
25.9054
24.4237
32.4636
28.8715
27.8999
29.6747
32.1671
26.9789
29.0535
23.7403
28.2924
35.8612
38.7174
28.1869
29.7064
36.1496
27.5883
31.9847
26.5874
25.5597
28.3726
31.5469
27.0969
29.1371
29.8083
33.0799
24.4945
28.3222
32.8027
24.3784
25.8808
26.3393
32.7284
33.2626
27.7562
30.9227
30.4213
31.2155
32.1503
32.8627
28.5905
29.3438
30.1924
28.5142
28.8547
29.5135
35.4464
27.0202
29.1740
28.7901
28.8090
30.0708
19.9287
29.0596
30.7138
30.5302
35.2961
34.0671
30.3288
33.4463
29.9980
31.5377
25.0003
25.4214
28.9994
24.5771
26.8617
31.7942
29.6367
31.8597
28.0559
28.3083
31.8059
24.6804
26.6867
27.6308
30.8253
24.9068
27.9518
31.8833
27.9252
30.3035
27.9741
34.9517
23.2900
35.0673
23.7864
29.8914
33.1316
31.6140
37.5102
29.0376
28.1379
23.8470
25.4813
28.6216
34.8849
33.7716
26.2746
31.8898
26.5693
26.1809
34.9753
31.8372
21.6444
29.7006
30.6597
39.3415
30.8536
23.0174
29.5949
26.0424
28.4922
32.0327
31.7409
24.3855
34.6730
32.6814
28.9645
36.5359
26.9678
27.4845
26.0244
28.4188
30.6417
30.5257
37.6878
29.7830
30.5413
27.6524
26.7632
27.3210
34.7585
33.4073
28.6629
33.1581
24.3328
29.5608
36.9292
34.1347
30.2706
31.7782
25.1243
25.6421
26.2449
28.0443
36.5815
33.1746
26.7490
28.0247
31.4141
31.0252
28.1411
29.2504
28.9568
32.9956
30.1417
24.2364
33.0330
31.5659
34.6679
24.8169
35.7286
32.1250
32.9131
32.1683
33.4118
32.9092
35.0945
27.7292
32.4616
34.1235
23.0473
30.7137
29.4930
34.0108
29.3946
24.1618
25.1347
29.4562
34.8627
26.4185
27.2613
40.1258
30.1333
31.9453
28.5235
30.9535
27.1510
24.2399
30.1222
31.2981
26.9103
30.4205
28.7360
32.4995
30.4173
25.2074
34.7710
38.5757
28.8785
31.1979
25.6642
33.5269
35.6384
31.0346
30.9435
34.8200
33.5982
32.2622
20.7042
35.5338
29.2664
27.0540
33.1874
32.4144
31.2845
29.4489
34.4821
24.6206
28.8343
23.6383
29.1353
23.9591
23.6337
32.9948
34.0548
29.0514
31.2564
27.2696
28.7970
34.8904
30.7081
28.1796
32.0230
28.1838
30.0798
31.6630
27.0932
30.8096
29.7695
30.9670
26.8194
33.9897
26.6772
34.6426
27.7796
28.7592
33.1155
29.6584
26.1790
26.3756
35.0247
34.6791
35.6329
28.4447
29.4898
27.4628
21.8391
30.2655
34.8621
25.7812
23.6224
28.1236
24.4615
27.3620
26.9205
28.5782
25.7416
27.3697
22.2161
23.3325
26.6339
22.9941
25.4533
31.3639
26.4903
26.1424
25.0077
28.5483
26.7187
28.5345
25.4317
27.6047
31.1946
28.7291
29.2305
34.0433
27.0148
26.4553
29.4846
30.2219
27.5318
32.1809
28.3212
27.0345
27.3287
31.7203
25.4742
29.4805
27.8275
30.4321
26.3133
32.5123
33.2518
35.5145
33.4002
31.8255
34.0037
32.7334
33.9885
30.7945
26.6783
25.1627
30.9569
32.2679
30.6945
27.0665
28.3790
34.1415
25.4780
20.5639
29.7788
26.5212
24.0718
30.4540
28.9500
29.7053
34.7613
32.7970
34.4202
31.6552
28.7501
31.3248
27.1152
22.7562
29.3229
30.8782
31.8089
24.4085
34.5421
29.9609
32.7108
32.1620
38.2877
28.4749
29.8348
35.1826
31.4669
33.1120
28.1715
26.4304
29.3779
28.3323
30.8331
28.7763
33.3243
24.9884
31.7427
28.4944
32.2355
27.8492
21.6058
29.4615
24.6944
29.0851
33.4836
28.7858
31.9569
30.9735
32.3766
28.4197
28.3975
31.3332
21.7231
23.8737
24.6829
26.2951
26.8186
27.5939
23.9745
29.8281
28.3335
30.2692
24.5527
24.9982
33.3349
36.1878
32.5183
24.4215
20.2549
28.0156
28.9467
30.8754
31.5609
29.2745
21.2258
26.0593
29.4022
33.0322
28.6659
33.2844
31.1157
34.0817
32.2135
30.9341
24.7061
25.6252
32.3742
24.8016
26.4374
28.6414
27.7933
25.5322
30.1956
29.2088
28.0231
31.2122
36.6255
31.8588
27.7226
27.6659
30.5755
40.1093
26.7070
28.1667
34.8098
24.4035
28.2488
22.6527
24.5903
28.2628
28.6401
27.0995
34.0296
25.7382
28.9230
23.4372
25.8255
27.4518
29.9534
34.8818
33.7053
28.8956
31.7404
31.2693
31.6848
32.2543
31.0737
29.3567
30.1825
28.9257
27.3708
28.4865
35.8963
26.7138
22.6308
32.9682
26.9583
30.1936
28.2049
20.8050
35.3177
27.4856
25.5939
25.7860
26.9072
28.1093
31.8595
28.3565
28.1418
23.9417
25.7046
37.6443
28.7928
32.2076
22.8022
25.3876
29.1486
26.7412
33.6363
32.4183
30.7341
23.7576
29.4866
34.1894
33.6372
26.0932
30.2506
34.4471
27.1245
29.4402
30.6842
25.4183
22.4332
33.5772
30.9911
27.2878
32.7949
32.4912
30.2356
28.3060
34.9110
26.2269
21.0388
24.3075
32.1226
28.9586
32.5815
29.9906
28.3652
35.4937
25.7886
25.2920
27.9717
29.7991
28.8536
32.3624
28.6480
33.1400
34.7848
31.7655
27.8172
24.4547
32.6205
31.2874
29.2642
31.3145
27.4624
32.1347
26.6219
27.2665
29.2525
29.2992
30.5382
27.4953
27.7162
33.1438
27.1515
28.3215
33.5359
31.0463
27.6250
33.4678
31.3757
31.3004
30.7660
30.1209
27.0302
28.4805
31.4683
28.8111
32.3847
29.1956
31.1604
35.0358
30.4005
25.6347
27.0749
22.3060
27.3459
22.2619
25.0976
28.7198
32.6112
33.2916
33.8437
31.4525
32.6145
23.7617
21.8276
23.0983
24.6941
27.9212
28.5877
26.2428
30.1093
31.4534
19.3765
27.7601
28.5981
23.1564
30.4977
33.1287
31.4141
28.9355
30.9768
28.5386
28.5857
31.2302
31.3994
27.4541
27.2567
29.2150
31.5599
27.2994
29.0429
32.1776
30.2839
26.7812
25.0681
30.9552
32.3700
26.9562
30.5264
24.2502
23.9576
30.7303
30.9194
29.3377
32.4412
33.1040
31.5392
33.3683
29.1447
35.2003
30.8098
28.4408
32.3467
21.8532
22.8012
24.7006
33.1105
28.9078
31.0582
29.2451
33.0378
29.9250
32.2834
27.9611
27.9529
27.2712
30.9145
28.5075
35.2667
24.0770
26.9577
34.3423
28.5281
23.6100
30.0539
26.9682
39.1130
30.7342
27.0885
21.0777
29.2055
32.9364
31.4447
26.1279
36.4753
29.6903
29.2160
29.7126
25.7797
29.1961
29.3395
30.9392
32.7086
32.0467
29.7483
33.2053
30.9721
35.0153
24.5966
21.9642
29.1239
30.9127
33.1682
34.6008
24.9230
32.0695
33.1976
27.1511
27.3082
32.1001
31.1886
26.4972
28.1885
33.1642
30.4794
33.7857
22.9566
31.2614
30.8105
28.4214
26.8767
27.5180
32.2156
34.0470
34.1798
34.0610
24.6077
34.8631
34.6434
31.4352
33.6281
25.2105
32.5346
27.5231
28.5503
29.7991
32.8568
26.5035
30.7609
29.7108
26.9921
28.9231
29.5597
25.6319
28.3525
33.2562
23.6008
36.0380
30.9187
27.9695
38.0996
32.1128
29.6540
24.5525
31.5393
34.9422
34.2730
26.1404
22.1229
36.1592
26.3015
28.9947
31.5026
28.5064
37.7614
28.0793
25.2921
32.4038
33.1163
29.3815
31.5509
30.5235
27.4420
29.6642
29.8292
31.1386
26.1292
21.2632
19.7312
24.6212
31.5307
33.7208
33.3998
34.3912
28.5386
30.7098
31.2765
29.9858
25.3637
25.2090
28.1330
25.9156
27.1619
35.3125
29.8056
26.2508
32.4006
29.7286
25.9669
24.9637
28.8575
25.7853
28.3038
29.3501
34.3169
37.1193
30.4178
25.6003
26.7333
27.6721
31.3191
32.8556
30.1001
28.7748
29.3887
33.1880
33.6861
31.2569
27.4822
25.7755
30.7291
33.2637
26.3461
30.7856
30.4892
25.9480
27.9149
36.8550
32.1434
24.8595
30.5724
25.2012
30.3201
30.0540
26.0051
33.7192
28.5622
30.9989
28.6339
26.7564
33.3975
26.4475
30.2325
25.9659
32.6132
29.0886
28.3952
27.4188
31.6112
33.8434
27.1282
26.3144
31.5458
35.5154
30.7050
32.1149
32.0882
33.0349
28.1614
33.3829
27.5502
31.4405
25.5182
36.9139
21.5898
34.5452
33.3232
30.2584
28.6377
28.6459
28.6853
30.6385
28.0625
26.6521
35.1875
30.1325
30.3235
30.8621
33.3994
30.3704
34.7513
29.7122
32.3116
34.2130
32.6611
28.1120
31.9570
29.4931
28.0673
27.0107
36.8139
26.4503
27.8987
37.4100
27.8421
25.7981
19.6634
23.6106
31.3340
32.5289
34.1251
27.8273
27.5809
30.2741
27.6737
26.9209
31.7710
27.7277
29.1290
26.8837
34.5392
22.0719
32.0411
28.0364
29.5332
29.9894
28.4243
29.2466
34.4928
22.9209
32.7839
30.0885
28.0699
27.0946
27.2885
30.5060
31.9013
33.1375
28.1385
29.9607
33.0031
25.1688
30.9934
28.9899
33.2680
28.3508
32.1894
29.8270
27.4143
28.3664
26.1979
35.0833
27.9535
30.3703
33.4984
35.2097
31.9933
26.3977
22.7073
26.0791
29.7306
27.1976
28.0556
32.1944
28.5861
30.8921
28.6705
25.8500
28.4626
32.7397
28.9542
32.0724
25.5595
26.9463
22.9210
23.1819
29.0440
28.0715
26.6672
29.1269
32.6576
25.3317
28.2108
26.5588
30.9859
32.8930
33.5044
30.0524
32.2827
25.5800
34.8510
30.6273
31.4003
33.8342
30.0284
28.9138
23.5798
30.0237
30.7955
31.3644
27.9716
26.1810
32.8942
30.9985
30.3772
31.7268
30.3787
32.0311
34.4424
25.4203
35.1025
34.5892
31.6606
31.0989
33.4996
26.7946
34.4184
30.3128
29.3778
30.1837
28.2942
28.4667
24.6202
30.2974
29.1365
30.5508
27.6412
25.3786
31.0211
29.3729
32.0085
29.9454
26.4533
34.7758
29.4264
32.2661
31.3029
26.8351
24.8783
29.8036
30.0509
24.9652
33.4708
27.2143
30.8820
31.3204
33.5987
25.4828
27.5494
26.7793
31.4490
23.2133
29.3590
24.7036
29.2719
33.0724
36.1623
28.8715
26.3796
26.6259
32.4074
29.8900
25.7228
34.5900
28.4954
29.6488
34.1876
28.1815
33.3732
25.3166
35.8121
31.6642
25.7119
35.0074
28.8451
31.2685
33.0833
33.0992
30.3203
26.1306
26.4911
31.1067
28.3472
32.6625
26.3871
27.7059
27.5699
31.0114
32.0675
27.9828
30.8251
26.9807
30.4718
27.7121
30.6632
26.6575
28.3108
23.1454
27.5281
28.8394
32.9025
25.7007
33.6111
33.1921
24.6612
21.1092
29.9249
25.7032
32.9394
33.7706
28.6148
32.9388
32.3112
27.7563
31.8614
30.6422
30.0346
29.1699
30.8940
32.4286
35.3515
28.6679
27.9391
30.7137
32.2538
30.7445
35.2739
24.8320
23.9947
30.5916
29.3707
28.1824
29.6359
27.9190
29.0610
26.6431
23.5710
32.0270
30.6733
30.4358
30.0728
25.1999
33.0025
30.3833
31.4931
30.8873
34.1946
31.0424
28.8262
30.2616
29.8777
27.7844
29.4391
29.8976
25.9707
32.9073
32.1184
29.1747
24.2718
34.7805
20.2993
32.6632
22.7384
32.6837
29.4737
30.2037
30.0480
32.4018
26.8047
27.5518
28.7130
30.9405
25.3671
32.8036
22.5446
30.8756
25.1731
31.4658
30.5341
29.4523
33.2128
24.9549
25.3229
27.1620
33.3800
29.7104
27.9841
26.7525
30.1873
26.3446
24.5977
26.1293
31.1489
28.5223
30.7592
26.7334
29.1808
35.1693
30.3046
27.5365
27.4838
31.5431
22.4079
30.8610
27.3417
25.7891
27.6752
33.3668
29.3786
25.8695
35.7556
33.3719
28.0376
33.0991
30.2300
32.5414
29.4487
27.0648
22.9113
29.6961
21.3809
29.9080
26.2618
26.4436
35.0080
28.2737
26.1920
22.8174
28.7553
29.1963
28.8702
24.1975
26.2614
36.8935
24.2381
23.4115
23.4651
26.7951
35.2616
31.5818
27.6464
28.1551
26.6275
30.9802
25.7351
30.9299
31.4676
23.8178
30.0634
28.8768
23.7428
31.2077
35.3459
32.2180
30.7687
27.0064
21.6516
30.4923
26.1946
27.8878
29.0243
33.6332
30.5557
30.2344
28.9777
23.7340
34.7638
25.4501
33.3846
29.6555
31.8867
32.6659
32.3689
34.9740
29.2791
28.6581
26.5592
29.4972
28.5602
31.3430
32.6032
23.6794
35.4926
25.5929
35.1271
26.1031
34.9530
30.1175
27.5502
27.8213
23.1156
26.9566
34.3521
26.2291
30.0646
31.1890
33.2321
31.3100
34.7454
31.7796
25.9910
31.5232
28.1300
26.4218
26.7721
25.7184
33.0018
22.4378
26.8979
35.8059
34.7571
24.5078
21.0202
24.7388
26.3723
29.8955
32.3259
29.6179
26.3537
29.7436
27.2197
28.8833
25.7762
30.2241
26.4327
33.2836
26.7515
33.1644
33.3732
23.8682
28.8024
30.9308
28.5829
30.7885
26.7932
29.2044
31.9030
35.1784
25.4469
26.1129
30.2295
39.0510
35.4707
25.5178
27.6042
32.3711
30.3838
34.0568
28.0079
33.9515
31.4259
32.3931
32.0918
29.3260
29.9364
33.0878
30.7243
31.6204
27.4168
34.1541
36.2222
32.9469
26.8940
25.3500
26.6799
30.3721
24.3579
30.6774
28.2800
33.7263
35.2991
34.0735
30.4342
34.9555
32.6327
33.1619
28.8349
30.4754
30.2546
31.9336
26.5898
29.4776
32.6234
26.8566
29.5698
30.5955
28.7236
29.0497
27.9108
30.4412
30.6782
28.4525
27.2164
33.6290
38.0583
31.3903
32.9686
27.7519
28.9540
29.4329
29.6874
27.2046
29.5429
28.4410
21.8520
30.6930
29.4086
31.4410
30.1174
33.4208
28.8907
31.0713
23.7320
30.1937
30.2319
27.5231
28.1916
29.3909
34.0282
26.2312
27.0564
26.7039
28.5135
27.0756
33.1804
24.1977
26.8270
30.5335
33.5118
30.9284
30.4354
27.6780
27.8622
27.2279
25.0169
32.9796
28.7523
24.7661
27.1461
32.6873
25.5845
30.6305
27.9406
23.3743
32.0821
27.7309
31.8636
25.5475
28.9832
24.3248
30.0874
26.8117
31.4847
34.2808
31.4423
26.0650
28.8939
31.3086
31.3972
35.2088
26.4026
23.8991
33.7633
32.4868
34.9127
25.4574
24.8509
24.2330
32.6397
29.1930
35.4740
30.5317
32.8964
35.6832
28.7949
32.8814
29.7510
29.6115
22.3025
24.4802
34.1979
26.3020
27.8227
21.5432
27.3199
28.3991
32.9703
27.0662
20.7663
26.3099
28.0446
33.3585
25.1818
27.9912
27.2991
27.1796
30.3376
22.5495
26.8080
33.7483
28.6055
33.7250
27.1485
34.8817
27.6061
28.3398
26.1473
31.8034
26.1103
30.4770
29.0316
34.6196
29.7005
35.6533
29.7745
25.4757
27.4698
25.2339
23.0728
32.8843
30.0281
34.0478
32.8206
26.3738
29.7775
18.8592
29.0867
26.8592
27.1584
31.8555
33.2347
27.3604
26.6639
23.4045
35.9935
29.0160
30.4782
28.1557
31.3143
30.3567
23.1364
31.3964
33.8068
24.5229
33.3120
39.1438
30.9063
29.5034
38.0208
28.0609
23.4748
22.3850
26.7014
26.2561
28.6862
25.6719
32.0249
31.4992
24.1772
27.2669
26.8839
30.9733
37.4262
31.1153
25.4889
23.6268
33.5137
21.6534
35.8471
32.7025
30.6857
34.4293
32.4813
26.8234
25.9249
28.5585
28.2677
23.7710
29.7495
31.0708
32.0485
28.4474
30.6825
26.8830
29.2217
26.2077
34.7049
32.0818
22.9365
33.2771
28.0621
33.6038
31.4196
28.6646
28.1344
30.1054
31.6727
21.9602
32.7085
30.4534
28.7854
22.6550
29.4466
33.3103
22.0107
31.6858
25.9984
22.6440
29.1392
28.4364
31.8756
29.6559
24.1912
29.3639
28.8128
32.8399
26.9689
34.3782
25.6157
26.6123
28.6615
27.4837
30.2320
27.1794
35.9073
30.8517
24.9056
33.0674
32.2700
27.4935
32.3991
27.5481
36.4839
27.1412
21.0089
28.5692
26.3310
31.5515
25.8555
28.7614
29.4500
35.1687
31.1203
32.8452
28.8819
35.2487
30.2323
30.0585
35.3468
35.0009
28.5107
32.1922
34.4408
29.2732
29.2545
25.8601
28.6846
27.4353
28.7564
29.4639
39.4051
31.0056
27.5192
24.0944
27.6193
22.5803
26.4484
27.2008
23.8708
28.5628
29.6030
26.1139
32.6919
29.8899
24.3342
25.1408
30.4078
35.6283
27.8126
26.8599
25.3407
24.6963
34.8375
35.3325
27.8191
24.8775
26.4929
28.3162
20.8828
25.9689
29.9054
30.5540
35.1920
30.5909
33.8857
29.5590
31.7375
29.3793
29.1330
28.0896
24.8781
24.3595
31.9013
25.0832
29.3549
30.2618
28.9538
33.5499
28.0803
28.3314
35.2276
28.8305
29.8779
30.4497
32.3475
32.6293
31.3936
31.6071
25.7228
28.1651
28.8764
28.5038
37.9366
30.6992
26.4016
29.2649
27.3178
26.8860
25.3431
21.2234
28.8498
33.2300
32.0314
26.0801
31.8122
25.4892
36.9776
29.9451
27.5275
30.9126
28.5062
36.5725
29.3561
27.1230
30.0195
35.4805
34.9953
24.4177
25.9031
29.1406
31.8419
26.9339
30.4724
33.7313
21.2665
28.1117
28.2021
21.0507
25.8527
30.1061
26.7115
26.3471
29.3852
25.2782
29.2631
30.2479
27.2930
28.5577
28.4089
32.0144
33.4910
26.2882
28.4618
26.9877
37.7332
32.7862
26.2167
26.1575
27.8738
29.9003
32.0692
29.8549
28.3240
25.3386
29.5030
25.1592
23.9060
28.4256
26.1289
32.3036
31.6387
29.4857
31.5231
25.2106
27.5680
28.7080
31.9323
29.7204
30.2550
28.1751
28.8170
27.2892
27.9961
35.9893
33.9121
27.3479
21.5901
28.9800
29.0114
28.9480
28.6751
35.1441
33.5637
21.1639
30.5794
30.2005
34.6336
34.6254
39.0892
27.7146
30.3832
34.1682
25.0874
32.1062
26.5654
29.3569
22.1635
22.8712
33.8076
27.4127
30.2519
27.0240
26.7306
26.3328
27.3451
35.0833
27.0897
31.2385
31.6066
36.1444
30.0978
30.9206
33.7468
25.1040
27.9620
26.8684
33.1570
26.7502
28.2303
31.7720
32.8870
25.9400
22.1622
24.2447
37.1611
37.8520
27.3219
26.2826
26.6465
27.4719
23.6954
26.0775
26.1568
33.9295
23.6349
26.2710
25.1193
21.8743
26.2866
27.5180
30.8555
22.8752
31.2667
30.6552
31.2435
28.0833
26.5751
30.9981
33.4304
33.5312
30.6969
27.6198
31.6824
24.9875
21.3205
19.2290
27.4738
24.2252
25.5618
29.0125
28.2048
23.6857
23.6980
29.7233
28.2584
28.9570
31.1520
32.0750
29.8865
33.0365
31.0209
29.5957
29.3778
33.7124
32.5168
28.8319
27.0588
24.0315
30.6386
30.9711
29.5102
30.9885
30.1088
33.7972
30.6919
34.9118
32.0815
32.1788
35.5887
24.2606
26.3908
35.2011
32.0029
24.1357
25.5633
28.8671
29.2963
34.5183
33.4276
28.7286
29.6889
25.9707
24.6801
26.0128
33.2429
33.5695
29.7619
30.8027
30.0419
29.4261
21.6799
31.9270
31.2612
22.2903
32.4339
28.2086
32.2254
27.6657
31.3042
33.4482
26.5849
28.8082
28.4694
29.3276
33.1812
21.5715
29.3867
39.0013
29.6127
27.4607
24.8657
23.3579
24.6915
25.2070
32.2530
33.4085
34.1455
32.9435
31.2188
28.3256
30.9386
29.6242
30.0784
28.0238
28.6595
29.2924
32.8948
26.5700
33.1574
26.9760
32.0736
37.8049
36.7327
30.9316
30.7082
28.4157
28.8578
28.7517
24.4769
26.0837
34.4765
24.4444
32.7061
31.9242
26.6645
26.4315
23.9962
38.6099
34.0373
28.8400
32.5704
30.7356
36.3467
31.4131
31.7802
28.4410
28.7144
25.0646
34.2427
32.5370
28.3816
30.8093
28.4525
28.6016
34.2462
23.4381
23.8055
18.4303
24.8711
33.4253
26.7979
33.6711
29.0154
27.2912
28.5996
29.1417
31.4253
26.3135
29.5819
26.0275
34.5829
32.6022
26.7814
32.2204
28.7059
27.4711
25.4128
31.2609
31.1891
30.4734
28.9734
36.4130
25.0978
21.9235
30.9194
34.3518
25.7103
23.7049
33.0478
29.4727
30.5074
23.4691
26.2691
21.3210
28.9622
29.8904
32.3073
30.1047
23.6057
28.5076
25.9027
32.6938
29.3567
30.8114
23.2410
26.3661
24.3711
32.2131
30.6597
35.9931
33.6148
30.5854
24.3280
22.3524
27.8724
34.9846
26.8461
31.2218
27.7353
33.5371
34.0337
34.6195
33.7142
33.0791
28.5984
32.5104
30.8775
30.5963
32.0784
31.3011
30.9966
25.0713
34.5783
38.2589
31.1287
32.3324
32.2607
24.5016
30.0312
32.7477
30.0952
23.3686
22.9964
27.7413
30.6518
29.7101
22.5648
29.3239
29.4978
33.1281
30.9526
27.8563
27.5322
24.5965
25.0144
31.8648
30.2249
25.1851
36.2314
29.8576
30.5799
34.7745
31.2786
30.3526
32.9495
25.2094
31.1791
33.7988
35.5796
30.7080
31.7765
31.4956
27.3839
28.5506
31.0033
23.0030
31.4246
32.0987
21.9172
29.5671
26.0145
31.3487
28.2441
28.3155
29.2522
32.6505
31.1182
29.9587
25.4104
34.3251
30.9912
35.2668
31.3309
25.3562
28.1847
21.9614
27.3446
31.2015
25.0095
24.7922
27.7238
37.5048
29.0990
28.3595
29.9052
28.0916
21.3885
23.5307
31.0412
32.2134
29.3634
29.0557
30.5597
24.1798
28.2023
28.9285
29.2547
33.4356
28.2929
22.9826
27.1574
30.6127
23.0224
24.1666
30.9097
34.5981
28.8709
32.1508
26.9502
23.6628
34.3295
30.0147
28.5533
26.8696
31.6440
33.5928
25.3869
27.4800
27.9577
25.8781
29.7661
27.2385
31.4624
30.3797
26.1552
31.7468
33.6267
23.7295
28.5504
31.1383
25.9760
31.1373
22.9747
38.0039
31.3649
27.2300
35.3922
33.5447
27.6782
31.3301
29.2319
34.9792
29.6211
29.9482
23.5858
30.5134
24.2960
34.4068
27.1339
27.7732
34.3160
27.3602
29.0537
33.4346
29.3820
26.0937
22.9620
34.1302
30.0955
32.6709
33.2279
29.5333
33.3832
28.4258
25.3372
31.6542
30.5198
27.2219
27.9755
29.5524
33.4742
32.6190
25.7220
27.4064
33.1520
37.3144
29.9072
25.1621
31.2705
32.4667
25.3968
25.7935
31.4036
34.5720
24.9393
35.4642
32.8184
37.0011
22.0193
22.9134
28.8203
29.1237
24.1234
20.8239
29.2351
22.0075
33.6540
32.0833
22.5594
24.7063
29.5568
28.2381
26.9898
28.4685
31.3525
34.9165
29.0381
31.1533
33.6018
27.9843
37.7954
30.9669
27.9903
26.3634
26.3014
28.6000
28.2861
30.5117
30.4808
37.1528
27.1621
33.3432
25.0000
29.6865
25.8121
27.5651
31.7295
19.0970
36.0066
27.5480
33.1321
33.1219
26.7395
29.8752
27.9536
25.6211
29.7584
27.9735
33.3106
23.8744
37.6791
33.2398
33.7369
20.3860
33.8040
27.4513
29.9174
24.5375
27.6878
26.1309
31.2186
35.5199
31.9935
30.2644
29.0687
36.8125
29.1980
32.2605
27.8733
27.6603
27.9876
33.1515
29.4652
31.4953
32.9663
26.4435
30.1981
30.1240
26.0321
21.0576
33.8068
34.2086
27.7096
24.0962
34.9116
27.1252
27.3791
31.6922
27.3677
30.4842
30.5943
24.0728
28.0346
25.3302
33.2363
25.7490
27.6923
26.2881
30.8158
29.5714
26.3871
32.2893
31.6880
28.1447
35.5888
32.0774
32.6909
34.9968
26.4275
36.6142
26.7721
30.2367
28.9152
29.0700
24.9275
27.4637
30.6622
26.1167
28.7959
31.4060
30.0055
31.2197
25.6657
32.4043
28.5217
24.2265
29.4478
26.7325
23.5231
32.6313
30.8301
28.8625
29.5803
36.7909
26.9703
25.7286
27.2565
23.1875
24.7502
22.7874
34.8453
27.7525
27.0032
27.3963
32.4084
32.1641
32.2334
28.6100
28.5608
30.0214
22.4425
30.6062
26.5690
33.9538
28.9449
23.4585
27.5439
25.8666
31.2457
24.1603
30.3659
26.3241
26.8543
27.3729
34.6723
29.0266
32.2665
28.6051
30.9237
35.0005
23.8351
29.9760
26.3508
29.2240
30.9342
32.7157
24.5101
27.1714
27.0085
28.6862
27.9685
24.2879
25.8668
31.3768
30.0891
31.5413
28.3269
25.9951
24.0847
28.3536
26.7972
29.3252
29.5157
31.2354
26.8501
30.5671
27.3550
25.6732
27.8929
27.7984
20.5889
22.2374
29.4677
26.2686
25.7994
27.6334
36.1812
29.5938
18.8132
27.0585
27.3461
32.1688
26.4682
30.8792
25.6401
29.5483
27.4988
28.0073
25.0872
29.6396
32.3223
32.4018
34.7532
30.4360
28.3287
25.2882
29.2035
32.4144
27.0313
21.7022
27.9817
31.8240
28.7662
24.6614
30.9635
25.8614
23.6295
33.1740
31.3736
32.0005
29.6342
35.1436
29.9590
36.9593
26.3881
33.6755
32.4894
24.9777
24.6958
25.1448
31.1206
25.6276
28.0706
30.5940
24.5184
30.5930
25.6472
28.3575
32.5686
27.4693
30.5429
32.2848
25.7424
29.8145
32.3969
29.3683
29.3970
24.3747
22.7533
28.6071
32.7699
25.2228
32.2736
31.4965
22.9462
31.2471
28.1245
29.1699
33.3358
31.2226
32.9770
34.9839
31.2993
31.5968
34.5747
29.7353
30.3952
24.9904
24.4114
31.0234
32.0003
36.9419
31.9316
25.0803
32.8226
28.4261
25.7049
30.5638
25.2832
32.2196
27.5225
28.3836
25.0338
27.8007
30.6433
29.1982
24.3725
30.6851
25.6514
26.9974
28.4041
24.5330
35.1377
38.5543
33.4875
30.6995
28.4618
27.1743
29.8008
27.5260
22.8762
24.5069
32.5479
28.4565
29.6489
33.2517
30.7315
28.6126
23.8567
30.9187
36.6352
32.1850
30.2743
25.9829
28.7111
30.9361
28.1871
29.2075
29.5790
28.3229
29.4141
28.3520
38.1513
29.1152
27.0191
28.3756
31.0563
28.6112
28.0254
33.5648
27.2432
30.6133
31.4374
30.7590
34.8897
25.9713
30.2861
28.8761
28.8075
29.8640
22.4310
30.9272
28.7162
32.4535
27.0390
27.8870
34.9343
31.5818
32.8981
25.4553
26.1445
29.9996
31.3624
31.4029
32.9750
25.2503
31.6294
26.0533
30.8512
30.5490
21.7526
31.7838
29.8709
26.6431
29.9595
31.5615
28.0806
32.2099
24.9403
30.3063
28.7743
24.4111
21.7949
31.5949
30.1173
27.5743
35.4269
30.5179
21.9979
29.4415
31.8626
33.3931
23.9176
26.6759
26.5987
32.4678
33.6145
27.7235
35.6099
31.2271
25.4052
35.9171
30.2124
34.3173
27.5417
34.1908
30.5352
34.8118
30.2023
33.2038
34.2834
29.2273
28.0205
25.7777
27.3345
33.2083
25.1908
24.6949
23.2504
33.8103
27.2511
24.8554
26.9032
28.2574
23.9371
31.2038
31.3009
26.2856
33.5033
28.4932
26.2352
21.9416
27.7463
34.6787
23.3393
22.7113
30.2156
29.6313
21.8984
24.1690
26.7299
29.7465
31.2863
25.4717
23.3180
28.2239
29.3105
29.0521
28.1392
25.3844
23.1946
22.1749
27.5497
33.2614
31.9596
27.2739
29.5697
33.0643
35.5449
34.0831
33.8281
27.8383
28.2109
33.2790
38.5669
35.4272
33.9479
19.6013
29.5549
23.1030
26.9941
30.9067
28.0627
34.6698
25.2029
31.8933
35.9408
25.0554
30.5093
28.9344
27.3301
30.6484
25.3288
32.8706
32.7172
28.7977
29.2887
27.6758
33.6533
31.3616
25.3822
30.5352
31.5484
22.8907
31.5390
33.2602
27.4380
30.0752
27.2678
31.9831
30.4382
23.6274
26.5948
30.1254
23.2640
22.0255
26.4504
27.0701
32.3507
29.2446
32.4437
34.9592
29.5571
25.5546
24.5291
33.6022
29.4338
30.8017
36.2826
32.9948
36.0242
34.0717
36.5571
28.5235
33.5974
28.5424
29.0533
29.8889
33.6380
34.8122
24.0863
33.9130
26.9452
25.3615
33.8687
34.4774
35.8568
26.0028
26.2751
29.8520
32.3959
29.9725
37.4281
30.2174
28.8845
29.3654
30.4092
27.9255
25.9932
29.1361
32.2415
30.4970
34.5391
31.4658
30.4350
31.4508
29.9653
34.3556
31.4369
29.6085
26.8703
31.5923
28.3722
26.3045
25.0818
29.1866
25.0804
27.1963
26.3169
33.8289
28.6852
23.3426
28.5944
29.4773
32.7007
29.9494
32.7788
29.5651
33.0124
28.4641
28.3672
30.1376
26.8540
33.4392
24.6892
33.1589
25.5419
31.5118
33.4578
27.4914
36.5779
22.4406
32.2393
26.9221
33.3972
28.2173
26.8006
33.9147
28.2077
21.5053
28.2797
30.8063
24.6807
33.4893
24.2069
26.1452
31.1285
22.0970
32.9870
30.3242
33.1290
32.1155
30.2957
32.4237
31.0285
26.2512
29.5076
24.8699
30.4157
28.3947
26.7288
28.7991
29.0013
28.9275
22.6943
29.8633
29.1579
22.6073
28.3593
28.8152
23.2293
29.7574
34.3112
33.6276
27.3715
26.1791
31.2610
30.4726
33.6619
32.0575
37.3306
30.5833
33.8818
31.6233
30.1671
29.1367
32.6207
20.0968
26.0836
34.7384
20.0577
32.6558
34.1672
35.9471
25.4424
30.0755
29.0962
25.2097
30.4811
27.1480
35.6918
37.6869
32.1841
29.0753
29.8550
33.2109
31.8817
30.8633
25.0503
22.1824
35.6281
21.9004
26.2657
29.4514
29.7948
27.7620
30.1141
30.0831
32.4341
29.4416
22.9781
31.6337
29.8721
25.0579
25.7635
23.5317
29.2178
28.8617
28.6468
29.9459
33.0508
32.5999
21.2881
30.1252
30.0454
31.4513
31.4353
29.0629
23.3908
28.1785
30.4777
25.5915
30.8720
27.1994
32.4558
23.8920
28.3852
32.1414
26.2163
27.2208
27.2555
27.5322
20.2291
23.8911
29.3102
33.4215
25.7505
20.8119
36.6170
29.4736
24.3879
29.0400
27.2842
24.1713
25.9419
27.4633
25.1680
28.1253
25.7557
33.4650
28.7048
33.5587
28.1690
25.2655
29.9071
27.9237
20.6657
30.9273
27.5657
19.5167
33.7358
36.2487
30.7294
27.0958
26.6485
30.2389
30.7129
26.4641
29.3687
26.1460
27.4811
29.8415
34.1827
28.3797
28.6446
35.1251
33.8020
27.6151
24.3115
29.8953
28.4060
27.4131
26.9657
26.8706
32.5954
37.0196
29.9511
29.3695
28.6068
28.6329
27.5794
33.0543
28.5526
29.9645
23.2624
33.4157
28.4125
32.8272
33.0757
28.3104
28.7665
27.8078
34.7642
24.8247
31.3597
25.8898
34.4863
25.3081
20.5329
25.0217
26.7200
29.8864
28.7969
27.1178
24.5817
31.5470
24.6732
26.4530
32.4114
28.5828
28.6449
33.0293
29.7353
31.9408
32.1054
22.5180
27.1928
35.8521
33.9254
25.4442
27.2895
28.5564
29.5734
28.1212
24.2505
33.1017
29.1679
27.7640
30.9263
27.7298
33.4580
28.8339
27.7566
30.4737
24.8298
22.3658
32.6565
30.9862
32.4921
32.7928
25.2253
34.5369
27.5774
31.4399
37.7577
23.5269
28.3357
24.0173
22.8871
26.3196
25.7747
29.6193
26.2637
30.7732
28.4536
26.3517
24.5880
29.2965
28.9073
31.8302
23.4318
31.8148
26.1906
32.0395
27.6461
22.4716
24.5136
29.9270
25.8442
28.7136
28.6660
28.2232
30.2240
29.0508
31.3977
32.7518
34.5587
29.1592
28.4691
31.6896
32.8988
31.2565
24.9209
28.3031
23.8906
35.2751
31.4013
27.8401
29.3092
30.4141
32.2327
27.9839
32.2774
34.7714
26.5968
24.9259
25.8359
31.5629
25.2748
27.5717
27.2193
30.2983
32.9542
30.6441
27.4623
28.9791
28.6790
28.0614
29.1197
28.7011
31.8709
36.1212
33.5750
28.0252
27.7027
32.3350
31.4894
32.2475
27.1619
23.0744
28.8937
34.4658
27.4256
28.6081
29.8539
27.5865
27.4259
24.9561
19.6077
28.0625
28.7475
32.6904
25.9954
25.5203
36.4750
32.1637
25.0298
21.9256
22.2030
31.4779
32.6804
33.0586
27.0909
31.3720
23.9643
32.6108
28.9098
26.9104
32.2265
30.4760
20.4380
29.2134
25.0941
28.2444
31.5943
27.0270
25.0136
33.2988
28.8369
30.6449
33.4701
27.6360
37.4875
23.2296
31.1644
31.0027
30.5530
28.7672
25.1687
25.7929
30.7561
26.6529
32.1461
29.0753
28.9442
34.7313
27.5641
31.6236
25.0909
41.4599
29.0036
29.4093
21.4231
30.8369
27.5947
22.9501
27.8498
26.8598
29.1160
27.7274
26.1276
34.4751
23.8239
24.1476
31.2644
29.5111
29.9821
23.4169
29.9264
22.7910
23.8346
33.7134
28.3889
25.5325
25.1849
25.8746
30.6551
32.2389
29.2094
21.1731
29.8352
24.3609
27.4992
31.6156
34.0679
25.3366
25.9895
29.3835
24.4988
26.4583
25.5622
32.9967
27.9159
24.9363
28.2464
26.3691
31.6134
28.5528
21.3527
26.4554
32.4759
35.3576
31.0651
31.6655
28.4474
25.3274
33.0649
25.8270
26.7373
28.6561
23.7780
30.1950
29.1449
31.1904
39.1989
33.9230
32.8970
28.6070
22.0926
29.5750
29.5252
28.7809
22.9063
27.9944
23.9024
25.4866
30.7154
28.6406
27.6601
29.9511
30.4182
27.5025
29.8021
25.6772
32.8381
23.0599
30.6348
30.4461
30.3013
31.0728
27.5964
30.9665
32.5165
29.2227
29.4010
33.1283
30.6330
31.8048
22.6594
30.8944
26.8756
31.7658
30.7132
25.8508
29.9945
27.5463
29.1551
24.2177
25.4011
27.3563
30.0467
27.8903
25.8499
28.4861
28.7598
35.8803
32.3401
30.7732
33.8001
28.6546
30.4986
25.2213
30.3074
27.8967
31.4182
35.3893
23.4309
25.3155
25.3325
30.5947
25.2297
32.6270
32.5331
29.8996
32.2531
31.2475
30.7090
26.7207
30.1609
35.4423
35.1462
27.1819
26.1956
28.3220
26.1887
24.6669
35.9026
28.6278
26.7001
33.3628
27.8167
24.9835
26.0935
33.5666
29.8172
30.4116
36.8085
32.9971
26.1478
26.6529
26.9799
32.1984
29.9061
24.0539
30.3407
32.4177
24.4732
27.6977
29.2199
30.3499
30.5025
30.9077
25.2682
27.4379
33.4272
34.1024
24.4920
27.7212
28.1405
30.4494
26.3375
30.5376
29.1559
26.8968
28.3916
30.0002
30.5812
29.5152
31.4401
35.6149
30.0978
27.9737
33.5243
29.2550
29.7710
23.2502
23.0734
27.5895
26.5179
33.1111
34.0927
27.0404
27.0190
21.5633
33.8818
19.9522
33.6221
30.7573
33.2596
34.2255
32.2986
31.8735
24.8723
34.7233
28.7009
26.0625
24.8074
32.5000
30.2492
26.9585
32.2135
29.4096
30.6035
31.0896
30.3241
31.3011
30.5045
28.0690
29.9876
33.3275
32.2578
28.8862
32.8829
28.8182
26.9358
29.0631
28.1540
30.3824
24.1192
32.4462
31.3314
24.0259
28.8743
32.9132
29.9362
27.3668
32.6319
30.3911
26.7873
34.0046
31.4839
32.5729
21.4775
36.2884
30.0233
30.3441
27.2510
30.6336
29.7626
27.6542
32.0749
26.7022
26.2312
24.2626
31.3042
29.4464
27.9458
33.9332
32.3044
28.7411
28.6138
34.9262
33.7454
22.6013
27.5961
25.0416
26.8740
30.7937
30.0443
28.4831
30.5814
30.2872
28.3743
36.8096
30.4924
28.1324
29.5532
36.3199
31.6848
20.4742
26.4770
34.6179
25.6763
36.0910
21.8624
25.7020
31.5071
30.6895
31.6860
25.0191
25.3206
28.6006
29.0174
25.6541
32.0226
31.7653
30.8043
28.8220
30.8775
32.4072
32.0526
30.5394
24.6595
31.7038
34.5495
33.5649
28.8477
30.1330
30.4116
24.6822
29.8328
28.4168
32.8055
26.4536
25.6698
30.0896
30.3815
29.7354
35.0315
33.9767
27.2090
27.5862
27.9107
29.7822
29.0064
25.6355
35.2313
27.2095
35.4061
33.1862
28.2732
29.1315
25.3370
28.0650
29.2389
29.4727
33.7483
26.4354
31.2349
29.1237
28.5682
28.5840
28.3769
26.4540
25.8200
25.3930
27.2505
26.6859
32.0376
29.4003
31.2103
30.2843
25.8213
29.0196
23.6090
25.4359
31.2079
28.3633
29.0497
28.9643
30.5686
24.4178
30.7175
24.4428
28.1576
32.6246
33.9948
34.9416
29.8846
29.5256
26.8681
21.1140
23.0830
24.4033
33.1521
30.4643
24.3821
32.2167
30.9888
28.5209
31.0606
26.0884
35.6383
30.1423
26.7168
41.6414
29.8904
27.1434
31.8960
29.1328
31.2908
20.7674
28.5145
32.5386
27.6081
29.4839
24.2998
30.4655
36.7132
26.2441
28.2877
23.6209
30.3318
32.5043
26.7380
33.3352
33.8692
24.2036
26.4070
35.7797
27.2766
32.2574
27.3180
28.1925
25.4472
31.1277
27.6998
28.4629
36.1455
29.2043
32.5121
25.4011
27.4239
28.5598
29.0074
25.0637
34.6507
31.9194
32.0743
32.3876
26.6953
34.1505
19.4631
33.5681
25.0332
25.5530
26.6823
22.6767
27.4376
28.0755
33.3071
25.3977
30.5869
24.6457
27.4618
32.0018
31.2187
27.7871
29.9607
31.0695
27.0057
33.3138
30.4908
35.1926
31.2800
36.7630
31.9557
29.0645
26.6809
24.8073
24.7117
25.3379
31.4686
31.2598
26.5257
34.8797
34.6226
28.3277
34.0384
27.7911
29.6285
24.9047
28.9804
30.1585
30.4358
26.7845
26.8402
25.6054
29.7023
29.0785
31.9237
27.1826
32.8445
30.3788
32.0285
27.0623
34.5375
30.9691
32.6622
26.2186
23.8579
31.7044
39.5917
23.6270
34.5136
27.5693
33.4762
31.8162
29.7566
34.7607
27.3984
35.9990
28.3020
28.3194
34.5939
26.1560
24.7152
20.4258
26.4456
28.9456
29.1442
24.4005
21.7020
27.6645
28.0824
29.4533
33.3275
26.2674
28.7905
28.8912
29.2468
34.3111
30.7978
30.3294
28.5559
31.7616
34.3239
31.9840
28.3702
30.1466
27.5537
25.5984
24.8296
27.3748
36.9601
30.2052
24.9832
27.4363
25.6806
20.6979
23.3345
31.8226
28.7098
31.7319
26.6172
30.9085
34.8892
33.8735
26.6988
30.9755
36.5273
30.5017
30.9813
23.0662
32.1869
24.3142
28.4715
32.6292
30.0915
27.6180
27.8504
32.2874
27.5371
29.1797
29.9638
31.5449
29.4076
34.3111
27.6875
28.8843
27.5159
29.7315
21.5664
29.3611
33.5648
32.2903
31.7304
25.8109
25.7935
31.2980
27.2418
30.5137
29.6091
26.5236
32.3446
29.3374
25.7001
35.6866
32.3685
30.0901
31.4041
25.3617
29.5668
27.4699
29.8154
29.5895
28.9451
28.7749
26.2006
32.3488
34.5147
26.8015
25.7718
31.2794
32.2400
31.5148
33.3808
26.9085
31.1508
29.7095
26.3744
24.0192
31.0955
23.1119
24.2205
32.7103
33.7371
28.6204
24.4939
25.4581
33.1487
33.3432
29.7784
35.2012
26.6000
34.8378
35.1683
34.5903
35.4398
31.6858
33.3513
26.1693
25.2667
29.5428
31.8308
34.4187
25.1331
28.3675
27.1225
27.7546
