29.4585
35.5044
24.6174
35.4492
29.5808
26.4753
24.8587
31.3349
33.5366
27.5400
29.4704
28.8624
29.0947
27.8208
26.8321
28.2513
33.7217
28.1102
26.8293
30.4166
25.3277
31.8363
28.3097
24.5040
26.3780
25.4907
25.8876
33.9193
30.3905
25.9741
33.7021
29.3716
27.5445
22.0515
28.1521
27.2704
26.8496
28.5049
36.6543
32.4310
26.7617
26.7519
25.2500
23.9478
29.1410
34.4745
36.3448
27.3324
35.4903
35.8120
29.9341
29.5240
31.2405
34.6956
25.4515
34.7591
36.9423
31.5684
30.5106
33.8948
35.1174
28.4285
30.0335
33.2247
27.3510
31.8826
28.2292
34.5495
24.9285
25.8265
28.4212
22.5611
26.9507
31.6935
32.2344
27.5396
29.3852
29.0759
27.5431
32.2728
33.7949
32.3343
34.2780
30.9563
26.1552
30.5639
28.7164
31.1687
27.6422
26.7075
25.6326
33.4550
28.1581
29.7141
27.2737
32.6102
29.3205
26.2490
35.1455
25.3084
25.3045
26.6319
33.1501
24.4804
33.2954
27.6197
27.9063
27.0305
26.3146
26.0719
29.0050
31.5205
26.3914
23.8481
31.7379
27.4550
31.6440
30.7711
33.8903
29.6419
28.1638
33.1079
30.9095
24.6933
31.9705
29.3950
32.8998
35.8442
28.8412
34.8086
33.5335
31.9470
35.3217
28.1676
24.4837
29.4665
30.9728
23.6262
28.9383
21.9815
30.2004
30.9958
28.3134
28.7051
27.5546
24.9465
28.5220
31.1790
28.2290
27.7704
25.3433
23.9109
27.8879
28.5200
24.5011
27.5427
27.8599
32.5413
37.3229
21.8812
29.8657
32.5258
30.9127
28.0620
29.3559
29.1610
29.9070
28.1881
29.7807
32.1310
24.0614
25.3050
25.6227
32.2710
29.6771
23.9513
22.3042
30.8042
23.7939
25.2109
31.1528
29.7545
27.0847
22.2891
26.9626
27.9539
32.6529
29.6717
28.4384
27.0419
28.8232
26.2442
25.7500
26.7910
32.5593
24.7934
28.5797
29.5296
25.8374
30.5285
32.9369
32.0144
30.0294
25.5851
25.6329
30.5235
28.7986
33.2149
30.6536
29.5022
25.5580
34.5387
36.2572
27.1378
26.6760
27.1143
28.4869
25.9666
28.5570
29.2985
30.3236
26.0794
30.1058
30.3952
30.3001
24.7685
28.8241
39.2756
30.5748
29.5703
25.5117
27.6882
30.6934
29.4522
30.0237
31.0928
29.4897
29.3136
36.1213
29.8791
33.0651
39.0447
26.5314
30.8971
24.9510
28.2057
33.3843
27.0004
27.3222
25.5990
27.4602
30.3538
26.9349
30.0533
22.8791
33.2709
28.2835
35.6478
34.0913
29.6598
28.9411
33.2425
32.9483
27.2992
28.8122
29.7687
27.0410
30.7800
31.2275
31.6985
30.7018
32.6901
23.1734
30.2751
28.0287
26.5538
27.3329
22.2813
31.4563
23.0605
25.5533
27.6987
29.8779
32.9979
33.8540
29.1430
23.3017
25.6461
25.5502
27.6254
27.0935
29.8584
23.7796
31.5638
31.7767
30.1189
34.3443
32.4472
36.8929
29.2968
28.3375
28.7085
27.9587
29.1531
28.1174
37.1871
34.1359
27.5136
23.5074
27.6957
29.4377
24.6308
35.1278
33.0388
30.7817
32.0308
24.6215
27.9164
25.0805
29.1614
26.6425
26.9066
25.3578
29.6708
22.7825
27.1655
33.1450
26.8061
27.2446
30.6271
30.1246
33.8092
29.3195
34.0024
37.9735
31.1626
32.4436
30.2730
22.3855
32.3698
31.8452
30.9792
27.9155
29.2546
31.4147
25.6635
35.8604
31.4185
27.5655
28.7366
35.5677
28.9121
34.5204
22.4030
25.3125
28.0828
28.4904
27.2934
25.6119
26.2887
27.0870
32.7990
23.3742
26.0048
24.9138
26.5954
31.3353
29.2192
25.9068
25.1620
32.3936
34.0263
32.7433
37.6388
34.6029
33.4845
35.5468
33.3138
28.1668
30.6789
27.2120
26.3015
33.3589
35.0823
26.4178
29.1326
32.1446
28.9175
29.1181
29.0567
32.9333
33.6947
28.8933
27.3105
30.8232
27.8348
27.9035
28.7798
29.2907
25.5400
33.3251
23.3754
23.3050
28.9641
28.8387
32.0073
31.2962
24.2943
27.7709
28.3422
32.9626
23.1822
26.3112
32.0575
31.5633
22.3497
31.9234
25.9175
23.4265
22.9312
21.5547
35.2027
31.0735
23.5410
30.8493
30.1595
35.4773
25.6496
28.5289
26.3904
35.7313
24.4948
31.5831
28.8764
33.3639
27.6365
29.1198
28.1042
30.6255
31.3131
31.3448
26.0115
21.9736
27.8723
30.5079
24.0164
28.1532
34.0170
32.3573
32.7483
34.5009
33.9438
31.0301
31.6551
26.0156
31.7940
34.8492
31.9273
29.4985
30.7579
34.8812
26.0116
28.3225
31.2120
30.3714
25.3521
31.4577
29.0284
29.1277
28.1064
32.1131
27.1404
28.9049
25.7120
28.3050
31.8513
31.4399
28.2666
23.8012
24.4069
31.4653
25.1101
29.0694
33.4048
30.1628
24.2910
24.3322
25.1154
32.2369
25.1290
27.0964
27.5342
34.7186
36.2692
24.9809
32.5356
28.4173
38.0378
31.8943
33.2406
22.4207
25.6231
34.0471
39.4975
35.2041
33.8497
27.2124
26.0263
27.7961
29.0492
37.7129
29.2915
29.8319
25.0307
32.7992
30.6055
23.3312
28.9743
27.2803
25.4886
31.3723
24.5703
24.8030
28.7585
33.6992
34.8177
24.7208
35.5895
31.6543
25.8146
29.8226
31.5614
28.0747
29.6066
31.7275
31.7598
28.0806
24.8610
23.3325
25.5960
29.5412
32.3304
26.6489
29.2118
29.0162
33.4795
25.5008
32.3151
36.1802
28.3243
27.3598
29.8146
25.7706
31.1580
27.2307
26.4609
29.0511
24.7423
26.5663
31.1328
31.8959
26.3003
29.2506
31.4898
27.3954
35.7068
33.1417
29.3585
30.6533
23.6963
31.3180
30.1860
21.8937
22.6893
21.0151
34.1919
31.2686
37.4450
33.9441
26.8763
23.2704
22.4865
29.6112
30.6467
30.4475
29.0376
30.9598
23.0088
32.1093
26.0735
32.9972
26.0902
29.3081
33.3224
30.7535
35.6115
26.1987
33.8053
29.3523
34.1117
23.7050
34.2522
35.5250
33.2415
31.4306
30.3821
24.5945
32.7083
30.8414
31.0210
29.5438
30.4824
29.4539
33.4456
24.6846
30.2772
28.8932
28.7392
31.3756
26.4859
29.9260
25.4658
25.6340
29.3189
36.4130
29.2314
29.3723
33.4367
30.9018
24.0398
30.5936
26.9987
29.1704
24.8113
26.9958
27.0294
34.3672
24.2573
32.4760
23.2348
32.1452
29.5294
26.7955
31.0935
29.5211
25.0487
29.5362
24.7024
33.7216
31.2970
28.0179
34.9247
32.6914
23.3380
28.3638
27.8840
33.5619
26.3563
29.4703
36.1188
30.6430
29.2370
32.3845
27.9606
33.5359
23.5069
28.5277
32.7764
31.0672
35.9671
29.0921
34.2565
33.9341
30.8815
33.8953
34.0421
29.3298
28.9420
25.5663
19.9657
23.4461
27.4524
24.1439
31.8898
35.0776
26.4674
28.2428
28.9894
30.8532
31.1211
33.5455
32.7999
28.8339
27.8437
32.0446
34.7265
31.0760
34.0253
33.2982
29.8205
33.0779
32.2371
28.3382
24.0081
30.0219
23.8628
26.6750
27.3287
30.1980
33.5151
30.7413
32.7213
26.0803
30.1955
29.6886
28.3634
29.1933
31.6626
32.4650
22.9069
29.1860
33.7395
34.2587
27.6267
28.4364
30.7009
23.5791
29.6164
34.6433
31.1683
35.7175
29.8102
33.2645
32.6578
27.2064
30.5042
30.8487
31.7568
24.0956
34.1325
36.0844
20.5481
32.9153
31.3483
30.2937
29.3009
27.3114
28.5360
32.5418
27.8391
25.1629
26.6964
26.4214
28.8223
26.9372
31.7256
31.1168
28.8523
33.4614
24.5258
32.5673
31.4385
27.2199
31.6479
28.8227
26.0826
33.0443
28.3865
25.5157
31.5583
28.3158
25.1082
30.7659
26.1640
28.8555
32.9133
25.9554
36.4867
29.5619
31.6497
33.2412
30.2976
28.3873
34.1964
29.4118
35.8793
34.0613
30.8348
26.4576
32.9678
26.4315
28.5211
31.0711
29.0922
21.4205
34.9361
32.5683
23.6482
28.7394
37.1279
37.5747
26.8487
23.4260
24.6574
31.4883
26.6515
28.7981
28.2330
35.6226
26.0879
33.5720
28.9699
32.5520
26.8025
25.9682
30.1023
29.4681
32.7408
34.0537
25.0446
26.0328
26.6647
30.0351
26.3332
29.3504
29.0089
31.0803
29.2619
29.5234
27.5179
28.6830
32.9156
31.8888
33.7836
31.1407
24.6651
31.1521
23.2126
25.4458
26.1739
33.2341
29.3382
28.1869
31.8917
28.2903
29.2235
24.8131
25.1439
26.1591
31.3410
28.9783
23.6585
22.7889
29.5372
31.8073
33.3596
28.2218
34.8121
23.2449
27.8738
29.0290
30.9499
27.3878
22.0689
27.9967
27.8229
35.7011
27.9688
33.1365
32.9208
22.0790
28.4506
29.6808
25.6998
25.5419
30.3068
31.4972
28.6054
26.6625
31.2180
31.2061
24.9463
27.3078
33.2275
33.3235
28.2050
26.7023
27.8149
32.9010
31.0415
23.1754
28.8715
25.5709
30.7167
25.1926
30.0777
26.4432
26.0979
30.0315
30.5524
24.6668
33.8366
35.6535
29.0574
23.4856
25.3958
27.8592
30.4574
32.7070
26.7497
29.9530
30.1823
23.0693
27.5435
33.0078
32.7444
31.0220
31.4903
27.2547
33.7279
28.0128
29.4024
29.8291
30.0289
29.6097
27.5803
23.5518
28.0023
30.0265
33.7727
35.8051
31.5502
28.4992
27.2473
34.0952
25.7629
25.7679
37.3173
25.2336
27.0992
28.3351
24.4705
32.6434
26.8871
29.9391
21.2795
28.8670
32.0391
27.9883
27.3912
31.9016
27.1463
26.0713
36.0090
24.8138
34.8041
31.5855
28.9422
25.6577
33.2118
27.8744
36.0308
25.4101
30.5126
29.1530
30.3112
30.5252
28.9316
33.5712
20.1590
26.5414
26.6307
27.8905
35.7675
37.8764
30.9356
35.3636
27.5646
27.3791
33.4771
26.3659
26.2619
28.6614
30.8648
26.7557
30.3034
28.3281
22.5820
36.0641
29.5391
28.2700
28.3931
33.0353
31.6479
30.2520
33.0836
28.6630
29.0347
32.8567
25.7080
27.8791
30.1331
26.8738
30.0457
33.7313
30.5075
29.6524
33.0355
29.1419
34.5300
26.2095
25.9098
32.2003
31.8348
32.1326
28.4298
25.6410
29.8051
27.5645
29.2302
29.7460
31.2151
31.9308
32.3357
33.8198
25.1470
29.2779
22.3632
30.6340
26.4501
26.7920
21.4616
26.3781
22.9699
32.1586
29.8801
26.7996
25.4973
24.3285
27.4621
33.8726
29.7433
32.5174
32.8908
29.4227
29.7501
28.4755
26.9043
34.7275
33.0979
29.1696
28.4138
31.1982
25.7648
35.0216
36.1255
27.1482
30.4804
34.6983
27.8870
31.0176
31.7513
28.8036
30.1229
22.5638
29.4066
29.9066
31.3870
37.6982
30.8972
28.2194
27.7287
31.6309
28.6442
22.6275
24.6315
30.5855
35.8323
30.6081
28.4666
33.4985
25.1099
29.2408
28.8437
26.4535
28.3345
34.7869
28.3854
25.9062
27.5292
29.5297
29.9629
31.1571
30.5735
29.2529
26.0280
32.2187
28.4813
29.5627
35.0435
25.3846
28.3768
28.6487
30.4939
24.4006
29.2233
37.1822
29.3180
31.6163
29.5667
26.7584
22.3469
33.5803
27.6713
26.3464
30.8716
27.4834
24.5302
30.4532
31.4142
30.8777
25.2576
24.2298
36.1240
31.4146
27.6776
25.1247
24.9130
32.0468
29.6039
33.3793
30.8812
30.4121
22.6496
30.4059
36.7221
30.9804
29.6763
32.8408
28.2426
34.1808
28.6423
29.8917
32.6086
27.7812
29.4788
30.2555
22.8320
25.2748
34.1277
32.0734
31.2342
30.4845
29.9634
29.7017
34.2201
26.6574
26.2103
29.8400
38.4588
31.3456
29.6203
29.3802
29.2548
21.7658
32.8853
27.8310
24.9909
20.7157
37.3231
25.4806
35.2717
32.2612
28.3622
32.4115
36.5953
38.1636
35.4911
28.8561
26.5192
33.9277
29.0098
28.1186
30.5230
31.4424
30.8098
27.8387
27.8456
38.4811
33.4123
29.8678
24.7898
31.0985
26.8924
29.9703
30.6416
28.2063
28.2050
29.1293
32.8259
29.3444
30.3966
28.8464
31.3773
26.1988
25.2367
27.8230
25.2848
30.3417
28.1389
27.1595
33.0705
25.5488
30.7512
34.1428
32.2674
31.6934
27.0267
33.4495
33.4092
27.9413
32.6558
20.8147
31.7094
30.4031
30.2061
29.2665
30.6165
36.2377
33.3617
26.6920
27.4394
30.7458
27.4294
29.5907
27.3837
34.9028
31.6480
31.4360
28.9798
27.8386
35.8310
34.7716
33.7312
28.9218
24.4449
23.2319
31.2360
18.8749
22.7475
30.2323
25.7391
28.6061
23.4171
36.7580
25.7958
26.7952
24.9734
30.9889
30.8278
28.5505
29.0686
27.2221
30.0037
29.8366
31.8209
28.0377
28.6699
29.6437
30.1630
28.4406
27.1169
25.3767
33.6805
32.7556
30.7889
35.9996
28.8547
34.5038
25.4530
33.2138
21.9779
27.3700
29.0451
29.2013
38.3271
29.5237
28.5657
32.0655
35.6534
30.9628
34.7070
27.0244
28.5959
29.2363
29.0772
27.8147
31.5340
32.0109
32.2451
27.8612
36.5088
31.6693
24.9998
28.9966
31.2352
28.5101
35.8750
33.4461
24.9560
29.7126
32.1304
32.9792
26.5968
29.2346
31.6707
27.7735
33.3836
30.8889
29.1894
36.6676
24.4580
31.4006
29.3739
31.3829
27.1097
33.0805
31.4356
26.3685
31.0113
32.5862
30.7533
33.0560
26.0428
31.6019
28.3873
30.4349
32.6666
29.0627
20.5314
37.6398
32.7712
29.5414
33.7294
32.9149
30.5249
31.4103
26.1194
22.5399
24.9978
30.9114
29.7914
30.1267
33.8804
34.5799
30.2349
24.1556
31.3453
35.9254
31.2041
32.3881
22.7356
20.7477
29.8039
28.3360
25.0606
27.9057
30.0551
29.1663
32.3421
32.2027
35.5467
31.0156
29.8722
24.2136
25.6774
23.1801
27.1391
33.9792
24.5882
25.7903
23.7744
32.9087
34.5234
25.6036
27.1987
32.5450
29.0143
26.9960
32.8104
32.6976
29.7916
32.7156
26.4046
29.9901
25.5844
31.2772
33.6387
28.6872
26.0616
33.6108
30.3125
33.2423
25.3375
32.2325
31.5724
32.8772
31.1628
31.9267
30.5590
30.0551
33.0255
27.8152
34.9673
29.2053
25.0229
33.0969
29.8263
27.3487
32.6677
25.3422
33.4134
25.2090
25.0644
28.9595
22.9434
25.9380
26.3377
27.9767
27.8431
32.6925
29.4111
23.6022
31.9312
29.9616
27.7748
30.0279
29.7899
28.6070
34.3852
27.0707
31.5572
25.0638
31.9299
25.0731
23.7246
36.1461
33.2247
19.0722
27.4233
31.1998
28.9785
25.1552
27.7543
28.6933
28.1744
25.7357
29.0708
21.8515
25.5581
30.8497
29.6528
35.8047
29.0407
26.9424
22.0629
31.8032
33.9438
24.1172
28.7128
32.7792
29.9981
32.1929
24.3057
28.7800
30.3897
25.0764
30.5526
28.2424
29.8012
24.9267
33.0314
24.3510
28.3233
32.1034
31.5811
24.8881
34.7915
32.9699
25.9111
36.0432
30.8854
27.1491
26.1104
30.3570
36.1547
22.8845
24.4746
24.9336
32.5232
33.8288
33.8869
23.5897
31.4816
31.1046
22.4807
28.2124
29.2501
29.6615
26.6326
32.3681
32.2235
28.5277
26.3770
33.3393
31.2159
22.0777
30.5405
28.8486
27.1561
28.3281
30.0013
32.3776
26.7761
37.2267
32.2371
27.4566
24.7830
26.3935
28.1691
26.5801
23.5269
29.7829
33.5383
35.3240
34.3869
31.4994
28.7792
31.8237
25.5506
24.9831
27.2815
24.5630
23.5894
23.1805
28.6838
27.2681
26.9197
26.3693
27.2406
30.1077
31.1013
28.0959
26.6122
23.8394
33.1559
34.0307
30.2481
30.9015
31.1409
28.7702
27.0050
26.9912
23.0608
28.2561
30.9780
34.7906
35.6074
32.1064
27.6007
32.1610
23.4584
33.7476
32.6443
31.0077
28.1627
26.5938
31.8606
25.9949
28.6741
32.7024
28.7641
25.6796
29.6930
34.0511
35.1447
31.2499
21.2648
27.0910
28.8698
29.0698
25.4691
26.0333
24.6430
23.8217
34.4637
35.3498
32.9872
32.3643
37.2765
28.0996
28.5641
22.8880
30.7130
38.6356
31.1555
25.3751
32.5645
24.8293
31.2863
24.0626
33.0291
27.2720
24.8192
31.9632
31.3063
24.8789
30.0199
25.7291
28.8585
33.7361
29.8729
25.1679
30.7922
23.4012
30.1234
29.7300
33.6673
27.4036
25.6739
28.2780
30.7811
29.6679
21.9999
35.8649
28.6469
36.5786
29.6770
32.9217
21.1838
28.8741
30.2625
33.5409
32.5353
25.9172
26.9269
26.5970
29.3582
35.5743
31.5501
28.8442
28.5456
31.4380
32.5870
32.8049
29.2958
26.3580
29.2573
33.8735
31.9209
32.8969
25.0877
27.9249
25.8268
33.4473
34.4607
29.4919
27.2741
27.1609
28.1276
29.6984
32.3524
26.7640
35.1065
36.4294
24.7930
23.7040
24.4861
35.3565
30.7130
29.9811
31.7797
31.7563
32.1388
30.4952
21.6324
29.0198
26.5791
30.3991
32.2868
25.5430
28.7471
23.1922
30.7555
26.2712
31.4268
35.8525
31.8016
27.6104
29.7843
34.8229
25.5865
24.8504
27.9871
27.7731
33.9653
33.7661
35.6913
26.5562
36.2261
26.1763
33.1122
30.6552
29.9568
25.2123
23.7426
27.0531
29.9805
35.1171
29.5811
30.0829
29.8598
28.3493
36.4502
29.9906
34.5369
31.7593
33.1600
30.1128
26.0763
37.4844
26.9356
32.2197
31.9436
30.0958
32.0156
32.5356
33.6146
28.8170
27.7478
29.6148
28.2789
28.7215
29.5246
29.5058
33.0692
33.4762
29.4412
33.9596
23.7995
27.1095
28.6429
25.9019
28.0608
28.6017
30.1195
31.5325
24.4293
24.7450
27.7991
25.5206
32.4521
32.1229
21.4368
32.8239
33.8734
35.1045
29.6147
31.6290
26.2854
26.5483
32.1761
28.3591
32.2203
25.2931
35.5604
28.8308
34.4899
30.3918
31.6077
31.4259
28.7649
30.5524
32.9488
32.2810
26.5072
30.8722
34.3594
28.5269
23.4715
29.4087
27.4071
26.2451
32.1820
27.4668
28.4056
27.2528
30.5625
26.4072
28.9346
29.7460
23.5182
32.0981
26.7215
30.5123
26.8158
28.4728
31.3995
25.4981
27.7570
30.3934
30.1213
29.2173
25.4617
27.6818
37.5340
27.4089
23.3616
26.4252
23.8004
27.9339
26.5895
33.4313
34.5972
28.9856
26.9524
32.5695
25.5107
28.3045
23.0678
30.3739
30.7914
24.7232
37.0998
30.9201
35.4084
30.1630
27.6521
32.8945
29.6048
30.6675
26.5089
21.3657
27.1232
30.5696
20.4175
29.6669
30.6283
28.0392
29.5184
25.4788
30.7376
23.7307
27.1446
21.8630
27.7969
32.1576
28.6979
30.1287
29.0886
22.2880
26.2730
31.8398
32.5618
32.9838
28.1638
32.5364
25.3069
26.6420
34.9844
22.8790
30.3150
26.4368
26.8728
33.0414
24.1998
35.3985
21.6949
33.0149
23.9364
33.1346
34.3063
28.3687
31.9311
29.1163
37.0256
26.0548
32.2615
29.6612
31.1851
23.9845
28.1920
26.3129
33.0694
29.6575
34.7356
23.9689
26.3900
24.9513
26.9951
29.0031
29.3627
32.6556
28.4660
29.0823
27.7231
28.3569
25.4227
26.1955
27.1906
24.7537
22.2983
27.8649
22.9332
31.8832
32.4195
32.4342
25.6320
30.7496
27.7508
28.9382
30.8400
30.3377
26.5275
22.0098
26.4368
32.1736
31.3359
28.0774
30.5152
24.3928
34.7145
32.4146
34.6257
30.9756
29.0041
23.9574
24.1054
30.6698
23.3362
36.4404
25.3086
33.9629
24.8678
22.6041
35.2378
26.8434
26.7803
30.3536
31.7948
26.2294
37.6563
30.2073
32.5136
36.8790
31.7169
26.3250
29.2526
21.5818
33.7589
27.1529
29.6476
21.7971
30.5685
35.5398
24.7025
33.5963
29.8738
29.4146
25.8980
32.8514
35.3545
30.2466
35.4759
24.8724
25.6591
21.9661
36.5886
24.9073
29.6975
26.8429
29.3344
30.0766
27.6657
34.2079
23.0140
31.6509
34.2688
28.5985
27.8080
30.0998
27.6091
29.6812
30.2810
26.4475
34.6658
31.0780
36.5902
26.4099
23.8306
24.6106
27.6325
35.1096
32.2420
27.2758
31.9002
33.0440
35.5791
30.5964
30.9107
33.4038
33.2761
31.0741
31.5653
26.2891
33.6677
36.8838
27.0155
28.4525
24.3551
30.3933
33.9764
27.2506
31.7022
31.5395
33.1691
30.3060
30.9619
28.6551
29.5034
35.7601
25.7529
32.0781
30.0837
28.9133
27.8810
27.8438
30.7306
20.1169
31.3612
26.5306
31.2086
26.6206
29.6108
21.7172
29.2684
27.3281
29.5056
28.1935
24.9601
28.0354
26.9313
34.0703
32.9654
25.1735
32.2760
22.9889
29.0933
32.0242
28.0585
30.4709
30.1971
26.0618
25.6787
30.4908
28.5760
33.7274
32.3549
29.2249
33.2322
31.6457
34.9969
36.5412
26.9428
30.8984
30.1121
31.9865
26.4002
36.0062
31.0762
33.9015
27.4558
29.0938
27.4021
21.5955
27.7128
24.7269
24.4053
32.3132
32.0556
35.0805
31.5054
26.1381
26.1852
27.9699
37.4681
32.4981
30.3392
29.9257
30.9008
27.8559
33.9377
27.3276
31.7988
34.5198
22.8381
25.5478
29.9161
30.9852
21.4036
27.5287
25.5453
31.6381
31.1665
27.7960
30.0627
26.6587
32.2167
34.3904
22.0784
28.8925
30.2471
25.9293
31.7029
31.8849
29.4406
30.5985
23.6767
31.8087
30.8224
29.4749
30.6918
27.1257
22.8390
28.5489
30.9160
28.1691
28.4525
31.4923
34.2246
26.8840
28.1688
33.6722
33.7288
31.0150
28.0863
26.4211
28.3798
27.0194
27.0431
37.8769
32.1262
23.3473
25.4670
25.1613
27.6882
28.4314
25.6724
28.5787
25.3555
27.3409
27.8888
32.1192
27.9948
24.7425
31.4461
29.9313
29.0344
28.8254
31.2860
33.1445
31.6907
31.6903
29.3910
29.6640
28.7379
25.0764
27.7451
29.5181
25.7084
27.5829
31.1317
35.6377
32.5164
30.5124
26.0891
25.0389
24.1872
28.5559
33.2693
27.9029
27.4561
29.3738
31.2519
30.3073
32.6850
32.5524
33.8509
23.4704
35.8171
30.9829
30.7243
30.3256
25.4140
28.6096
26.9606
25.8583
27.4109
26.7519
23.1024
29.6979
27.6337
27.4719
26.3112
34.2579
35.6343
24.9129
30.0049
34.9440
28.7015
31.7850
30.8839
30.0538
28.3517
27.0172
29.0056
26.4834
32.1625
28.6614
25.9640
28.9961
27.7099
32.9913
29.5816
27.6669
33.1830
27.6579
34.4489
27.5730
26.4420
28.5201
32.7060
30.2818
31.1395
30.9489
26.7232
25.3854
29.4697
26.3110
30.2793
31.1464
30.4928
28.7067
31.2310
27.2459
33.5011
25.0966
27.4255
26.1654
29.1194
33.7730
28.9314
31.1635
27.1757
29.7503
29.0019
31.2781
29.1298
33.4474
35.3864
22.4053
25.9645
30.7531
23.8555
28.7032
34.0872
32.5978
23.0928
27.3297
27.9319
30.0590
25.6013
33.8912
29.1837
27.2617
38.5964
24.5703
25.7468
34.7353
29.0283
29.1822
29.3205
35.9589
30.3430
27.4558
32.3201
31.0889
22.2186
28.7468
30.8407
28.6882
30.2421
29.2252
26.0819
27.5662
27.5503
28.8987
35.6017
24.5337
29.4959
28.0003
26.5040
25.8314
27.8237
28.0351
25.7958
34.1041
28.5540
26.9234
23.0970
32.5918
28.4829
28.5296
27.0076
31.8905
21.1005
30.8772
21.9935
25.0453
25.8575
28.2979
32.6370
31.5850
32.0574
25.0925
19.8159
27.7186
25.9981
30.2951
28.3064
32.6597
27.6533
29.4823
26.1850
34.8094
30.7704
34.2463
28.0750
29.4592
32.5177
34.6964
33.1038
31.3135
29.7865
35.9820
33.8638
25.1429
34.1418
27.4216
27.9533
31.6567
29.2614
25.5528
26.3254
24.8615
29.1091
32.2895
22.2123
32.6320
27.3436
25.0969
21.2957
29.1978
26.5149
26.3059
23.0633
34.3966
28.2425
25.2556
28.2262
27.6918
30.9363
30.8135
31.3091
27.2307
32.9491
34.6301
29.3032
29.6385
29.0500
32.4028
30.1457
31.0734
25.8743
28.4586
23.0932
33.6437
28.1412
27.8895
34.0272
29.1991
29.2958
26.9322
27.7698
35.3776
34.2324
30.8046
26.3109
31.6623
33.3242
32.8700
29.5945
28.8718
31.1753
31.5608
34.7465
24.4882
24.2352
33.9121
32.7352
32.8101
23.4909
29.1879
30.3351
26.6175
37.1195
30.8767
32.0643
33.7659
31.7454
30.6502
29.8395
27.8029
30.7628
31.9344
27.8588
28.8376
28.9661
33.1830
31.8099
27.2249
29.6710
33.8728
32.1323
29.1817
26.6778
29.0244
34.3561
31.0167
25.0847
28.3209
31.4487
31.4337
31.4436
25.3378
26.9118
34.2647
29.8039
24.9008
34.7327
31.8587
33.9881
28.5994
27.3834
29.4214
33.4551
29.8107
29.9214
31.5275
25.3936
34.5574
33.1764
30.2744
32.4915
26.6489
27.9856
22.7249
30.9578
27.9048
29.5837
32.7701
32.0996
27.1200
29.9111
29.1840
31.1550
24.2918
26.9824
34.2967
39.5496
29.4292
28.9254
28.0772
34.4467
27.0311
35.2220
25.7741
25.0215
28.8955
35.0422
29.3067
33.4325
32.6765
33.3082
27.7901
29.2078
25.8120
30.9149
26.8020
33.6338
32.8381
28.7367
29.0661
25.5303
27.6538
29.3906
31.2126
29.0396
35.4857
33.2662
29.4902
35.2634
35.3434
25.0419
33.7963
27.8598
33.4443
27.2170
21.7692
27.0331
30.1800
34.0148
28.4234
28.0612
33.2250
27.7823
30.5700
29.4341
27.1206
35.1659
30.0951
28.3178
23.6777
25.2620
25.6982
29.6836
30.9286
30.2108
27.3115
27.9461
22.5358
25.7403
23.4663
30.0335
30.2594
26.8490
23.7662
29.0425
23.4267
24.1554
32.0519
29.4453
25.6701
32.7465
27.4278
31.2829
38.3706
31.8715
24.6716
24.1721
26.9144
27.3924
32.1661
30.4876
29.8358
24.7844
21.1174
29.7153
22.6729
20.5674
27.7944
29.6254
24.5245
28.6619
30.6975
31.3384
32.2787
33.5093
33.6666
26.0488
24.8952
35.9292
34.5495
29.1332
24.6070
33.0409
28.0302
33.7845
34.1918
31.6344
30.6105
26.6954
35.0460
25.7220
34.8219
30.0190
30.7678
28.1596
33.9766
30.0238
27.9474
33.7704
27.1682
28.8193
22.9515
28.5966
23.8041
33.9465
32.3758
30.5991
29.4708
32.2539
24.7275
23.6004
36.9351
28.3421
31.4170
31.6964
32.7157
28.5605
30.0388
28.9676
34.1099
28.3799
28.4424
28.5285
31.9009
23.8998
32.0352
24.5948
24.7494
24.2796
26.6459
26.8237
36.3806
32.2847
23.2474
23.9023
26.2641
32.0377
30.2231
26.1630
32.1456
26.3694
24.8365
28.4915
32.2516
29.6832
30.8174
27.4100
23.9337
30.5811
33.0533
31.8800
25.8203
27.7899
32.6304
32.3032
35.8382
30.1307
35.9998
30.4059
30.9007
25.1053
34.0401
30.8748
32.3073
29.5930
35.5923
28.3500
26.8305
24.8060
28.3986
27.2597
30.4346
29.3705
34.1265
31.4984
29.3709
33.9022
35.0050
30.9665
28.3105
28.0457
30.6118
32.3876
30.5139
34.7797
33.1637
30.5268
29.6692
31.5243
27.0010
26.9655
27.9879
27.7470
38.6600
31.5491
33.9411
27.0536
28.5056
36.2421
35.1154
31.1682
32.3729
35.7188
27.8310
25.8900
28.1617
31.7740
31.9694
29.2275
30.5085
31.3884
29.7535
28.6232
28.5823
24.6190
21.8534
23.3939
28.3826
25.7435
32.6163
25.4048
22.2064
25.2946
24.9569
27.9967
32.8512
32.7322
27.9943
25.6989
24.4999
23.1761
26.8795
32.3560
31.3012
29.4565
24.9848
26.4644
29.9315
29.5908
26.0790
29.7401
33.2068
23.9097
32.8583
33.7704
25.0527
24.8611
25.7231
28.8513
25.6839
25.0294
24.3250
27.6704
30.6445
31.0684
25.8306
23.6524
27.9875
34.8425
28.8614
33.9705
32.3958
36.2588
27.7891
28.6808
33.3509
30.2954
27.7396
28.9471
24.5926
31.8128
34.9509
33.9956
24.6482
34.2700
27.6054
29.1265
31.6080
33.7316
29.8582
29.3746
27.0846
24.5762
26.2451
26.9994
22.7431
34.5537
32.0003
35.1046
25.4852
23.4783
32.7001
25.6975
35.3627
33.2093
25.5175
32.4221
28.0052
29.0676
30.8750
35.1540
29.8073
32.4988
30.1924
26.4976
35.0210
31.1888
31.5648
32.7196
25.0576
31.3354
26.4880
34.0544
29.6784
31.5567
29.3137
27.8155
28.8777
26.6003
32.6700
28.5602
25.5436
28.8617
36.4026
34.3032
27.2312
37.9243
35.6078
27.2009
27.3898
33.6507
29.4959
26.7082
31.1725
32.6019
36.3096
34.2739
25.6006
29.8237
28.3027
26.3864
28.6946
37.3401
32.5112
22.5574
23.5744
29.0514
32.1230
33.2206
27.0863
31.9017
30.0383
33.0806
32.1038
28.2934
30.3929
33.2318
31.4318
29.1480
33.6007
25.8701
24.9729
30.7241
35.1773
33.3278
33.0167
29.3526
25.5965
31.1696
25.2126
31.3621
29.4061
29.6104
32.2197
27.7685
30.5403
26.7495
25.1616
23.3760
29.0510
25.2670
33.9271
29.0655
25.9855
22.9706
33.1689
24.5935
30.6985
31.5794
30.3344
33.2242
28.4738
26.4308
34.8276
30.0407
25.7274
25.9974
28.8583
24.8180
30.9050
25.8039
29.1888
35.2418
30.2995
29.6354
30.0539
29.4906
25.4052
37.4575
26.3842
37.3891
19.9824
28.0778
25.9774
28.3534
27.3050
25.2730
36.0757
29.1631
29.3365
31.0547
28.4432
25.4427
31.7421
30.5896
23.8665
26.6216
29.2274
22.8967
31.7040
32.8101
31.8496
25.0583
39.6564
28.5453
30.5166
34.9660
29.0696
30.0459
26.9352
27.4232
35.9753
32.5164
26.9710
29.7823
25.2705
33.2280
29.3371
34.4049
31.2101
35.8833
27.6727
33.5443
25.5370
30.8301
28.9351
34.7289
29.3301
26.6639
31.1129
34.3632
32.8726
27.1649
29.2655
33.3085
31.1150
26.4046
32.5108
30.3181
24.3504
28.4090
30.8214
35.4255
34.0922
26.3244
27.5552
34.7883
34.7943
32.0773
30.4116
28.5559
23.5730
29.7597
27.5639
25.1560
37.2303
24.0448
29.7109
29.7387
32.2001
32.8823
23.9391
21.6291
22.2904
30.9925
32.6411
28.8708
25.9476
25.9803
28.3721
31.0756
29.2494
24.8306
24.0815
23.8833
24.1272
24.1854
23.5742
30.9514
32.9174
23.5805
32.8514
27.6033
28.4560
25.8533
24.6011
35.2067
28.9767
30.8828
34.7092
31.7420
25.9619
30.6563
28.2646
33.0267
32.8120
28.3091
29.6445
28.0033
30.3220
31.7732
33.5267
29.1645
26.3780
28.8887
32.6600
29.4443
32.9567
30.2751
31.8937
29.8094
32.2954
31.2541
27.2574
31.1276
29.2615
29.4158
30.4974
31.8624
30.1528
24.1916
30.9534
29.1441
33.1369
29.1785
34.5838
27.8185
25.9038
29.2563
25.6683
28.3205
23.2679
25.7066
35.4181
31.3514
27.7650
28.8101
33.4409
26.4089
32.5478
33.8003
27.8973
29.6283
30.5225
27.1495
22.3374
25.2635
34.8090
30.7024
35.2235
32.4634
33.1518
33.8705
27.5724
22.5710
29.1789
29.4960
33.1020
28.1026
33.1769
23.1980
36.0334
32.6519
29.9153
26.4630
30.8347
33.1694
28.1256
23.3857
26.9333
31.4680
28.7208
19.6255
30.7108
33.7618
33.4505
29.7181
29.7834
27.8696
27.7149
27.0841
25.0885
29.9832
33.1460
30.6897
26.8518
27.4631
24.3748
30.4971
28.9972
32.1544
36.2797
29.6155
27.5564
34.5757
32.7768
33.3116
26.4988
29.3015
28.2588
28.5607
28.4131
24.4522
30.0898
27.3622
25.8512
31.8956
26.1224
26.4762
26.5073
29.0289
24.6084
29.0600
28.4594
27.5448
24.5572
31.8245
28.1794
32.3088
23.6631
24.4117
27.1305
24.2859
25.7878
29.2200
31.0790
31.3200
25.3926
27.5685
22.8595
28.1007
28.1315
29.1303
25.7815
28.9556
24.2492
36.8423
27.4978
34.7499
30.5325
24.7210
30.0007
33.7495
29.6315
26.7414
24.2481
28.1674
31.8524
19.9897
23.0733
34.9353
35.3212
30.0149
27.7015
26.1752
31.6973
27.0002
31.5160
33.3090
23.9078
29.6952
33.3323
25.9431
31.9955
24.2585
33.0353
31.8173
31.2676
35.5226
31.6837
28.0266
31.3126
29.5782
31.5974
26.1616
34.3652
33.2728
33.5452
38.1329
37.5067
30.3872
27.9070
27.5257
30.3379
29.8259
38.2930
35.0245
22.6221
23.9420
28.2051
28.9855
32.1756
32.6904
26.8513
30.1356
29.9418
29.0510
26.5355
27.8541
26.1660
28.1849
30.6195
24.4519
32.7561
35.3803
28.7386
32.4760
24.6773
28.3540
24.6821
28.3200
28.7304
24.5989
32.8928
30.1732
35.1722
27.0197
28.7699
33.7388
28.2202
29.5899
22.3398
27.8809
28.5234
29.6488
28.0173
30.2187
25.2002
23.0237
21.4754
31.7966
33.8540
22.3057
23.4298
32.7956
33.1017
24.9576
27.5601
34.0566
38.5876
29.3326
31.3168
26.3917
29.8998
27.4774
31.0776
23.2875
37.0526
34.3650
26.3542
36.8329
25.6847
24.3201
30.0721
32.7673
25.8743
24.9722
22.3632
34.6960
27.2684
24.7728
29.7420
23.1760
27.0607
28.9282
27.4110
32.5493
28.5231
33.7993
25.3963
26.3238
25.2337
29.2618
27.0921
33.8969
30.2543
25.6604
31.0719
28.3980
36.4520
28.7039
32.4268
25.6518
30.5233
32.0934
27.0279
30.5916
28.8101
33.2762
24.9266
28.9764
23.9526
30.5637
30.3772
34.1379
24.6396
33.8225
25.6049
21.3269
29.5615
26.4581
34.3781
27.4694
30.3508
30.9599
29.3843
29.3999
31.0015
29.2785
24.8391
25.2729
31.0603
25.0601
25.9080
27.3557
32.1046
28.0483
27.8911
30.1595
25.3709
33.9075
28.7588
30.6731
33.6876
34.2548
27.3138
32.4444
37.1305
20.5854
30.4364
25.0892
33.2107
29.7991
34.4501
22.1391
27.1893
28.2257
21.8373
28.2912
23.4537
23.0730
21.3833
32.2478
31.8323
29.0781
23.1554
34.2632
23.1779
24.9874
28.4835
23.8618
27.9226
25.5858
26.6888
29.0477
26.1534
34.4804
31.3428
26.2260
30.7119
31.7983
28.1079
33.6783
29.5839
28.5085
31.5945
27.6888
28.2698
27.5188
22.0037
23.6882
24.8392
26.1899
33.1917
28.6240
28.3119
25.4898
20.8428
27.5022
34.0578
26.8292
24.0113
29.5813
30.3665
32.8502
34.5711
32.8783
32.3598
30.9434
33.5241
30.4154
30.5831
28.5313
30.7036
32.0191
25.5105
25.8261
33.0529
28.4092
32.1777
28.6664
34.5256
33.1669
35.2164
31.6090
26.8707
26.4099
32.6793
36.3505
25.8812
26.6621
29.5142
32.3488
25.1765
26.6902
29.4368
31.2592
27.3729
27.6112
33.5468
28.5844
23.5718
30.3915
26.2128
26.8344
27.2017
30.6480
32.6926
29.7431
29.1844
30.0503
29.6764
28.3010
30.1461
26.7904
26.9962
30.3638
33.1390
22.3777
32.5693
25.4199
28.4028
29.8991
29.7105
35.0166
29.0401
25.2891
26.6275
24.9957
24.7342
33.7074
34.1871
31.7128
27.1804
36.0199
28.0162
22.0909
30.1864
24.3267
25.4073
31.3957
30.5774
30.3567
33.6461
28.3486
24.1654
33.8788
31.2641
29.6519
28.7637
21.2583
29.1862
24.2710
28.2703
35.8492
33.2511
33.9220
38.6435
29.4568
33.9020
27.9795
32.4921
32.4032
36.7869
19.9504
28.0778
25.4336
25.2087
28.7542
20.5931
26.5324
27.1425
34.6474
32.0311
32.0684
33.8733
28.2054
25.3291
33.9779
33.9132
28.0643
27.5471
28.9837
23.7532
33.6536
30.5519
26.0803
23.8714
26.3628
28.2588
34.2443
25.2287
32.0142
34.5827
30.4069
27.3746
36.4173
33.2403
29.8137
27.9498
27.5143
28.4038
30.6428
32.1100
25.5731
27.9737
29.7254
22.7650
25.6926
31.8197
24.8710
27.0998
32.9263
36.5041
25.5619
30.5342
32.9476
36.5844
34.4117
29.6340
30.2134
37.5997
29.0927
29.1675
30.5869
31.9085
26.0324
28.9699
26.5495
30.4471
27.2469
34.8474
26.3140
21.1264
28.7180
36.8064
25.4060
33.6130
27.3311
30.7988
24.6590
32.1383
35.5145
27.4453
31.1538
36.0455
31.0610
28.8459
25.9255
29.8233
28.8460
22.8624
33.2001
29.8870
25.2664
23.4988
28.4887
30.9366
28.4215
29.9181
27.2381
34.9352
28.1170
35.2580
24.4822
29.4501
27.9718
27.5452
30.2765
27.4526
27.6489
30.9278
26.6810
26.7882
30.2799
23.9555
24.9538
30.7875
33.3422
25.4419
31.3776
26.4980
30.7648
28.4588
32.3509
30.7322
28.2778
26.3128
34.2158
31.3841
32.5143
28.2102
28.6704
31.5889
29.8723
31.7680
29.8495
26.7387
36.4848
27.5280
29.6354
30.6743
28.5422
26.7463
35.2582
29.1045
30.8773
33.2451
24.8483
31.8950
26.3582
29.8219
25.6698
28.4040
33.3231
33.4930
29.2570
23.7066
32.5690
30.6148
31.9725
32.7128
35.4353
32.1521
23.6794
29.3009
25.9820
25.9269
29.1043
22.7739
29.0072
30.6105
33.5172
25.6443
30.5771
24.7681
30.4219
30.2059
30.3342
33.8449
34.0911
31.8092
31.5143
34.3131
23.0740
28.3369
28.7400
35.3577
31.5004
30.3626
39.3809
34.7190
29.1545
25.2906
26.4429
35.7114
30.4329
32.1372
33.9302
28.0489
34.0957
30.2283
31.9669
27.5374
33.9322
23.4684
31.4732
34.5507
29.8530
24.1957
32.3418
30.4085
30.3643
30.6136
28.9572
33.2965
28.6480
31.3906
24.7108
30.4431
31.8295
25.7060
28.3324
22.1194
31.4474
28.7447
25.7683
26.7893
25.0681
28.2029
26.3305
29.4643
24.4830
28.1150
30.6208
25.5279
30.5278
30.3695
27.9379
26.6405
31.9577
27.4286
22.2440
30.1708
33.5031
27.4152
33.2052
25.5996
27.3998
30.9805
26.8184
23.8627
23.6563
28.3504
33.7408
27.9511
32.1831
25.2758
28.0767
29.4914
29.7475
35.8331
33.8131
32.2971
28.3691
31.5342
27.9099
25.2102
30.5569
25.7568
32.1024
33.7731
27.8310
26.1776
26.1058
27.2906
27.5534
33.4304
24.7076
28.5092
32.2163
26.1175
31.4490
33.1662
31.6507
29.2531
26.1316
30.2937
25.1179
27.2613
25.4933
31.9555
34.3502
30.7408
34.1218
34.2047
26.5285
24.5847
29.6115
28.8562
32.5293
29.7553
28.0363
28.9330
27.2413
30.9518
27.3840
23.9653
24.2589
28.3542
31.5723
28.0393
25.5504
30.4973
35.7845
32.1458
21.5982
26.3457
33.6928
30.4638
31.1635
31.7628
30.8040
26.6701
29.6382
34.3179
26.1191
29.0597
30.3503
31.6680
28.6378
28.0185
26.6266
30.0902
28.2615
26.5252
31.3245
24.3221
36.3769
28.7971
20.6593
26.8767
30.7022
24.9846
28.3552
26.9067
30.5807
25.7974
27.8109
26.9235
31.0282
27.9877
32.6865
27.7175
29.4802
25.8705
27.2185
33.3907
27.9933
30.7769
23.3722
29.3786
23.7302
31.3499
30.4022
29.7641
32.9321
35.2142
29.0739
26.1809
29.4031
23.8778
25.1536
23.8345
24.4005
25.9226
32.1572
26.5088
20.7008
30.0917
27.5121
32.5998
32.0867
29.9488
29.3412
27.8213
28.6784
25.3862
29.5173
28.4968
26.2704
23.3907
29.4120
26.0469
32.8672
28.1052
29.5492
29.9608
35.2296
24.6408
21.1548
26.7783
29.1884
25.9191
27.1925
24.8317
35.0862
26.4543
26.1151
27.2950
33.0148
29.8764
25.4112
29.3216
29.2528
34.3007
34.8497
29.1077
29.4023
25.6699
31.3591
29.5052
28.7759
23.7817
30.2914
34.4939
33.5019
34.0224
32.8232
33.2205
25.6934
28.9229
27.3110
31.7245
31.5753
27.7774
35.6512
34.0386
31.7031
32.5099
25.9261
35.0570
30.3113
30.8321
30.8975
27.5552
26.3135
24.2193
25.7884
26.5680
34.3279
33.7927
33.2201
27.1736
29.5865
35.5844
31.2217
23.6672
23.4466
29.9158
31.0449
24.8599
26.4601
29.4708
34.4561
24.6862
27.2228
35.3979
31.5261
28.6290
30.0997
30.3334
26.6188
28.4101
24.0032
25.3984
30.6473
29.1607
32.1013
34.7326
26.4637
25.2109
23.6119
28.1154
29.3629
26.3950
32.2130
22.9191
31.2761
25.4876
36.4978
22.4807
28.7162
31.2689
29.3899
26.2882
28.8532
29.1464
29.7977
33.7748
26.3810
31.2099
29.5935
22.5059
21.1785
30.8942
22.7630
23.0805
24.5424
35.1797
31.9706
23.1852
34.4635
20.8538
26.6951
27.4952
24.5444
23.9423
29.4737
37.4489
27.7379
29.9900
29.8961
25.4791
25.0303
30.6001
29.2451
28.2815
29.1465
30.0673
33.2800
32.3006
27.5927
26.8224
26.1443
23.3149
26.4362
26.0938
31.7619
24.6947
31.8896
35.2181
34.1423
30.7142
31.2962
29.0236
25.4545
28.5891
29.6718
32.0455
29.3777
32.4820
29.0157
29.0230
27.4322
32.1951
25.7816
33.4407
28.0075
24.5741
29.0147
28.9226
31.6771
27.0004
32.4976
32.9647
30.5755
29.3008
27.2089
27.4699
32.1169
30.1984
25.3588
24.8271
24.3159
25.4484
25.3403
24.1375
34.5778
29.3726
35.6019
34.0885
27.7860
29.3217
27.1816
33.1217
33.9927
26.3938
25.8484
29.0002
26.0225
25.0219
25.5785
30.0136
36.8340
26.8408
29.8276
25.4677
32.0794
30.3286
27.3543
35.3034
22.8126
32.6794
31.0579
34.2210
33.8315
32.1133
30.0993
23.1905
30.0777
26.6864
24.9991
23.9532
30.4053
27.4318
24.7549
32.3798
23.3260
25.6657
21.7899
30.5189
34.3716
29.4195
29.7001
35.2124
32.7464
28.3789
26.1157
36.4949
28.8149
28.6291
24.0717
26.7642
27.7137
26.6089
30.1347
32.4226
24.7289
28.2807
27.7778
28.7332
38.1415
28.9332
32.8270
32.1812
24.1274
32.9262
30.2342
26.5061
33.7884
24.1164
29.7961
24.6838
29.9684
26.9802
37.3248
26.4059
31.4237
28.3656
30.0277
32.2815
27.4704
27.1605
29.5709
28.9608
31.1488
32.7263
30.1766
32.6544
35.9307
28.4846
29.6050
36.5022
24.7823
31.3256
29.8278
30.2048
28.4901
30.1412
28.9070
28.2454
34.6884
30.5106
31.6957
27.8060
32.0404
27.4945
27.3129
30.9044
29.1613
24.2635
31.9081
29.8251
30.5600
32.2472
28.7741
29.6379
28.3530
30.0678
28.4811
28.9375
31.1496
32.0314
26.4378
26.1814
25.9383
22.9639
26.5264
28.7556
25.0162
31.4742
28.2035
29.5789
27.7683
29.5395
24.9237
36.1530
27.8517
26.4128
25.0624
27.3123
27.1598
29.3311
31.0602
25.4865
25.4813
26.5627
27.7065
32.3355
32.0231
24.7482
29.9836
29.3565
33.5909
27.6422
25.9261
26.5066
32.3484
23.6469
33.6431
25.1182
26.6907
29.5870
33.2295
24.6829
34.5113
29.7077
34.0425
27.6824
33.6471
26.3359
27.3330
26.7409
32.8467
26.0220
31.8220
24.3519
25.2148
30.7120
32.8948
28.0244
25.0675
31.3246
24.8082
32.4327
32.4259
31.9497
25.8007
26.9080
24.6535
30.8697
31.1357
33.1846
25.8809
39.6057
34.8011
28.8158
30.3970
25.8000
30.4576
31.8212
27.4276
27.0654
26.8534
28.1676
26.0021
31.5139
31.4149
31.4965
28.1997
33.6944
27.6165
30.3656
33.6216
31.0274
28.0310
29.3734
27.4629
31.5279
29.2247
25.3811
33.8001
26.8551
36.7777
29.2302
27.9439
29.3531
29.0863
24.7113
29.9078
34.1698
29.2257
28.7956
32.5559
22.2894
31.8252
31.9260
26.5188
30.4901
35.8330
26.9856
25.1209
24.7062
24.9524
23.0582
25.9300
28.6376
31.8628
35.3327
30.8474
30.0168
29.4346
32.9500
34.8520
35.0057
28.3370
25.3319
28.8832
30.9136
23.5496
23.0115
30.9987
29.2941
22.4632
30.1729
26.3735
26.5923
30.2525
30.1465
25.8770
27.5572
31.6263
28.2870
24.1375
25.8592
22.7364
29.5723
34.3738
25.0686
21.8333
25.8882
25.2176
35.3040
33.1947
25.1129
29.2859
34.0375
30.5455
32.0758
25.6723
30.4304
34.1304
34.9346
28.4827
27.7688
26.3847
27.7881
31.7803
31.0668
38.5246
34.1645
28.8211
28.5179
27.8565
28.5103
27.4483
30.9954
24.5460
30.7659
26.5826
31.4242
28.2498
30.4701
30.5644
25.9056
33.5403
25.2024
33.4336
32.9320
31.9615
28.6497
25.4441
31.3650
30.5264
29.0964
32.1394
33.7821
35.7829
32.0320
26.9864
23.1991
32.4673
25.7623
22.9516
32.5983
30.2704
30.1130
29.1624
33.4318
26.7969
28.3483
33.5654
27.0450
26.3837
23.9033
25.8056
30.1249
31.1190
26.3676
33.3204
26.1140
33.0965
36.1118
26.5878
31.9358
32.2220
30.0601
29.7867
21.1199
26.4094
27.5928
23.9271
25.1410
30.8920
35.6436
31.9418
27.6446
27.6242
32.5559
28.3288
27.0887
29.0198
30.4325
33.7288
23.6606
39.2630
30.3618
28.8641
24.6253
28.2822
35.6312
30.0937
25.5065
31.1517
31.2854
30.5966
30.6698
29.0127
29.7415
31.0721
29.0541
26.4337
29.0124
31.0286
25.4519
26.1359
30.6005
30.8358
30.5885
23.1415
26.6881
37.1849
24.0627
28.6902
32.5589
37.7353
28.8744
29.6644
25.3884
28.4871
30.3660
32.6143
23.6732
27.8945
29.7039
26.9853
28.1736
28.5047
25.2069
32.9976
36.5190
29.3808
33.3658
28.8387
24.9449
25.3878
28.0351
33.0483
31.9272
29.6452
32.9200
29.0573
32.2142
34.0467
32.7777
26.1017
28.1140
32.9245
30.5901
30.4062
21.4951
21.2221
29.0140
29.5713
31.4218
26.6264
23.5793
25.4868
36.4056
36.4064
30.1737
32.4207
27.1399
34.6133
31.2993
27.4093
31.1138
29.6496
29.6922
36.3721
23.6995
32.4271
28.1590
29.2710
33.0404
31.2890
27.2842
30.6107
24.5162
27.8798
25.3409
27.5367
27.8326
33.1746
30.0760
32.5386
34.7188
29.6448
34.3078
35.1783
32.2953
34.0653
28.1194
28.3789
28.0332
23.7168
26.8207
26.8418
34.0693
35.5687
30.6480
32.6935
28.7799
35.6940
28.2614
29.6866
28.7633
27.0579
34.2208
24.7377
32.3157
34.6149
30.4851
30.8219
29.1463
33.6274
32.0306
25.7729
23.1746
27.0362
37.0499
34.9875
25.8674
21.2690
30.1284
32.7597
29.3912
25.9380
26.0388
26.5659
26.1169
27.0872
33.3501
32.5565
24.6795
35.6393
25.3846
31.7227
25.2963
25.9382
23.1698
24.6207
23.8903
22.0461
24.7931
27.9827
30.0712
31.4777
32.6214
32.9606
29.0747
27.4573
30.4202
30.7130
26.3103
27.4523
27.4643
33.2706
33.2108
35.0332
23.5256
28.7168
36.7929
28.5371
23.6996
26.3235
34.9044
30.8987
25.2769
28.8395
32.2364
31.4687
30.0523
32.6808
33.5706
27.8064
26.3793
25.5698
26.7210
28.9843
30.1219
32.3513
31.9655
30.7994
33.4376
29.9306
27.1616
33.9009
28.7992
32.8423
33.0936
29.8018
24.2350
31.7715
29.8942
29.6791
31.9982
31.1623
28.2801
28.3926
25.4370
32.6811
29.3207
27.9840
29.9281
28.7469
33.3729
26.9673
30.5047
27.8573
30.0481
29.8580
26.5012
28.4504
31.6035
30.8256
28.9090
21.7509
23.6373
35.3811
25.7410
30.2436
28.1689
32.2347
34.2712
25.7484
25.9663
26.8467
29.8856
31.3454
32.8615
30.6266
24.6882
33.5612
32.8234
29.8180
30.5701
21.1304
26.0131
23.7322
27.4119
26.2218
23.2939
25.0863
28.0615
28.3888
28.2190
26.6790
29.2988
35.7522
30.6567
28.9569
26.1974
24.6074
27.7507
34.5718
32.8872
31.7461
27.9843
28.2589
25.5191
29.9724
31.5863
25.4270
31.4300
20.5095
25.2545
24.2909
32.5883
30.0162
36.4186
29.4865
31.4814
33.0220
33.0411
27.8001
34.8421
33.7737
26.5359
26.6004
27.6267
24.6078
24.2823
34.8146
28.5726
27.6604
25.0639
33.5670
34.8286
33.1651
27.2768
29.9866
28.2201
28.4513
28.1057
31.0480
33.2197
27.2767
30.5112
31.3279
30.5280
27.2097
23.3034
23.8055
26.4605
28.8112
27.5855
33.6500
35.7709
28.6765
19.2341
25.5879
30.3070
29.3402
27.4411
32.1164
31.3202
37.9151
25.6047
29.2864
27.2712
33.6648
32.7276
26.7098
26.2463
25.3446
22.0384
25.8341
31.7723
26.5352
28.2994
26.8430
22.9222
31.9372
27.8636
31.9721
25.2921
27.1844
30.1899
34.4791
35.0716
27.0162
25.9932
26.2973
27.5212
28.1035
26.5254
34.8918
33.4128
26.9293
29.8622
26.6655
32.6301
28.1711
27.2007
30.9037
37.2940
28.2306
34.9006
32.5890
30.6800
27.4047
21.3865
25.7651
26.9981
27.8814
30.1249
27.5043
34.9248
27.9749
30.7699
28.4422
27.8778
32.9857
31.0255
36.9875
31.4505
29.4195
34.1795
29.7766
27.5920
36.6404
23.2004
26.0567
33.6885
31.8285
25.9037
26.7890
33.2745
34.6913
30.9269
26.9106
26.8081
26.2808
27.8860
31.2129
34.0985
27.6015
29.4264
30.7829
36.4446
32.5503
27.3371
32.5763
25.8761
23.2695
26.9599
36.9949
23.3924
28.4573
29.7723
33.3120
28.4170
31.8094
31.7509
27.7508
27.7779
28.8339
33.6774
27.9223
30.5110
28.3135
32.1839
27.8046
30.8585
29.8437
32.9427
27.7004
28.5248
29.7395
29.0108
34.2960
38.1296
29.3605
33.1602
29.8463
28.0563
28.3264
29.2431
26.3472
33.0870
36.4563
29.3582
34.9716
32.5853
27.3628
29.7646
34.5522
26.0559
31.6612
26.1539
35.4108
28.7175
24.8712
25.9809
23.6953
26.7814
32.3301
32.1720
24.0935
29.1081
29.4306
24.8489
31.9849
34.4167
31.3462
32.2440
26.6209
23.2201
28.8585
25.6978
32.1791
23.3815
37.8116
34.1302
33.7125
34.3577
26.3194
27.8346
29.9210
28.9249
30.6969
34.3942
30.0268
30.3499
30.3506
34.7095
29.0411
29.3607
24.1697
33.8145
24.9062
21.8660
27.8326
24.7676
29.6303
30.3471
32.1781
26.5470
24.8481
34.8566
31.7546
30.9535
35.0797
25.5121
32.0784
24.9796
32.9967
33.3587
29.1023
25.2154
23.5672
32.1800
29.1586
31.6374
29.4685
28.3594
27.0781
28.9974
27.4842
34.1318
26.7225
24.9474
29.3215
28.5847
26.1557
35.9436
32.1782
29.6498
31.7210
29.1966
31.9635
32.6141
27.5721
28.0315
21.7429
28.6624
30.7883
25.4708
35.8047
35.3864
28.9668
24.7471
29.2234
27.7430
27.5585
33.3064
35.5726
22.4398
29.2805
32.9376
31.9183
33.2230
29.4543
33.6788
27.5580
29.9469
27.8106
30.3999
35.9940
27.6747
25.3140
30.2718
28.8879
36.4758
38.4606
35.8797
27.4344
33.0544
23.6406
30.5385
27.3949
31.5905
32.2500
33.2410
26.8560
28.9533
32.7611
35.0347
28.9581
31.5985
30.9696
27.8655
29.9137
31.9855
34.8368
24.5979
30.2224
27.2854
27.4871
31.2392
26.7300
25.5723
27.9199
27.2029
28.0021
26.9522
26.7266
31.3503
33.3868
30.7157
29.4117
28.1813
22.8177
29.3405
30.6446
34.9450
29.2950
20.3231
22.3914
26.0564
29.1207
20.8327
28.6052
27.0511
32.2705
30.3500
31.2742
32.2756
30.8427
32.1082
35.1447
34.4826
27.3218
27.0832
33.3681
32.0800
36.8626
26.9957
25.8931
35.7030
31.7836
32.1467
27.6637
37.6733
28.1899
27.2289
28.2907
31.3020
31.5495
34.6185
34.2060
35.5438
31.8025
28.3722
29.0117
26.7525
28.9855
29.9943
30.3009
26.7922
28.9161
27.6301
25.9837
26.1533
29.3403
27.5870
29.0249
28.7509
29.8762
32.2500
31.5438
29.2828
22.7018
25.9686
33.3944
24.1342
32.3293
27.3749
30.4132
28.2357
26.6522
26.4550
29.3501
32.8281
23.3954
31.9317
31.5016
30.0471
34.1776
36.8618
27.5353
29.2273
27.5088
24.6448
28.1213
29.4112
30.1320
27.0619
28.3237
26.1390
30.0693
23.3152
31.1981
26.8729
31.1553
31.1719
25.8430
25.3733
34.9150
33.7741
22.1665
32.0941
29.5563
27.1050
35.5868
23.8193
37.0744
24.6255
29.9829
29.8115
30.5134
23.2752
34.7851
29.1556
30.4735
37.5010
23.3433
24.4947
32.1885
30.3731
29.4050
24.8743
32.4872
28.5978
33.7486
31.1253
26.9861
34.0803
29.4594
31.2563
26.9884
34.1270
37.3061
28.3496
30.9601
30.0615
32.5164
35.5182
23.1600
31.1620
33.4750
28.4300
33.8465
28.2684
32.6926
31.9803
37.8533
30.1893
31.6964
31.5185
28.2189
31.7180
26.9063
31.9331
29.1816
22.4012
25.5313
35.7581
33.7377
28.4827
23.6006
35.9007
26.8302
25.2066
26.2154
26.5821
28.4814
33.0819
26.7164
26.8591
31.2671
31.8085
24.1810
29.2250
31.9229
34.1675
28.5611
33.2714
29.7820
27.1065
31.2648
24.4201
29.7881
33.9993
27.5559
29.5170
27.8204
22.4511
26.9592
25.7135
27.5303
31.7931
25.6293
26.6112
31.7963
26.4426
26.5338
29.8043
23.9684
31.8349
31.7435
27.1410
33.7923
24.6266
25.4207
29.2462
29.3815
33.7153
30.3821
34.7833
29.5926
24.3456
35.8353
33.3619
32.6966
30.9650
25.6829
29.4552
25.9404
22.7196
31.2437
21.8186
24.9142
27.9368
32.0799
28.3612
26.4087
36.3469
26.2794
23.9306
26.6348
31.1495
28.7315
35.4816
33.0471
30.1411
29.8973
27.6372
29.1823
35.8780
28.6034
32.6810
26.8058
28.5880
31.4364
29.0107
24.4459
24.4054
30.2297
27.2986
22.4111
27.2985
26.4432
30.6333
31.4623
25.3424
23.0809
24.9325
25.0030
28.3835
32.4403
33.5950
29.2920
22.9432
27.8098
37.2194
30.4463
27.2488
32.1649
32.3200
26.0638
32.5251
27.7346
25.6606
31.9859
33.4331
30.2914
30.5897
25.7072
26.8681
29.4588
33.6407
26.9038
24.6505
29.9632
30.3374
27.3879
32.2952
26.3231
27.5566
27.4143
25.0361
25.2617
33.6312
20.0476
37.0486
28.6028
30.3871
28.1577
31.1750
25.1129
29.6140
32.0865
27.0750
30.8321
27.3573
30.8447
29.9550
23.4875
24.3397
35.7049
29.8599
26.7288
25.5003
28.5487
25.7253
27.4176
24.4513
29.8036
30.8772
28.9955
32.4254
31.7260
24.8762
30.1143
19.9664
31.2748
24.4291
29.4115
32.0196
34.3611
29.4442
28.0413
25.1654
30.1934
34.9913
35.0047
26.1975
29.7154
28.6182
26.8660
22.0734
24.8285
31.3200
26.3780
32.0990
25.5244
31.2593
26.8549
20.4097
30.1478
30.3961
30.9405
35.5070
28.8380
36.3062
29.5810
26.2721
20.6690
35.4434
28.3405
30.3329
35.1096
33.0415
26.8988
30.7544
33.2624
27.4141
35.1547
26.1131
28.0403
24.6243
29.0384
33.4662
29.4634
27.5142
29.9716
32.9540
24.2673
26.7434
27.7333
25.1707
25.6986
30.7134
32.1691
31.8228
37.6616
35.1911
32.0454
27.5422
20.6744
26.4245
36.7949
30.1104
31.1790
24.3708
31.4047
33.5860
30.9460
31.7399
29.1553
27.4777
30.9729
30.7698
25.8172
33.5366
34.4710
26.6784
28.3981
24.8889
27.2497
28.1654
35.4881
34.4659
26.6672
25.4873
31.0171
27.0855
26.3454
33.6485
29.8695
25.1726
20.4661
30.8411
29.9349
28.1854
30.7755
29.2363
28.3581
28.6746
30.2356
25.3208
30.2371
27.1555
31.6050
24.9231
26.0880
25.1464
36.5641
33.9534
28.4706
23.2481
24.5237
18.0542
25.6440
30.3191
29.9147
29.2181
28.2581
27.7378
34.7251
27.1536
31.8107
32.1863
31.1139
28.4623
24.8794
28.5172
24.1631
29.8782
30.6529
31.4510
27.0949
34.8329
33.0465
24.7664
25.9163
23.4903
23.1652
34.0937
34.4360
33.5337
35.4410
30.2828
26.2343
30.6523
31.0166
25.1354
26.7218
23.4775
33.4922
27.3728
26.3808
26.0338
29.0436
27.7671
27.1469
36.2683
33.0383
30.5439
30.2166
30.7059
30.0487
30.7042
30.4712
28.4818
25.1836
35.9644
36.5313
25.6981
22.7278
31.1658
27.6711
29.0450
29.1062
32.0835
28.1110
25.6296
24.5764
28.7173
36.1570
37.1480
25.6433
26.6176
27.0514
33.0499
29.5238
26.7650
25.0190
28.7583
33.1330
26.5990
25.8416
25.7147
26.0070
28.3995
28.5880
31.9872
32.6657
28.8451
37.4600
28.0143
22.8748
31.2006
31.9089
26.3853
26.0453
26.9219
30.6996
27.3651
32.0032
28.6059
32.8583
27.6145
26.8145
24.9648
31.0245
27.6553
35.0045
21.7883
29.0007
31.4974
30.6537
29.7457
28.6818
22.3982
31.7879
27.7549
30.2837
25.2973
22.0980
33.8463
26.5570
28.2339
34.4201
31.5798
33.1147
32.3760
23.8622
25.8472
34.6167
27.2750
35.7784
26.6524
28.7933
28.0813
26.2974
24.4743
33.0376
28.1785
27.3988
30.2432
23.5862
28.1796
32.2595
22.4680
38.6283
25.6911
30.9245
25.3070
30.5437
26.9379
27.1202
27.3722
24.2865
30.9258
35.7980
26.9341
27.0151
24.1151
28.1822
24.8554
32.3209
33.2566
26.1583
27.0641
22.4220
26.9898
29.3211
36.8542
31.5992
29.5475
31.4250
29.4505
25.4454
29.9612
31.6261
24.4915
24.2377
25.7582
30.4894
36.5263
32.3126
31.4680
28.2467
26.6944
24.0945
22.1960
29.6676
26.5037
31.9382
20.6573
22.2039
24.8744
28.1359
26.8135
27.6152
26.4344
35.4534
25.8056
22.2028
23.3967
32.7595
32.6417
30.3108
32.3153
34.7579
28.5051
26.5135
27.2316
28.4551
36.7582
28.1329
30.4851
35.6271
27.1838
29.7363
30.3636
25.7129
25.7963
30.7770
28.3150
25.6133
30.4704
31.7448
21.7544
30.4477
35.8617
27.5505
23.1164
27.6583
30.8460
29.1363
26.8349
31.3532
22.3944
25.6224
31.4317
31.1032
30.5565
29.0318
35.5271
28.9354
31.7289
34.3573
25.6918
29.5979
28.0546
34.8791
34.1401
31.5971
30.1619
34.4395
27.1428
29.6911
32.4236
22.6981
30.3676
30.7601
24.4755
22.4283
30.1568
27.6091
35.0396
23.1773
29.4894
33.3630
30.2092
27.8981
30.3172
26.8183
31.6059
26.6777
33.8517
30.8109
26.2081
23.7064
30.9846
29.1910
26.8461
30.0617
37.5266
25.4536
34.1694
25.1832
32.3279
24.5296
30.5512
27.0989
28.6190
32.6064
22.4815
30.3289
30.9310
33.7040
31.8607
30.6762
33.7780
34.1380
25.8118
24.4596
33.1644
29.2564
38.9272
28.3900
25.0141
27.4418
29.6427
24.3714
25.3778
26.7025
28.4755
29.4953
32.4305
25.0924
33.6575
30.9509
24.5912
26.5589
26.5213
22.1899
31.0570
29.0857
29.0110
30.0904
32.6620
31.1026
24.1510
25.0332
31.5709
28.7025
34.1183
34.8022
33.2706
28.6987
37.9303
30.7525
35.4790
31.6381
26.4812
28.7784
34.3262
35.7340
28.9430
35.5469
35.1050
26.4965
33.0024
26.6541
33.9723
29.1997
34.9878
30.9244
29.7583
30.5779
22.3947
29.1205
26.7191
33.5824
29.3178
31.5888
30.9408
25.9346
32.2331
30.8511
32.5729
24.5183
25.8477
28.6711
31.7206
30.1346
32.3808
30.4780
26.2402
32.4432
27.6305
33.3686
33.9131
28.5324
26.2669
24.7048
37.0216
27.6822
27.9557
23.8410
19.4997
29.8020
27.4620
29.0515
34.0169
21.3897
31.0033
31.4069
34.9956
30.0993
26.2693
27.6937
29.3512
29.0045
23.9465
26.0793
25.7592
28.8844
32.4512
32.7132
32.3878
35.8000
31.7747
26.9676
28.8073
26.2141
25.1269
32.1181
30.3392
25.9357
33.2796
30.6014
35.1982
30.2365
27.9658
30.8392
32.1284
27.9759
24.7585
26.5910
26.7844
33.3789
26.3472
24.5137
29.4840
28.3339
32.5837
29.2021
32.1202
29.7598
28.8707
27.5272
26.4212
32.4656
27.5088
28.8066
24.8723
28.8253
33.5295
29.5983
35.6887
32.5931
25.1491
28.8486
23.2531
30.7994
28.6025
27.5386
27.2863
29.0665
24.2037
30.5574
29.1738
28.3896
24.7331
24.4234
29.1877
28.0532
27.8291
26.1018
31.5420
26.7706
30.7665
31.8894
33.4419
33.1280
30.6940
30.4110
30.3703
29.9732
35.6559
33.5266
32.5121
32.8743
28.2960
30.4178
33.4385
29.0304
29.1196
30.1020
28.3623
24.5905
25.9885
23.9147
22.4066
24.5857
30.2314
25.9972
36.0018
25.8293
32.4453
22.6810
27.6159
27.9202
31.8151
28.6963
30.9363
33.2801
32.5137
25.3743
35.3741
34.9826
25.3327
26.3626
26.0440
33.3512
26.0374
32.4356
27.3384
28.5210
36.1517
33.2192
31.6413
29.2068
30.1478
27.2689
32.8011
36.3935
31.8668
31.4659
31.0908
29.5040
32.0176
28.5363
33.6511
31.2399
24.4540
34.3393
33.8250
25.9727
31.7337
29.3116
28.4720
33.1258
29.0377
31.3637
34.0175
34.6905
28.9970
27.6726
30.5114
33.3116
25.5181
31.1668
25.4795
32.4920
34.0254
31.0968
30.7236
32.6081
27.1666
25.4362
33.1085
34.5056
25.7242
30.6008
22.9829
28.9448
32.4978
32.3581
28.3377
30.1820
28.9497
31.1407
31.7367
31.9973
29.1571
32.2712
31.1816
30.6049
32.5158
19.6036
27.1295
36.0547
26.5474
33.1247
29.5266
29.3921
27.9138
26.1804
27.5756
23.6163
24.3556
24.2592
27.0746
25.7163
26.2539
25.3896
33.6794
29.5893
26.7539
26.1319
26.9612
29.5670
25.4754
23.7154
23.7829
27.0904
30.9180
27.8866
26.6316
22.9934
26.8243
29.5753
23.5684
28.1593
34.9191
32.2095
32.6583
31.3232
31.3148
30.9742
33.0200
27.7310
33.7927
35.4612
28.2123
31.2556
27.0883
27.1022
33.8069
26.8162
31.3947
22.8062
31.6085
35.3558
28.5139
32.4117
23.2527
31.7561
29.4170
35.2478
24.0113
26.4243
19.9662
23.2578
26.3517
31.2175
29.5455
30.8125
36.1679
32.3968
29.1457
34.4844
21.8679
28.9603
26.6486
33.9422
32.3937
30.7710
27.2437
32.6536
28.3479
29.3495
28.7544
28.3326
32.2304
29.4005
28.2094
32.7352
36.9199
31.7044
21.3734
27.9485
26.8683
34.1660
29.6854
24.7336
28.1743
26.2163
23.7172
36.3955
26.8215
29.1904
24.8628
24.1139
30.3968
33.5933
30.8372
33.1651
28.7377
30.4190
28.3939
26.1669
25.9918
33.2560
33.8688
28.4911
34.9424
31.8001
33.1679
29.4749
24.5844
29.5393
32.1131
29.5813
33.8408
23.0995
24.8925
29.5058
32.7452
30.6052
29.0525
28.4370
28.8945
35.4341
24.8892
34.3328
29.5321
27.2676
29.6368
30.8062
26.0827
33.0282
32.5190
31.6140
33.6423
30.5443
35.2212
32.2532
29.0091
32.6349
32.5937
34.3419
26.1399
29.0847
32.4815
27.4858
31.3523
31.0833
29.1013
31.6542
34.7946
31.2239
28.4183
31.3280
28.7768
27.8288
25.7536
23.3263
33.0353
30.0518
28.1607
29.3740
30.0825
27.4747
26.8419
23.8733
33.5740
33.1266
28.2679
27.1950
27.8239
30.6179
30.5477
33.7533
32.4194
29.7107
28.8134
29.2528
23.6085
32.2237
26.1063
35.9338
31.0165
31.2008
29.8004
22.5480
23.9634
30.5302
33.6075
26.6521
32.5251
26.2181
28.4726
31.7395
27.9321
29.3495
28.3069
31.3836
30.4657
31.8930
31.5723
30.3846
25.1319
20.7551
29.7830
37.5015
25.6509
21.1372
28.7980
33.2628
26.2648
25.7408
21.4593
29.3459
31.6280
26.9860
26.4305
34.6509
34.1847
27.8027
31.5057
30.7410
24.2462
32.6164
31.5619
30.9549
29.5319
32.2656
30.4973
37.7942
35.0750
29.8323
30.7934
32.6576
32.6833
26.3283
31.0329
31.5055
30.9017
22.9403
24.8931
30.3356
25.7416
29.5434
35.9132
28.2220
25.9510
23.2461
37.5083
31.2374
28.7243
22.7142
30.9642
23.8779
27.6807
31.5880
29.8276
27.1206
29.6736
26.0873
26.3993
27.8120
22.4928
28.3639
24.0743
34.3395
33.8732
28.3040
27.2909
28.7027
27.7743
26.7324
37.3822
32.0175
28.8244
34.3644
21.3589
25.1364
28.4434
27.9164
29.0411
35.1862
28.9843
31.4388
32.9053
30.5898
23.8420
34.1347
29.7909
28.1302
28.4641
32.9354
33.0315
29.7207
31.1246
34.6005
29.3859
31.4160
25.5556
35.8427
27.9163
25.1900
31.1997
29.3807
22.2506
35.4319
29.7765
31.4709
32.6044
33.9520
36.0931
28.3365
33.5444
26.7214
31.3851
28.4619
30.0246
27.8311
35.4314
30.5171
27.1779
30.1590
32.5359
26.0491
27.5333
34.7669
27.2213
31.6351
26.0747
31.5152
29.3482
24.6136
22.2028
26.6924
35.0283
29.5464
28.7537
35.7192
29.0810
31.1413
38.1419
32.7515
30.5767
30.8687
35.7931
32.0317
31.0030
30.8534
32.2626
31.5523
25.7008
21.5995
26.9581
29.7035
34.4153
25.0379
23.7481
33.6430
25.1899
33.1042
27.0622
33.4051
31.6096
26.9543
22.5836
32.1719
28.0791
30.6516
26.2342
27.5791
30.0946
33.3827
34.2467
30.0416
30.7361
22.3333
26.5869
32.0598
30.9886
31.1966
34.7516
28.6118
30.9881
32.4017
27.5590
31.7512
26.8582
29.4980
31.2979
30.3148
34.5838
25.7998
28.5042
34.3266
29.8294
23.7455
25.8588
23.3710
35.1459
30.4130
29.0990
35.5922
29.7522
34.3439
29.2960
31.0407
33.9698
30.7259
27.5518
27.5196
28.8454
29.5068
30.2014
31.5448
34.3929
25.5925
27.4836
29.7175
29.8441
28.7998
28.9687
28.2582
32.4474
25.7962
26.3738
30.2226
30.6308
32.1170
31.8436
30.0904
35.0475
31.8427
31.3974
28.7679
28.1545
23.2620
26.1451
24.8776
27.1538
36.2819
28.2490
28.0209
24.5728
33.2897
31.9291
33.8312
29.8011
30.1777
36.3540
24.4342
30.2696
32.3241
27.7587
30.1313
25.0420
26.6991
28.2682
26.1930
29.1882
24.3916
33.2678
26.9903
25.8886
34.2183
29.8712
32.8589
31.7588
30.5462
30.7691
29.6250
36.2149
34.9248
30.6478
32.0127
26.5765
29.0417
26.1816
34.2753
32.3444
30.8674
24.2461
27.7034
25.6570
24.8328
36.9562
30.3938
27.8883
22.9128
32.5731
31.5858
26.0189
30.4179
26.7459
30.6834
27.6072
27.6247
26.2528
32.1863
29.3058
27.9566
30.1701
30.4980
30.8671
30.3045
29.0437
26.6356
27.9326
32.0082
30.4392
27.9280
35.0995
30.3521
33.1688
24.4299
25.9496
28.1765
31.9532
30.7847
22.2021
29.7200
33.5426
27.6234
33.1822
28.4366
26.3871
28.4781
22.4418
24.1923
27.4606
29.3352
32.0200
31.9352
30.4309
35.2080
29.3544
26.7859
31.0499
31.9629
37.3480
25.0043
25.3479
25.9899
24.9483
26.2871
23.7891
33.3198
29.7243
32.5028
36.7681
32.3368
27.8687
28.9960
33.8242
28.8867
28.4436
33.7281
22.9344
32.7212
30.8203
25.8671
25.8508
26.4525
30.1511
29.9789
32.5440
35.7653
27.3582
30.6155
34.8412
29.6679
28.8764
30.0084
29.8374
28.1657
28.1499
30.5778
26.3801
34.4325
25.9967
26.6311
33.2888
32.7477
29.2933
33.1087
25.2621
31.1153
32.1359
32.8990
23.5094
32.0843
32.3102
29.7938
31.4981
23.8848
20.1872
35.9114
22.3081
29.0844
28.3710
28.9526
27.9737
35.6017
31.2589
37.3462
28.4254
27.1321
26.2393
30.4304
25.8647
35.4458
25.4791
35.0707
28.1161
29.2612
26.0597
27.3919
28.9303
30.3546
29.1775
27.7688
24.0975
33.7007
29.5750
33.1672
28.4237
30.1276
29.7641
29.6706
24.1322
36.4003
33.9222
24.2861
29.2619
34.1896
26.7029
27.2514
31.5413
36.8062
32.0943
33.6511
30.8770
28.4377
22.5343
26.4417
34.6119
19.6007
26.2299
21.4137
27.0470
29.8950
33.1937
35.7480
31.8804
31.1024
27.3220
31.5431
22.8675
26.6371
26.2671
28.4459
27.8951
36.5406
25.1104
25.8760
33.9159
30.4703
30.1109
31.4815
32.4193
28.0074
31.2043
29.8670
30.2393
32.7905
31.8382
27.0451
26.9981
35.4776
34.9818
33.0205
30.0148
23.2607
27.0956
34.4021
22.5840
25.8101
36.4299
33.5446
32.6809
28.7128
26.8504
22.2650
27.7691
22.0600
37.3307
33.6646
32.3414
24.7948
24.5000
36.4132
26.5978
26.6902
28.3355
25.2052
32.2832
33.3988
31.1402
25.1975
30.6074
27.4748
26.1380
30.3679
26.6618
23.6125
27.3091
36.3316
30.3051
29.4038
32.5100
27.8792
22.2628
34.1548
34.9771
31.1511
31.2036
33.4269
26.1034
24.1097
31.8527
23.3541
26.2612
24.2804
31.5153
32.2107
31.0400
29.4409
29.0776
25.7342
26.6142
27.4523
29.0460
24.9746
29.9679
28.0414
29.7990
26.7556
29.8484
23.4502
22.9047
33.9365
28.0194
29.5640
31.8824
29.9363
30.8978
27.1865
30.8518
28.5020
37.0524
30.8971
25.3240
30.1403
31.3996
30.0516
25.3948
28.1617
31.1425
29.8432
27.8320
33.1859
34.0421
32.6072
33.7512
26.3806
33.5482
33.0124
27.4838
28.2485
29.3649
34.1395
28.6859
27.0261
29.3757
25.0545
24.2790
29.9943
29.2099
31.6811
25.2387
32.1702
28.4950
26.6205
31.0086
27.9560
29.4993
30.7006
34.6804
33.1661
27.3082
23.1264
31.3279
30.0366
23.5404
31.1789
28.3130
29.3918
30.0808
23.8643
26.2603
28.5285
29.3336
28.2940
32.2094
28.4810
23.0560
27.5333
31.3585
24.6068
24.7145
31.7177
22.5320
25.9628
28.7445
27.3596
31.2539
19.0132
29.6004
32.2091
24.0928
25.2732
28.3573
29.6514
34.5019
32.0790
29.4231
31.9363
29.8713
31.7356
28.6617
33.7966
29.9395
25.4586
29.8158
27.4682
24.6211
37.4694
33.4556
28.2924
25.0637
31.4707
26.3436
29.3183
26.0775
23.6683
31.5203
32.4479
24.0398
29.2770
26.3441
27.2151
35.4815
30.9559
25.4136
28.0463
30.9045
32.1419
34.0163
21.8998
26.8348
35.3657
30.2101
28.2106
29.7570
28.7992
31.9080
32.2069
34.6673
25.2001
30.0503
34.7337
33.2571
29.0772
32.2753
33.4176
26.4275
28.1289
31.1657
29.4795
30.3139
30.9913
32.4113
30.4687
33.0514
32.1070
31.9809
31.0893
32.2028
26.8534
26.2783
32.4086
30.1692
21.8932
31.5702
36.2832
27.2826
26.7489
31.7837
31.0778
30.5038
29.9731
22.2610
31.3256
36.7307
25.7348
24.2357
29.4533
24.5954
23.2552
30.7639
32.8801
28.2079
25.8509
26.2909
25.5238
25.8697
30.9619
25.2676
31.8609
25.2297
32.1458
27.5384
32.6507
30.8232
33.5511
34.3651
31.1568
27.2324
31.9648
30.9741
31.1752
28.9577
32.3538
27.9312
33.7237
28.3813
29.7366
33.3837
22.9380
23.3904
29.6149
28.4911
26.6801
32.2305
30.2043
31.8854
26.7051
28.6342
27.5457
30.5455
24.7224
23.6600
31.2792
30.9268
36.5793
26.5337
34.7289
27.7919
30.0007
23.3555
29.2950
32.7968
27.7521
28.6789
26.0807
24.8561
31.3001
31.5619
32.6635
22.3020
25.7641
27.5327
28.3144
21.7679
25.7152
30.1576
30.7516
26.6317
26.6004
30.2438
28.2812
30.1884
35.8777
34.3992
30.8817
35.6512
25.4319
25.1122
28.1016
25.6781
25.4459
26.3904
35.0276
26.7850
27.9704
29.2607
34.4275
28.2802
29.0322
33.7046
23.4377
25.6107
34.3889
28.0790
29.9455
28.3342
29.6152
33.4328
29.2084
27.7676
32.7465
27.8459
31.9760
27.2944
24.4740
28.2861
29.3560
26.7613
27.6727
26.3359
29.3189
27.7383
34.9044
29.8385
25.3689
29.3843
30.9457
28.1578
26.8789
22.3195
28.8096
24.3486
30.4137
34.8024
33.5056
35.1226
32.2872
36.4227
35.8057
32.2866
31.1244
21.5274
31.2443
26.3664
35.6277
33.4254
26.5297
18.9959
34.5752
26.5630
29.7762
24.2044
26.7058
32.9559
27.8739
34.0274
27.8042
25.7013
29.5910
26.5871
35.9283
31.4613
27.1854
29.2265
30.5883
30.1248
35.9319
28.2397
25.4339
24.7900
30.5486
39.8634
29.9514
23.6032
25.1805
29.7040
30.1813
22.5601
32.5354
29.8552
27.7987
28.2488
24.8539
28.6903
26.7998
31.1235
26.0116
22.5765
35.1223
30.9380
35.5598
32.2660
36.9639
35.0317
24.5649
32.9295
27.5851
32.9635
28.6594
33.1189
33.7965
28.4906
28.9557
28.4419
32.2480
34.9113
33.9665
31.1920
32.2475
29.6992
34.2005
33.3741
33.9909
27.2342
27.3923
31.9043
30.1407
33.0615
31.7502
30.2752
25.7303
34.1901
28.1913
29.3518
34.2010
24.8529
28.5294
27.2531
29.8210
31.7769
31.9780
37.5551
32.8534
25.0192
32.1235
27.5870
30.5113
29.5202
23.2468
31.4483
27.7801
28.1085
34.4009
29.5005
32.0301
28.1026
27.4507
26.2602
23.1747
32.8459
27.6898
33.3199
23.3361
29.7821
34.4140
30.7658
27.1736
34.0062
33.6361
26.4079
27.8324
32.4196
35.4030
29.7691
33.3166
28.9671
31.2537
22.1028
21.3974
32.6773
29.1030
29.8380
36.1270
28.0942
27.0710
33.7294
30.4627
28.5720
35.6907
28.8170
32.6500
28.1519
32.5554
33.7697
25.9096
29.2014
35.2191
26.5348
28.8098
28.9988
26.4969
27.2526
27.6452
25.9080
27.3462
28.8886
28.7943
27.7103
25.3438
27.2695
23.3642
25.0133
24.3402
30.2750
32.9240
27.0550
27.3522
30.9918
28.0634
30.8441
26.3952
30.1677
32.6872
32.5703
31.8818
30.8804
31.6095
26.3640
23.1388
25.9780
31.7714
25.0979
31.1528
32.9581
31.0994
24.4482
23.3237
26.4442
26.1756
27.2895
22.2129
24.3006
31.0837
30.3289
28.4439
34.9252
29.4601
31.6241
30.4390
26.1641
29.8190
34.5015
26.9215
28.8561
32.3947
30.9389
37.3878
30.9957
25.5918
27.3665
25.8444
33.1754
27.6727
23.9761
35.4942
25.2109
23.3624
28.6242
32.6226
29.4540
30.1788
32.1298
24.3720
26.4067
26.7861
30.7466
30.9411
30.9184
31.5137
28.9864
27.1461
32.6233
31.3268
25.0179
29.6726
30.1823
32.2407
32.9704
34.3362
30.6756
30.7903
33.9917
35.1023
29.3606
30.0995
27.8118
25.2361
28.8145
30.4504
35.0635
27.7903
27.4976
37.2613
33.8836
31.4924
29.4770
26.7055
29.3431
33.8099
28.1023
23.3000
32.7596
24.4905
25.9337
28.1479
33.5726
31.0660
35.0721
31.7551
35.0177
31.0541
25.8668
29.2181
25.1407
31.5963
27.0303
32.1238
28.1133
27.1679
35.1073
29.6756
31.1539
27.3196
36.4101
32.1940
32.3144
23.4742
28.5444
27.1612
30.2034
34.1369
24.1213
29.4357
30.8666
28.2338
27.3548
25.4570
24.6694
27.2534
26.3319
34.3738
36.4801
30.7044
25.5103
28.9465
28.5286
30.3726
36.2106
23.0446
29.0251
31.8027
28.4546
24.9162
31.2692
29.3422
28.3303
35.5075
28.6313
25.1943
22.6356
33.2798
24.6555
18.4560
35.8727
35.0174
27.6770
25.2582
34.6488
31.1316
27.9100
31.7615
27.2469
31.3953
30.7985
26.8443
26.8417
30.4189
31.8494
32.2647
26.7350
27.5908
26.5435
31.8882
24.5499
27.3164
27.8860
36.4513
34.0543
28.5487
35.2154
26.5851
29.3777
32.3640
32.4828
30.0811
26.3670
29.2403
29.1314
24.7850
35.1099
25.7945
28.3280
23.9225
24.5127
31.7484
24.0302
29.2768
27.8345
25.7128
21.5007
23.2680
26.5729
29.1045
31.1795
28.3218
31.8008
25.3022
37.3182
26.4607
29.9664
29.6880
26.0040
32.7108
29.6161
32.9493
33.7142
29.2630
31.6025
31.3658
30.5611
24.8313
27.9507
32.8346
30.2237
19.5885
29.1574
33.0765
36.8694
26.4722
25.2508
24.3554
31.1100
29.5856
27.3145
28.3294
25.8378
33.2237
27.3984
30.3937
29.8924
28.8953
21.2106
28.0257
30.5610
33.2855
26.2097
22.5553
31.5014
33.1242
29.4545
32.9095
27.6349
37.4846
26.5349
32.5049
33.4785
30.0475
28.1546
32.9010
30.9649
31.4295
28.2700
22.7773
25.9819
24.4291
26.5880
25.7495
39.7601
27.6140
25.0958
25.2952
27.4319
28.0272
24.7076
23.8597
23.6453
23.8815
32.1558
27.0127
25.9597
28.1598
37.0662
26.5271
29.0764
23.0011
26.1707
31.8828
26.4436
33.4187
30.5675
25.3524
32.2750
34.1871
32.2988
28.5414
31.8878
33.8957
28.2600
30.4220
34.4575
34.8446
31.6301
30.1646
29.2282
24.6358
32.6351
33.4480
26.5341
23.1426
28.5734
28.3515
21.9716
28.1187
29.6157
37.2152
25.8375
23.0777
28.3569
27.5103
33.4422
28.6488
30.9761
28.8638
25.7170
33.8982
32.0447
24.9118
24.6778
26.9068
28.2397
34.1194
30.9275
30.0779
32.5813
36.6205
32.2921
29.9220
24.1005
33.7476
28.3659
35.5184
33.2661
26.2695
27.1570
30.3094
31.4136
33.8114
35.4379
34.0594
29.9038
26.2615
32.5966
28.4558
25.1833
25.1582
25.8804
30.5318
27.6019
29.8815
29.2909
32.2255
27.4842
30.6261
28.7045
31.9299
30.2660
26.9020
30.1148
28.4564
30.9684
31.2051
32.1445
31.1834
26.1873
32.1834
37.2418
25.0412
34.5829
26.0467
27.8678
32.9197
24.3903
28.6470
29.2577
32.4548
28.2231
25.0793
32.0540
30.2960
32.9942
29.6954
24.7198
29.9506
27.3556
28.6097
31.2036
26.3838
29.6945
27.9444
35.1537
24.1882
29.0267
25.4950
26.2189
39.0204
28.2714
29.5537
36.6427
30.1589
33.6711
35.2700
25.8918
35.7875
36.3719
33.6349
29.4502
32.3377
31.9844
31.5294
26.0969
27.0061
29.5189
23.5976
26.6550
30.0060
26.5550
31.7587
28.9585
36.0014
32.2521
31.3792
26.6085
22.6170
29.2146
30.3177
25.4854
28.0904
30.6207
33.2461
29.7692
24.7845
32.3932
32.6021
24.9108
27.1839
30.0628
25.7405
28.8663
32.3713
36.8135
33.3301
32.5414
28.5290
31.3709
39.2130
25.4313
30.5705
29.9002
33.8161
35.5866
34.0172
35.4169
26.0104
27.0384
33.9427
24.1494
32.8283
33.1698
34.4283
22.8078
23.3743
20.0417
29.6662
26.8121
28.8092
33.4096
27.0611
30.9454
36.1000
29.6305
29.9895
30.8039
28.7161
33.5576
33.6837
35.4474
26.1624
22.2042
30.1202
30.9880
37.7214
34.6316
27.5492
18.9852
30.6514
27.6845
19.4930
31.2379
26.3125
33.4903
30.0703
22.9111
29.8914
31.0939
27.8213
26.5439
31.4143
27.3633
27.8437
25.0845
28.8353
34.7131
28.4249
34.6157
30.5669
27.1360
26.5608
26.7943
35.2588
35.0481
26.0722
33.0678
28.0141
29.6487
26.8597
32.4455
30.9640
25.5980
26.0508
28.7525
29.5728
19.4395
25.0226
26.6974
23.9739
32.7128
26.6153
35.9735
34.1186
33.1902
24.3117
31.8898
27.2965
29.0050
25.5243
31.0179
26.7876
30.5449
27.5128
27.5698
26.8570
32.7814
28.9835
34.1493
28.8815
29.0043
32.2962
32.9362
32.6016
30.0511
23.8398
28.1526
33.2972
37.6858
31.2061
29.5366
28.8563
24.8418
22.6292
25.9587
26.0107
28.9702
30.8170
25.7336
23.8726
32.1135
31.1787
25.6281
35.4159
25.0727
27.0472
24.3886
27.8649
31.6112
27.7294
27.5773
26.1166
30.0432
33.0905
30.3757
26.2213
31.2128
23.9911
30.1681
29.8592
26.1693
37.4953
27.5454
34.8845
24.5562
29.8221
22.2052
32.0888
29.4932
29.9002
37.1559
25.8129
33.2924
32.6827
32.3717
29.5109
24.6163
24.2566
33.3819
29.9762
32.5351
23.7098
27.7207
26.7268
26.8202
30.2286
23.8619
33.1046
28.6049
30.4118
28.4845
31.6718
31.3414
27.5613
28.2721
29.9433
25.6083
23.2515
28.4236
34.6308
31.0799
35.7781
35.0157
35.3967
27.5202
24.6334
27.9558
26.3254
30.6025
33.1462
30.6332
33.6024
27.7123
31.9754
32.7393
28.1503
32.7102
27.6474
36.4600
32.5308
21.3410
27.8372
33.2088
34.9768
35.7707
25.2999
31.3902
32.0198
23.0796
23.0751
27.5548
30.9341
29.4066
31.1108
27.9454
35.8727
22.2076
26.1095
28.2201
24.9882
29.9694
35.8752
28.6703
31.5143
30.9930
25.0442
28.5806
24.9051
32.6635
28.2303
29.5286
33.4467
28.1460
24.8627
35.0758
33.6953
34.3361
23.5498
29.6410
26.7207
34.7328
31.4701
35.6733
26.9473
29.7679
33.1778
27.9205
29.9319
30.6492
27.2565
29.8424
19.1867
30.5040
20.3666
26.7759
32.3017
29.6302
22.4861
28.6739
29.1802
25.5699
28.8264
30.7916
29.1941
26.3952
27.3875
29.4781
34.1633
32.3791
30.7857
32.2045
29.9141
30.9405
26.0157
27.8700
30.0962
30.2989
26.6642
29.8138
25.6570
27.8335
26.2425
23.6846
29.4737
33.5479
26.2910
28.0092
32.7026
27.2427
30.3130
35.4059
29.1794
32.8488
33.8987
32.0816
31.3837
34.4915
24.6379
31.6982
31.9299
28.4447
32.6956
28.5145
33.1268
32.7108
30.1443
26.6600
33.7567
29.5611
28.8733
26.8734
35.1370
34.8627
33.6990
30.6246
30.6007
32.6251
32.3708
27.0141
34.9746
29.6468
27.7699
28.6716
36.8891
29.6718
30.3319
32.1473
26.0856
28.6172
31.8630
28.0207
30.4535
25.3922
21.2018
30.5309
24.4008
34.2496
31.7735
30.0048
31.9372
34.3513
28.1012
28.8207
29.4795
31.5809
34.1078
36.3089
25.2200
37.3900
30.8135
29.5609
29.8376
28.2819
23.4088
31.5797
30.6708
28.4388
28.3275
28.6239
32.1429
27.0490
32.7671
23.9652
29.7958
26.8408
30.7796
32.3993
21.2131
31.8841
31.1774
25.3690
33.5097
23.7092
20.7639
34.9984
29.4908
24.2820
28.5750
31.5484
29.9885
28.5002
25.7888
32.9646
27.3445
33.2770
25.4767
32.8002
27.8985
33.1197
32.4294
32.2813
26.5972
30.2404
25.6580
27.9563
29.6976
28.3453
25.2608
36.9883
32.4434
25.8443
22.6668
24.4840
27.9331
28.7779
22.7888
27.7018
35.8945
29.8375
28.6587
32.1330
28.2698
30.5137
30.6312
29.6365
29.7163
21.7485
27.7854
34.0522
36.2407
25.5495
32.1576
23.0978
34.7755
21.6662
30.7810
22.0152
26.3967
28.0564
35.1608
34.9250
30.3072
25.8637
31.3318
29.6450
33.2890
31.3834
26.2620
28.5918
24.6474
31.8593
29.0391
32.1723
24.8564
21.2017
30.8329
31.9013
32.2442
30.8911
35.2773
34.4496
25.3198
27.0786
28.1900
22.8374
24.8656
22.5910
24.8653
30.7886
32.6718
33.3010
26.1479
32.4038
25.8305
23.2034
29.7375
21.8923
30.5099
26.0630
25.4023
34.7572
30.7876
30.8740
27.4369
34.4844
22.7223
33.0271
30.4444
24.2471
32.7761
24.3892
35.2471
26.2798
30.5292
30.6627
33.2750
31.6185
24.2927
30.5791
35.4728
28.9890
25.9318
36.9373
31.9707
26.2516
32.7320
25.7164
30.1499
36.6683
30.7999
35.3071
23.3197
37.7704
29.1247
29.8246
32.4736
29.9063
29.2465
26.0015
31.4935
31.3133
28.5111
27.9958
26.8481
29.5748
24.3847
29.5931
32.9749
32.0905
30.2656
30.4900
25.3914
30.9037
33.7197
25.0953
34.9755
27.7921
29.8617
25.2571
25.2144
29.8032
26.6426
29.5614
26.4531
24.1048
27.0375
24.8339
31.5110
25.2312
27.5735
29.4611
29.0261
25.4118
28.3522
27.8415
32.4158
32.6574
33.5380
33.1455
20.1296
30.6713
29.0675
24.7111
28.7316
21.1411
31.0599
32.0021
33.3912
30.2998
34.2825
35.1340
27.2400
29.6632
34.7594
32.7104
32.4331
32.2876
31.5494
26.7838
33.3361
33.0110
31.4389
22.1480
27.3541
28.5185
30.0542
31.3284
30.7805
31.4257
29.8492
28.8574
29.7699
34.5703
28.9719
29.4078
33.5046
31.4597
31.8684
31.4890
29.0026
32.9565
29.9303
27.1503
20.7259
30.4723
29.1525
27.9018
25.2566
32.0663
34.0936
30.9308
33.6070
29.7192
34.2838
27.6827
30.8555
32.7146
31.5552
32.1544
32.1212
26.7620
24.3452
29.6304
26.3918
32.1926
31.4935
22.4731
27.5475
27.7296
30.8843
34.6369
31.7763
26.2814
28.7912
29.2894
24.2959
33.5723
29.6453
29.0766
35.2018
30.8442
28.1289
26.9887
27.6158
25.3638
22.6349
33.7920
25.0004
30.9895
34.7233
32.6234
26.8697
26.6415
32.9194
24.1359
28.1565
26.5587
31.2433
36.3444
29.1887
29.4539
32.0846
29.5614
30.9697
27.7948
25.5413
33.8622
29.8810
28.9283
28.7392
31.0641
25.0424
24.7770
29.6077
28.5428
27.2863
34.6812
29.8338
29.3211
33.0685
24.3521
28.6022
28.7061
32.9733
34.4417
27.8824
27.7720
23.2785
31.8951
28.2041
28.9000
28.4371
29.9386
27.9759
33.0495
23.8442
28.8989
29.9866
25.7535
25.1498
26.2729
27.1037
28.0732
28.9273
26.7491
25.2573
30.7305
31.6635
23.8273
25.1617
32.3449
25.8873
33.0077
33.1359
24.4815
24.6185
23.9155
22.7918
31.5243
27.9630
29.5293
33.4948
24.2207
28.1684
24.9788
34.1578
26.4884
30.4992
26.9656
36.8114
29.5632
34.1212
32.1756
32.3123
36.7453
25.5340
35.3656
27.3888
26.2258
25.8758
27.8319
35.3989
29.1717
31.0076
31.2308
29.1818
28.1552
34.4830
33.7679
29.5871
35.6467
24.5784
28.5867
28.3437
26.0156
28.9597
30.4149
34.2070
30.6024
32.6985
33.3016
33.2305
19.8699
27.3370
28.1390
31.2551
24.8635
27.9007
27.5425
35.0769
32.8913
24.5877
24.0744
27.4940
25.8295
27.7571
32.7082
25.4637
31.5016
28.5645
29.6661
35.6079
25.6959
27.8768
25.2706
28.3892
31.5403
30.8840
33.4404
28.3373
30.7511
25.8735
31.1225
28.7835
24.7207
31.4032
32.6058
25.8164
29.6966
28.1428
28.4514
36.5511
27.2204
33.7549
29.6972
27.2525
25.2344
28.3877
30.0884
33.5517
28.7807
25.9189
30.6666
24.0021
30.1697
33.1776
34.2517
24.1261
29.0184
30.9867
30.1544
32.7192
34.0282
35.1587
22.0325
29.3217
35.4690
31.1286
29.6509
38.2269
34.6690
33.0010
23.0036
27.3737
26.4560
25.0441
24.2164
22.9783
31.4317
30.2772
28.4064
28.4625
29.5380
27.7401
29.9725
27.1283
32.3859
32.7845
37.0586
35.4400
30.0100
27.0757
23.4351
28.5658
34.3393
32.0726
31.1743
31.1539
28.1740
34.3231
29.3543
24.1429
24.1189
30.9115
30.9001
30.8525
27.4879
31.4526
29.7338
28.1783
31.4741
28.6924
27.0487
36.2395
36.5052
31.6136
29.4015
33.0605
32.3522
26.6043
27.1994
26.1947
24.9260
29.6547
32.1344
27.0459
25.6152
30.4600
29.1042
24.5329
26.3874
33.5611
28.4431
26.0916
24.8194
32.1581
23.4867
29.0911
25.4576
35.7698
31.5830
30.6463
33.4451
31.6817
30.2997
30.0798
30.9377
28.4427
31.1206
24.7920
35.4953
31.3896
27.6806
29.7830
25.9500
32.8289
30.1713
29.9346
28.4329
33.4704
33.5797
31.9573
21.3818
24.1024
30.1679
26.1904
27.8837
27.8130
30.1038
34.3201
25.7923
27.6208
23.7576
32.0667
30.4260
32.3843
29.4425
29.8256
34.2075
28.0537
34.3823
28.4227
27.1327
33.3970
28.3771
33.3048
24.2278
34.0373
31.8668
28.1112
30.1051
29.1950
27.1403
21.5368
33.5783
30.0993
32.5397
32.4921
30.4348
26.5650
29.2987
31.1498
26.5729
28.0641
33.5203
27.3305
30.0082
27.5959
34.6528
25.4263
27.3847
32.8411
27.1342
31.0598
30.8823
31.9263
23.5234
26.8564
23.9918
29.7711
35.1876
28.4342
34.5851
20.1855
26.8445
29.5412
22.6715
35.6529
31.8156
33.6926
34.9415
25.9269
36.2307
27.7103
35.9180
29.7424
31.3992
31.1906
29.0986
29.3040
30.8861
30.5676
25.2671
28.6614
30.1990
26.0492
33.4678
24.4900
29.8828
24.8436
29.3821
28.4531
25.3876
26.7181
32.2236
30.0996
31.5935
31.2908
29.4400
23.8968
29.4366
35.9761
34.2777
26.7716
29.1141
26.2065
33.6222
32.6478
31.8165
32.0472
29.3406
26.9238
26.2694
31.2409
23.7316
27.7946
26.3472
24.0481
29.1548
25.7051
29.6106
30.2927
23.8512
23.2920
34.1258
25.7721
26.3148
24.6450
27.1235
25.8217
33.6640
32.7232
34.4901
26.2793
24.4659
30.0390
29.6490
28.5553
31.6338
32.3594
30.8617
33.9262
24.5634
23.1560
32.0231
26.6845
30.5157
31.0912
32.7653
32.6661
25.0323
28.1246
34.3301
27.5169
24.9175
36.9887
26.3762
28.0079
27.3505
30.5055
27.1672
36.3837
28.7090
32.8816
28.3580
28.3370
25.8582
27.8590
29.6377
29.6124
31.6610
32.9197
32.8703
31.8170
26.0027
30.3881
34.2492
24.2521
29.9736
27.6017
25.3218
29.3803
26.1914
31.9497
31.9200
29.9466
37.1607
33.3361
28.6807
29.3566
29.4555
23.9856
27.5083
27.6166
31.7515
29.9484
26.4941
31.5254
37.9682
31.9267
30.1444
26.1146
29.5218
31.5808
31.6981
31.8826
33.2589
30.7634
29.7430
28.8687
26.9558
35.4582
30.4090
31.4142
32.0761
31.8296
32.4053
33.5794
27.3421
31.8873
27.1939
30.7497
25.7690
23.9840
31.0743
28.9786
34.1531
25.4193
29.8999
28.5875
22.3871
27.2772
31.7960
36.0082
26.0970
31.2369
28.3273
30.9178
32.7375
28.6116
28.8693
27.1259
32.0611
32.6105
27.7227
32.1294
26.4173
27.1778
33.6689
27.6163
31.3038
31.5272
24.2692
31.0669
34.0875
29.0221
29.6372
34.3351
31.9292
30.2825
32.3620
32.8856
25.8682
27.7099
28.0716
29.9004
37.8486
33.0590
28.4860
29.0156
35.0719
28.7573
32.8042
23.7033
27.7900
34.2466
28.8601
29.5438
35.3304
30.9849
34.7178
28.8170
32.0334
27.1681
24.8617
24.5371
32.8144
26.7693
25.6268
27.0616
28.8005
30.1881
27.3106
34.7461
23.0016
28.7030
25.6401
30.4152
34.1762
27.4047
31.7634
31.1021
31.6783
34.3172
34.6005
33.7381
30.1970
33.9429
26.7198
33.7119
31.6575
24.3858
33.6276
31.7561
27.3625
29.7505
35.0326
28.4561
29.1382
27.7722
23.3670
27.0955
27.2651
31.8742
29.7593
22.4956
27.6795
33.9764
32.4975
28.3594
29.3678
29.5838
34.4123
24.7808
33.1826
28.0891
27.7876
26.7767
28.3946
26.0869
28.7008
26.3703
29.2014
27.4510
34.3271
28.8366
27.8427
32.6403
25.8070
33.8433
31.6562
30.7054
26.9124
33.7803
33.9402
28.0498
26.1003
27.5285
32.8031
31.1431
26.7424
31.5001
26.1536
27.2171
26.8733
23.7334
25.5416
31.5886
31.3013
30.0321
36.4448
35.9172
34.9808
29.8743
31.5216
28.5980
31.7663
33.1280
30.7036
25.5388
29.2296
23.9070
29.8456
26.9309
39.2746
30.9814
29.8473
29.8967
32.9436
28.4454
27.4727
26.1370
33.9294
34.6451
22.6339
30.7030
23.0437
30.9512
30.7810
30.5291
33.2417
27.4598
24.9370
29.7835
27.5405
25.4773
32.2887
32.0685
27.8714
23.6406
27.6184
32.0822
30.4355
24.8364
21.8211
30.8055
25.1372
22.3084
27.5183
33.5047
33.7118
27.5661
25.1402
27.5490
27.3143
27.9405
27.3763
30.3572
25.1839
24.0032
26.6809
25.0551
27.1026
34.7999
26.2280
26.7468
25.6071
29.4890
29.2596
33.3865
26.2999
32.3791
31.5924
28.8058
29.0859
26.5388
29.0610
34.2863
24.9531
28.6800
32.0938
26.5879
30.6215
31.6460
34.0876
31.4936
30.6844
33.0089
29.9445
29.9411
30.3806
34.5356
33.4492
27.7966
33.2657
32.9606
25.2844
34.9677
28.4473
25.6270
31.6752
28.0130
27.1339
24.7689
26.5507
23.3875
29.5914
31.9030
28.4690
25.2506
28.5192
32.0569
26.0477
32.3162
32.4500
29.2716
30.2833
30.9850
28.1156
28.0535
31.9591
30.4900
34.6545
31.9278
26.6713
35.9269
26.7914
27.8075
30.1092
29.3046
34.4247
38.9087
33.0484
22.2826
22.6359
33.4083
34.0281
34.3397
35.3785
31.9216
33.7792
34.1898
31.6433
32.4359
30.4337
29.2186
28.3197
29.2221
29.6536
29.0708
28.0030
22.7309
24.9176
33.0823
25.0179
32.1774
26.1430
21.7213
27.9552
30.6055
28.3490
34.0604
29.9016
33.0851
28.7740
30.5089
28.6968
28.9004
22.1775
35.2032
24.5023
29.9602
25.9190
25.7460
34.6267
32.1901
26.9518
28.4454
28.7392
36.2351
32.3501
30.5966
28.8213
21.8267
35.1748
27.0586
31.0262
32.2587
30.2874
33.6306
25.2035
25.5533
30.8852
27.8105
32.0405
33.9271
32.6456
28.9564
26.5232
29.9079
24.1469
22.4530
28.7543
33.1515
27.8454
29.2302
25.9302
26.0710
31.1678
27.8360
31.0943
25.3106
34.2003
26.5269
24.6636
35.4044
21.3205
29.7509
32.2684
26.2966
35.3917
33.6207
28.0715
34.8455
34.0846
25.1549
32.9545
32.7588
26.3535
30.6141
31.0976
32.9324
34.2877
27.8838
25.7520
30.8079
30.8589
26.9955
33.0884
30.1551
33.3910
30.0884
38.1325
27.3098
23.8642
30.8903
21.2249
33.5067
23.8953
31.1839
29.5438
28.9375
33.1436
27.0100
31.3664
33.0821
26.8359
28.3965
27.1633
24.4187
26.8609
30.9228
27.1468
24.6281
29.7472
24.6000
31.3476
23.2246
24.0758
27.1705
26.2334
28.6639
26.3807
31.1010
27.1687
27.3380
32.1789
27.9978
28.8681
26.0398
33.5646
32.2019
33.7442
31.2917
33.8511
30.6947
29.6901
32.5942
32.1159
26.9715
29.3570
32.7259
31.8101
30.8141
29.8475
27.4502
27.1013
31.5724
28.0636
29.7303
30.9303
30.1159
30.6597
28.0658
28.5648
33.7066
25.8565
30.2300
25.8335
28.5938
32.1378
30.9406
26.7470
31.3137
26.9839
32.8051
29.0551
29.5615
30.3698
28.2279
21.7429
33.3883
28.6199
32.8499
32.8170
30.6681
26.4581
28.9681
29.6654
33.8911
26.5824
28.7459
27.4059
28.9698
24.4084
25.1862
34.0279
29.2283
31.4160
31.1879
24.9523
26.0810
29.4512
31.1527
27.5787
33.1724
28.5322
31.5834
28.1910
28.8906
27.8362
28.5388
28.2298
24.3022
19.8440
26.7262
36.2187
31.7899
31.8580
31.7986
36.8825
27.9797
34.7542
24.1914
33.4737
32.3373
24.0592
28.0516
27.7056
29.2481
30.4094
29.9735
32.1310
31.2899
32.7910
31.9132
29.0056
27.6117
26.3510
35.4807
25.4320
34.5457
25.3988
27.8658
31.4891
23.7931
31.1062
35.2258
35.7712
29.9435
30.6951
36.0947
33.6955
29.9559
33.7098
29.3280
32.9231
34.1515
31.1232
34.0509
30.9866
29.7410
29.5792
34.2106
33.6481
33.7528
27.1231
28.3269
27.5748
25.2238
33.3448
29.6182
26.9012
31.1103
32.9983
28.5945
30.5517
30.1773
32.2095
25.2816
25.2812
29.0828
25.2969
31.1801
26.5075
22.8438
26.8252
35.3830
31.3432
27.0546
35.6692
25.0713
32.5568
32.4148
30.7757
26.9001
29.0600
24.8472
25.7878
38.4077
31.7845
32.7214
25.9749
23.6811
28.0820
26.2568
34.7970
31.5956
32.5855
29.6332
32.2546
36.9009
31.6038
30.0502
30.6435
28.6593
29.0623
33.5483
26.2839
34.2546
30.8863
29.2176
28.4820
25.4953
33.9763
34.9810
24.8882
24.7661
26.0691
30.1944
29.0995
30.4243
27.4797
30.0193
26.4692
21.7815
22.5027
32.2298
32.2331
33.3578
34.8434
28.6091
22.8176
28.1885
27.6632
32.7482
29.3428
31.9278
25.4321
24.4925
33.2403
33.2135
28.6858
32.2810
24.1653
36.1271
34.7970
34.1810
31.6640
31.2593
28.6906
28.8044
34.0915
29.2387
25.0111
29.2988
31.6983
28.5084
30.9851
22.3691
33.2933
24.7690
28.6531
24.1853
37.2223
28.7580
27.0242
26.7647
35.8998
33.1198
22.8303
24.7333
25.6646
27.2677
23.7406
30.7650
32.7915
27.3868
26.5053
24.2791
27.2243
23.0336
32.2861
30.3510
33.6693
32.5845
31.3467
31.8673
33.7018
26.3551
26.8709
30.4401
27.8750
34.1067
23.2720
26.4808
36.3966
34.6606
27.8624
28.6395
25.3872
29.0769
26.8471
26.4833
29.4607
24.6322
28.7948
29.6836
24.4084
29.5368
27.1637
28.9049
32.7867
24.0170
24.4756
25.9595
27.7015
33.2418
31.2746
25.3731
30.4219
35.7347
32.0030
29.2471
30.1471
30.7509
39.1007
29.1204
27.3545
25.2263
33.5984
26.9339
22.3601
30.3059
29.4547
29.1539
35.2160
27.6294
34.1431
31.6585
27.3566
29.4089
38.3110
30.9135
27.9719
33.6398
30.1052
37.8032
29.8016
28.9542
28.8594
31.2850
30.4942
25.4994
27.0326
24.0981
30.0455
34.2111
23.3012
30.6351
34.2590
22.7474
28.4793
31.8779
29.5080
23.9749
29.9185
30.0177
33.3122
28.7727
21.9782
28.8567
36.4962
23.5927
31.0493
31.3886
33.6300
29.2592
34.7899
29.3445
24.8165
31.5517
31.8164
29.6536
25.6804
26.0259
28.5483
30.6463
26.6423
23.2573
32.0528
27.0573
33.3096
31.2096
27.9265
32.9674
30.4790
29.5972
31.7645
24.7373
25.0491
28.2229
25.3035
31.6179
25.8383
28.5990
27.3344
22.1665
27.3085
32.0808
30.2657
29.9645
20.9628
22.1706
33.7364
33.0987
32.9278
26.2323
26.5330
26.0569
32.4786
26.1159
27.9114
31.5871
26.7887
29.9094
25.5099
22.3580
32.1459
30.9361
30.5997
34.1837
25.3010
31.3551
19.7694
29.3436
26.9432
24.8734
35.1157
31.1425
29.8183
32.2547
24.4966
22.7478
33.6435
29.5155
25.0539
30.4231
33.2359
28.8889
27.2477
35.1785
32.8155
32.5003
31.1913
29.6814
30.1485
33.8688
24.9087
24.6696
28.5239
24.9568
23.6405
28.7098
35.3060
32.6508
28.3026
25.6649
30.5435
35.3959
28.3491
24.9099
26.3241
34.7643
33.7654
31.4411
30.5722
25.1331
31.4970
32.3060
26.1368
28.9106
22.7348
31.2803
31.9465
26.2581
29.9727
23.3379
24.8704
30.3671
29.1173
27.4241
23.8881
34.4412
28.8852
31.3067
30.4763
28.9124
22.7940
28.5750
35.7726
36.9430
30.2653
27.0481
31.9028
32.0451
20.1931
27.2126
29.5524
29.5582
32.5961
32.0302
33.6892
28.2183
26.9276
27.9246
25.7888
27.3939
23.1046
27.1827
28.2007
30.5820
31.5637
31.2221
30.8539
30.2689
31.3433
28.7619
30.2390
25.5886
23.7836
27.5248
29.3947
28.4000
29.0086
31.2396
30.4660
30.3245
28.9096
28.8997
32.6331
29.6730
26.3033
28.7575
27.0432
29.1640
36.4934
27.3806
25.1145
29.6113
29.3583
28.0810
33.2132
34.1790
33.2274
27.3318
35.9591
33.0555
31.8117
33.6434
31.2238
29.7239
32.6534
33.7005
29.7198
23.9926
35.2579
31.3710
33.8248
31.5760
33.7453
26.3663
31.8230
28.4879
