27.2116
24.5186
27.4602
26.5521
21.4381
26.1966
26.7952
32.7008
31.7529
24.6630
22.3189
27.4499
26.8551
23.4564
31.3949
24.5800
25.8539
26.7230
28.6062
26.0426
24.8353
26.8662
25.0295
25.5457
26.2106
30.2985
32.4686
25.1896
25.8213
25.2528
25.9710
24.8343
27.8726
25.8295
23.6256
31.1020
23.4561
31.6346
26.6443
25.5828
26.5565
26.9175
24.2609
24.9809
30.6778
24.9431
26.9010
28.0000
31.2768
24.4286
22.9377
25.5230
28.2638
28.1996
27.9793
27.2898
26.0279
23.6259
33.3988
29.8734
22.5010
26.1747
29.8624
26.8658
26.6307
24.4704
30.0836
28.0290
26.5117
30.2388
28.9941
25.9246
22.1786
26.6220
27.5159
25.4299
30.8992
24.5419
25.4851
26.4098
26.0149
24.8594
24.2846
34.4678
27.7093
27.0877
29.1490
22.6779
32.0613
28.1554
31.1368
27.1830
28.7070
29.7326
24.4789
27.2668
23.7792
25.7330
26.4818
28.5596
25.9694
25.5689
24.8396
26.3208
29.9432
28.7471
24.7776
28.7051
34.7909
31.1787
32.1330
29.1049
22.0770
30.9963
26.7543
30.0788
29.3668
28.2961
29.2976
31.1838
26.7472
22.5162
25.3332
23.4827
28.7938
29.5233
23.8898
26.8351
28.5388
25.4340
24.8887
23.3892
25.6940
26.0769
23.1117
30.9755
26.0443
27.8002
25.6106
24.0416
31.8759
29.0581
30.1765
22.7765
26.1667
28.8258
28.5891
29.9150
27.3586
26.8564
31.0951
24.2124
28.6793
32.9226
32.0181
24.9896
28.9398
22.3834
22.2935
23.4689
29.7194
27.5467
31.5373
20.4350
29.8810
24.1204
24.8071
30.1349
28.7325
31.2193
26.9428
29.0305
31.5248
27.8331
26.7227
32.9755
28.3260
24.3021
26.6961
34.7590
30.3062
21.2825
24.5439
27.5540
27.4948
29.1425
27.5790
28.1859
27.9763
26.7426
30.5264
26.5437
26.7485
23.1933
26.1664
21.5176
27.3307
25.0761
32.4473
27.4255
31.0257
26.5499
30.4580
25.3744
33.3131
24.1833
29.9820
29.6558
28.5213
27.4920
28.5446
24.4209
35.3830
27.3414
27.6584
26.8312
27.7157
22.8207
35.2032
29.4880
31.4533
27.1102
28.6498
30.6125
26.4315
24.6403
25.1670
23.6668
24.2258
26.2017
25.0757
25.2330
24.7940
24.8946
22.0326
23.6810
22.8035
24.1030
24.7931
24.9008
23.0222
30.2503
23.9021
28.5779
27.1978
30.7272
31.7410
25.6533
23.9559
26.5071
20.9247
23.8875
31.1394
34.0218
26.4736
29.5943
21.0323
27.8357
31.9368
28.6798
26.8839
21.3544
33.2868
27.6435
32.3114
32.9655
32.5911
27.9567
24.2074
25.8326
26.7128
23.0671
35.3539
23.1974
26.8349
31.5688
27.9789
25.6279
25.5626
23.6311
28.7792
32.3351
29.4729
26.8635
24.3310
30.8280
35.3643
25.9273
36.6079
31.2499
31.8498
25.7388
33.8774
31.7828
33.4991
29.2247
27.4168
29.1013
30.3390
30.9144
30.4716
27.0132
22.5395
30.5233
26.6217
25.3774
29.2236
27.3279
32.3013
25.4330
24.1427
30.7982
23.2396
26.4245
23.5598
29.3839
22.4294
23.0026
23.8332
25.8594
30.0239
30.5771
27.3490
26.6601
27.0389
30.6472
25.3519
26.9757
24.0671
23.1261
31.8705
30.6709
22.1519
26.7721
24.3465
22.8777
27.7242
27.7276
25.6145
27.3053
23.6136
24.6873
28.4327
25.3392
29.8009
25.7403
30.9932
30.1700
27.4794
28.8246
34.8370
25.1042
32.2150
20.7573
33.1220
34.2443
29.7838
22.5241
26.2380
25.2932
26.5836
25.3235
25.1536
27.2561
23.9642
22.1543
23.9418
28.8716
26.4407
27.9758
32.0644
31.0827
25.7791
27.0688
34.4414
25.3995
26.3969
25.1641
29.6653
29.3366
33.3641
29.1818
29.1359
26.5665
26.5584
21.8850
29.7309
26.5930
27.6772
24.6639
28.7563
26.0848
25.6331
21.5413
29.2467
28.6407
29.9659
29.1640
32.9873
25.0185
22.2425
28.6700
28.1631
25.2579
27.3253
26.4089
25.9871
24.5534
25.1315
25.7874
25.7367
22.8830
27.7900
24.2501
27.8274
19.3447
24.9952
22.8275
27.7724
26.9178
28.7868
22.9451
21.6006
27.8750
23.7658
26.3006
23.3144
24.9952
29.2564
32.0261
23.0913
26.4441
20.7839
30.3875
30.7311
27.3341
30.4453
28.4015
34.3839
28.4741
26.8062
28.0861
29.6364
23.9422
24.1790
29.2080
35.0179
24.1817
23.4588
28.8981
27.2429
28.2862
30.7065
23.3862
29.2002
26.4866
25.6945
26.8371
27.3725
26.5976
20.3154
27.0867
21.6018
22.9842
25.7260
24.6692
27.8281
23.4574
28.3031
28.7707
26.5540
23.1514
26.6469
25.8308
29.3424
21.4420
28.0717
30.8216
25.9948
26.6471
33.5434
25.8912
27.1502
28.3450
21.6576
27.5645
20.2317
28.6559
25.2402
24.4015
29.1270
29.5826
19.2670
28.2815
28.8695
25.7816
25.5233
29.1315
27.5360
35.7050
25.6186
30.8880
23.3352
24.8024
26.3967
25.4047
25.7013
23.7416
22.4240
31.0705
26.7072
26.2630
30.4928
24.0185
32.9825
24.4517
28.4237
25.0899
28.6155
25.9058
26.3582
24.8158
23.2167
24.3484
31.6990
26.5501
25.1637
32.3855
20.0111
24.0022
26.6581
26.8107
23.4575
24.9098
28.3727
23.7054
33.8073
27.4118
32.6132
26.5107
32.7065
23.1048
23.1292
34.7182
22.1069
36.0696
28.5906
26.0883
29.8204
25.9452
33.2872
30.8332
26.4605
25.5566
27.8183
26.0947
24.5614
30.4975
23.8105
21.3803
27.1938
27.5545
27.9778
26.9278
25.9540
26.5887
25.5992
25.2537
26.3332
27.1842
32.3880
30.3138
37.3337
29.0355
28.5997
26.0477
21.8688
29.7725
25.5096
23.6264
20.8734
26.6978
22.9704
29.3938
18.6186
27.0065
22.5093
20.5002
31.6612
30.7928
28.3447
29.3955
28.0176
24.3186
28.2137
30.9650
33.2471
28.4225
23.6947
29.5025
32.2663
25.8956
23.0651
28.1454
25.2003
26.0336
26.2665
24.7770
21.0773
27.9489
30.3245
23.4728
24.0074
23.3688
27.2318
28.8503
25.2101
30.4527
26.5195
29.0287
30.2392
25.3765
25.8204
27.0280
27.0354
25.6937
23.3976
25.6562
26.0337
25.4352
22.2923
30.8671
34.2146
24.0486
28.6229
27.7362
32.6022
28.5908
24.9597
24.8280
26.0917
23.9294
26.2269
31.1711
31.3442
24.2527
29.3751
25.9000
27.4216
26.5396
22.6659
29.1294
27.5555
31.1940
27.1362
28.6007
28.4229
33.2285
31.2162
27.1673
27.4007
27.7770
29.8090
27.3994
26.6200
26.7889
28.5349
20.8451
22.1857
27.1902
27.9023
26.8234
21.2498
29.0400
21.7878
27.5521
30.8530
28.3728
26.9214
31.7102
27.6130
27.0907
35.4817
24.6534
31.5325
23.1879
30.3915
24.9651
24.1891
24.7772
27.5382
25.4708
31.0419
27.4851
28.2976
23.0330
30.1789
29.1773
30.7163
31.9396
27.0389
24.5205
26.5491
32.0775
25.2762
27.2298
29.8854
25.0000
26.8441
29.6290
27.3761
30.2064
22.7456
26.6588
29.6045
25.7839
26.5612
28.6498
20.9710
21.5121
26.8322
31.4207
24.5995
26.6329
24.2199
27.3735
29.2535
28.4578
27.4088
28.9779
27.3405
25.9653
25.2700
25.3581
33.4047
27.4063
29.6934
25.7032
24.0130
26.1788
27.7438
26.8644
30.5547
32.1804
24.0419
22.3762
26.4721
29.1876
26.8713
26.5636
26.0188
23.9847
24.5736
24.7429
26.1378
25.8839
31.0460
28.0391
27.8377
22.4415
35.1552
30.3452
27.6938
27.7192
25.7735
24.6266
22.7673
26.8101
28.0532
24.3328
32.4041
27.1636
32.2547
28.5406
25.8640
22.9899
30.7805
23.1452
24.7471
28.4231
22.9626
25.7105
27.5970
28.6489
28.2755
22.7616
28.4524
22.9232
24.0654
30.7443
30.0795
24.7357
23.4199
33.4594
29.9004
27.5714
23.7958
27.1186
28.7287
23.3512
28.6499
27.2035
26.4630
29.4718
28.8423
29.5650
30.1447
25.4451
25.5042
25.7529
26.5467
30.9084
31.7161
23.3371
22.2857
27.8439
27.8907
26.1975
27.4450
27.3184
27.8593
27.9189
30.0490
26.2053
24.4765
23.2117
23.8244
25.8028
27.7971
33.4370
24.5211
24.5914
29.3098
31.1060
31.7968
24.6693
25.5199
25.0134
26.9936
29.8838
29.2076
24.8681
31.9705
26.6213
23.7221
27.6894
27.7575
25.7196
24.4133
24.4996
28.2185
28.2497
25.3811
25.4964
33.3962
35.1881
35.1539
25.9598
22.1636
27.2603
26.7244
22.3408
28.6478
24.4993
24.1730
22.8892
25.4496
26.6898
25.3092
22.5559
30.0813
27.0045
24.0525
26.4060
29.2061
24.7050
23.2465
26.5205
28.1820
26.2141
27.0762
22.6617
25.0590
26.6933
23.1064
26.8839
30.3997
33.5225
26.3545
30.9564
25.6219
28.9966
28.0420
27.7131
24.0589
23.8543
26.7365
26.7179
25.5995
24.5643
31.5868
24.3537
25.4687
33.4868
28.0210
24.5127
25.4681
27.5465
30.2262
27.6833
31.9923
26.6725
27.1216
26.3597
30.5324
22.9210
20.9591
22.9960
20.9450
22.3459
22.0876
28.3431
28.1098
28.7276
22.4426
24.6201
30.0784
34.2457
27.8356
30.6449
26.9829
31.9013
28.4688
29.4855
29.9430
19.6470
22.7224
26.1520
30.3998
27.5388
25.6661
30.2788
29.0218
25.9320
23.2330
29.6678
28.3826
25.9094
26.9701
24.7965
27.4759
25.9400
31.7252
23.4970
26.5190
26.6148
25.0685
29.1243
22.6532
27.9135
27.1456
31.3048
30.3204
23.2223
23.7504
29.0787
24.3161
22.9513
23.7396
27.4274
28.8629
26.9341
24.3547
20.5608
30.0590
26.9423
23.5709
27.1086
27.4404
23.8023
30.4615
27.2478
30.8127
23.8768
26.3077
20.8885
24.1809
25.5290
24.7731
23.5909
28.2955
26.4528
26.4454
26.9784
29.2309
30.0165
23.6442
29.2981
26.8759
25.5369
26.9976
27.5381
23.3532
28.5350
26.7707
21.6200
25.6472
25.4059
25.5890
21.5487
30.5091
31.5583
28.7110
31.1863
27.7526
32.1429
24.9030
25.5110
21.9037
26.7445
27.2064
25.1127
30.1455
24.9473
26.5403
25.4610
24.3889
25.9948
27.5799
31.2093
23.3820
23.0709
31.2271
28.3414
30.3744
23.0038
28.5482
28.3680
26.9025
20.5010
26.5611
25.5075
24.7530
22.1127
33.6287
28.7388
27.5409
27.1986
20.3807
31.7553
27.9451
24.0724
22.2759
28.2576
30.4250
24.5452
29.5179
28.1641
23.5064
21.5373
29.1038
35.0560
30.7329
24.2345
24.9924
27.0147
28.7534
31.2007
26.2915
27.9061
26.8062
30.3094
22.6801
28.3782
24.8249
23.2347
23.9544
29.3796
20.4737
26.9855
31.9647
26.8996
24.9851
29.5566
32.8923
29.4401
24.7006
27.8031
27.7426
25.7591
25.0633
21.7227
25.2388
25.6060
24.4606
27.6041
29.1704
30.1126
31.4635
28.2198
26.1329
32.2294
30.6144
24.4909
26.3443
24.9522
23.6792
30.0627
21.5976
27.1914
20.0446
24.6336
29.4264
26.4004
26.5805
29.3815
24.2020
28.4277
23.1396
24.8792
29.6778
27.7685
27.3382
27.1450
26.0499
29.3941
28.2910
30.5298
26.1998
26.8446
27.9339
24.9737
27.4038
25.3294
23.9767
24.5881
31.1405
28.3444
29.8018
23.4540
28.0423
23.6440
24.7213
25.4573
30.0103
22.1376
26.2070
36.0214
28.8688
29.6476
23.6355
25.8768
27.0235
26.1105
28.0386
38.1022
27.8553
25.6164
23.3862
28.9822
25.2108
28.4669
27.0189
24.9644
21.9669
21.2942
23.4193
27.2665
26.6051
25.8730
34.9870
20.4340
22.8859
25.2192
24.8137
28.8833
25.8492
27.7108
27.1733
21.4790
23.5531
26.6748
31.8419
28.9491
25.2637
28.6103
30.1198
26.5314
27.2710
26.4012
27.2650
30.0719
23.8974
26.1428
24.0195
22.3426
27.9802
26.0472
31.0955
31.3306
28.2512
26.4313
27.8982
28.5087
32.0862
28.4091
24.7786
26.0683
23.9849
29.7989
30.6960
32.3036
27.8523
26.0148
28.2005
20.8185
25.4802
26.7044
29.5817
28.2134
30.6344
30.5717
29.0692
26.2432
20.1490
28.9948
35.9160
25.3711
29.6391
22.8260
22.8507
27.8707
27.4091
23.8971
28.4142
29.8552
31.5118
30.3318
21.1530
25.1138
27.8874
21.0857
24.5776
30.3258
30.2674
31.5089
26.5847
29.3750
19.9113
21.8474
25.0190
27.2001
25.5102
29.4141
26.1189
22.9441
25.7528
29.9549
25.2871
27.3762
25.2719
30.6465
30.7369
31.2480
24.5504
21.8306
28.6481
28.8255
23.5959
26.8992
25.5965
25.8318
25.5757
27.0841
28.1100
26.4795
30.0367
25.4713
28.4970
31.6198
23.1783
25.7801
26.4271
27.2513
23.1120
24.8803
28.9044
30.3495
20.8841
22.6982
25.8464
37.1570
26.5005
23.8080
31.8080
25.3645
24.3416
29.6665
24.2073
23.5742
29.2404
27.3239
26.9865
31.6366
26.3813
29.7286
30.1292
27.9752
27.3781
25.5854
22.6526
29.8523
28.1050
28.6104
27.3680
26.2338
22.6071
28.5976
27.4931
26.8055
24.4003
27.9839
21.7852
26.8782
20.8770
27.0181
32.0331
24.5795
30.3548
29.0228
24.4458
25.2245
22.1558
23.7898
26.8748
30.6724
22.1367
21.3173
26.9358
28.1903
29.6260
30.4446
26.5219
29.1515
29.7121
24.7871
24.4757
28.3382
25.3568
26.4289
27.9685
25.5509
26.3186
25.3365
28.3157
26.8623
34.1130
29.2878
29.5704
29.0400
27.8813
29.3964
25.2394
28.2361
28.0409
26.7893
24.6143
28.8193
32.9983
28.1142
27.9485
27.8287
34.5575
26.4510
28.9304
26.9198
25.4870
30.0094
24.6692
26.2611
26.4454
28.4278
24.5102
28.4964
27.3650
27.6343
32.8728
24.9477
25.7613
30.8798
30.5184
27.7905
25.1489
24.1144
31.8394
26.7406
21.7902
29.5246
23.2979
24.4375
29.4140
26.3015
24.2677
33.9723
24.8771
27.1967
24.8815
21.5502
25.8419
28.5882
21.9355
25.6630
37.8079
23.6098
26.6090
28.7609
24.9332
27.5544
22.1976
27.6924
31.8085
21.6700
30.0261
20.7132
27.3642
27.6866
23.6571
26.9826
25.7686
30.9559
31.5759
26.0997
25.8903
24.5762
26.2171
29.6804
32.1615
24.0432
24.6007
32.3333
31.8376
25.5213
30.3677
29.3791
27.4422
25.2059
25.6541
24.5602
26.8903
24.0893
25.6458
24.9967
27.4613
24.1190
28.1219
23.9831
22.5413
26.8710
28.8648
27.6291
30.7865
31.4084
25.2257
24.9235
27.0117
33.7020
24.4748
28.2319
24.7937
31.2023
26.6788
24.9783
27.2400
31.3389
28.6813
27.2406
31.0640
32.8774
26.7962
25.6834
22.8158
24.1848
28.1709
22.7813
22.0285
23.4022
28.5053
22.8968
24.0151
23.9897
29.5434
30.2103
29.0865
28.1189
23.8422
27.8154
32.1015
25.3710
26.9375
22.3366
25.9271
25.0426
27.4670
33.4673
26.1907
25.7080
30.6277
29.7197
30.0993
25.5112
23.5814
26.4307
24.1872
20.7511
26.3088
29.1030
26.0259
22.1573
24.5739
25.0143
22.6312
27.1618
27.7896
23.7956
26.8159
28.1222
29.0255
29.2248
25.2436
28.4458
20.6779
34.4292
29.7865
28.2093
26.5506
29.5027
25.1862
28.0614
32.5968
26.1383
27.3053
30.2492
33.8488
28.5345
26.5363
26.9463
29.0425
29.3128
29.1395
23.6137
33.0439
34.9020
25.9547
24.9515
29.9917
29.6569
23.6225
27.2961
27.0851
26.9290
27.3113
23.5227
27.5924
29.7985
20.2681
31.7583
27.9949
25.8288
32.0597
26.8255
24.4856
23.5540
28.6167
27.9948
28.0133
31.7651
27.0986
23.8928
33.1463
23.7266
31.6207
25.3580
26.9007
27.1005
28.0210
29.8491
31.0416
28.7619
30.2220
30.3613
30.3791
29.4236
24.9026
27.5246
27.6802
21.4375
25.0868
24.5436
27.2674
24.7629
30.5232
25.5918
31.2541
28.0377
23.7238
26.7803
31.7590
22.2661
19.3716
24.8882
23.1662
23.5149
29.7154
24.3219
25.5531
26.2735
24.5576
23.7875
29.0203
32.6934
29.7377
29.2003
19.4055
28.8376
27.5805
24.6707
25.9514
28.4137
29.2936
26.3850
25.7247
26.5201
38.5993
31.2683
28.4245
29.2568
30.4101
29.5923
24.3180
33.3746
29.6238
33.3685
23.2975
27.2570
34.4121
28.8932
25.1946
25.2713
34.8197
30.1816
29.3292
28.2714
27.7205
30.0961
25.7460
25.6402
27.4251
27.2476
29.1886
30.2366
27.4594
23.0230
29.0890
28.3160
30.5644
27.7514
28.5643
27.9916
30.8113
28.0524
21.4730
24.2076
21.0383
31.3644
23.5139
22.1687
25.0329
22.4586
28.1719
23.6385
27.4405
26.3015
29.2714
26.3246
27.0689
26.8435
29.1792
27.1730
28.9036
26.8693
27.6097
23.1549
27.6492
22.3941
26.9170
30.5703
25.4380
28.8496
26.9633
34.7067
35.2676
22.9954
25.8622
27.4134
31.1009
34.1196
32.0105
27.5142
26.9867
22.0081
25.2488
28.6377
25.6917
30.2263
18.9316
28.9651
21.2432
29.0218
24.3972
27.1946
27.2153
36.0546
27.6010
25.7045
20.2300
24.8598
30.8135
29.5579
29.3856
26.5010
26.7589
26.8576
29.7050
25.4713
28.1348
25.8719
27.3709
24.2692
25.4028
28.2662
24.0487
25.6756
26.5588
20.2824
27.8474
27.2593
27.0313
31.5906
19.1426
26.9681
24.7141
22.9520
28.4010
23.3674
32.3024
29.7886
29.3804
29.1906
26.4891
25.4732
25.2724
28.1470
24.9530
25.0435
25.9088
27.5429
30.3254
32.5452
24.7300
25.2618
31.3983
31.5148
29.8978
29.1880
25.8011
30.7276
33.8509
25.1685
28.9130
23.0433
25.6638
29.3507
30.3953
29.9729
25.0837
26.7817
26.7370
27.0710
37.2528
30.0466
23.5164
22.8555
21.2115
24.6319
24.3675
28.1239
22.3591
22.0444
24.5326
31.1122
30.0709
31.2661
32.5775
33.8022
36.0721
32.1708
28.3824
29.9428
23.8060
31.9952
26.9651
31.3328
30.2258
30.3582
22.2028
25.3214
30.4034
29.7950
24.5225
26.8208
29.3975
29.3230
27.5114
29.8543
27.5082
23.7945
29.2623
25.9463
26.1733
28.7630
27.8491
24.3603
22.9454
24.3858
26.4694
28.8480
33.1659
25.5807
29.3505
32.7257
28.4149
26.4747
24.2831
26.6658
28.0359
28.0709
27.3431
23.7509
28.2447
29.6527
26.1302
28.1490
27.8717
25.9723
24.1134
22.0719
32.8629
30.2703
28.9171
34.3841
29.3748
27.5056
26.3609
24.7412
26.8329
25.9283
30.9183
26.5299
33.1396
25.7538
25.6360
22.3361
30.5815
21.8966
26.7303
27.7543
24.1028
28.3706
24.7338
26.5545
29.2038
29.3296
28.1187
23.5729
24.6600
23.4583
25.2342
22.9946
23.0547
25.5540
28.2059
25.1977
25.6870
21.6474
26.4442
22.4736
23.3312
22.8740
27.1209
25.2350
22.4506
23.5685
27.7976
29.8879
30.7394
26.1750
25.1465
30.0006
28.9490
25.8386
28.0434
25.9780
22.9606
30.6569
30.2866
20.0057
32.5635
26.4808
26.0906
32.0489
27.6629
26.7316
30.5569
31.8021
29.6899
33.1567
25.7714
27.1744
22.0290
29.0409
26.3719
23.9080
28.3086
27.3384
28.6298
24.2910
24.7583
28.9412
31.2724
27.8387
28.1093
25.5745
27.1800
30.8973
27.3904
24.6274
33.1889
23.1256
28.6115
30.4538
25.2478
28.7544
31.0934
23.6022
24.8341
26.3563
28.1839
23.4500
24.6937
29.5213
23.8514
25.3495
28.6143
28.1580
27.0454
29.2894
32.0992
27.5319
21.4203
25.9802
30.8259
26.3568
24.5019
30.8149
23.1827
35.3583
25.2373
25.4902
25.8607
28.8095
31.7694
29.0218
25.1083
25.6757
25.6619
27.0570
22.1444
31.4388
26.4995
27.2919
29.4336
30.6870
29.8969
24.4284
23.1336
31.8219
32.5475
26.0224
31.1045
21.0260
28.2247
29.5447
25.4270
37.4507
27.4768
26.7906
27.1827
29.5966
23.9148
27.0999
23.5744
24.5091
31.4395
29.9537
29.3542
24.2520
26.9119
28.2718
27.7880
25.1228
34.9646
25.1053
28.3768
30.4491
34.2873
30.3654
22.8599
30.1941
28.4078
27.0837
32.7463
22.5414
31.6520
32.6284
24.8891
30.5472
25.7180
28.3662
23.2955
25.7471
23.7101
25.7902
32.5852
31.5499
24.1589
24.5136
30.9449
32.0364
29.2101
23.6730
35.9363
24.7182
22.6326
25.4132
26.2177
22.2763
29.2896
28.7881
21.1842
28.3545
28.9696
30.8818
35.1856
26.4420
20.1480
26.6564
27.0753
27.6326
22.9377
27.3803
31.4486
27.0560
31.6507
29.3064
25.1487
24.3941
29.1239
24.5734
27.0932
29.4598
34.9275
27.5372
27.4495
24.0578
26.6310
25.2742
25.9333
25.6689
26.3639
29.4103
21.9246
26.1391
25.9036
26.5169
26.7831
29.9695
22.3792
29.0498
26.5057
25.6798
27.5983
31.4239
23.7174
23.1252
28.4687
27.2470
26.3846
30.5862
26.8836
27.3789
24.5679
28.3046
27.8058
25.1670
22.9986
24.4618
31.1518
30.2264
26.1521
35.0970
27.1559
31.4497
28.1946
28.0376
29.2254
26.0205
29.2702
28.2008
28.7314
27.6179
29.9862
20.8577
30.4967
25.1675
27.0460
30.3511
25.5934
27.3445
25.1589
29.6154
25.0006
29.1920
31.3425
27.9034
27.9044
30.0345
25.3850
24.1420
22.4393
23.4334
28.6535
28.3738
27.5058
22.1315
27.8984
33.0404
19.7780
29.0822
32.3204
23.4792
25.9898
19.9498
30.4187
29.1986
28.5804
30.9523
27.2162
28.0389
29.1547
27.9624
24.5185
26.1644
26.5240
27.6213
24.0953
24.1101
26.4166
26.0615
28.6448
27.1898
25.7756
28.6417
28.3427
30.2334
30.3842
29.4991
30.1431
28.8784
25.7158
24.1287
30.8489
28.9986
33.3000
24.4724
25.3846
26.2271
29.3263
25.3920
21.4020
27.8335
21.4023
28.9919
23.2996
27.0701
27.6674
22.6575
24.2383
24.2120
25.3781
23.6679
22.8529
26.1593
27.7644
21.8072
23.6739
24.8365
24.9450
28.4270
32.1798
22.6959
28.2030
29.9277
29.4493
27.2764
25.4565
22.9525
23.2558
26.1677
27.2270
32.0295
25.7120
31.0236
30.5825
30.6752
26.7466
27.2488
25.4734
29.6462
26.7385
27.6443
28.5485
23.9820
32.6441
23.4796
27.4884
25.0353
29.0752
33.8775
26.1382
18.8053
28.2867
24.0109
28.7098
26.3389
28.8084
24.6254
25.1572
24.0915
25.7050
24.1034
24.4693
23.2658
27.1042
22.5047
32.5579
26.4127
28.1065
27.6950
32.4729
28.0083
27.6966
26.6276
24.9780
29.7878
28.5752
29.3057
28.6496
29.2342
24.6950
26.1225
28.1242
33.6049
25.0388
29.0830
31.7182
27.5884
28.3494
25.6580
27.4127
25.6362
28.6141
25.8789
26.9165
24.3319
22.6657
31.6741
31.6116
26.9468
25.8255
23.3226
23.0616
26.0803
24.9517
28.3382
25.9529
25.2598
27.9028
31.4671
27.3527
28.2916
29.7087
22.8238
24.4586
23.5703
20.0009
25.5956
29.1536
29.2708
23.4097
27.4958
25.1474
24.8671
27.1282
31.5150
23.4989
28.3008
25.9592
27.8867
33.1356
24.8830
23.2637
23.1571
29.3607
25.3654
27.4411
31.9438
27.2432
24.7553
28.2545
24.8858
27.5645
26.2746
22.8062
25.5262
29.1884
29.8075
25.4991
26.7122
24.4216
28.3925
27.6539
28.4213
21.9721
25.0849
29.3385
37.5027
23.9836
30.2595
28.6675
26.1155
30.8896
27.7031
28.9727
32.3469
27.7679
27.9117
28.5330
28.1412
24.0693
31.5480
29.9213
27.0560
24.5685
28.8824
27.6096
30.2461
32.9214
24.3204
31.7243
21.9414
34.2806
30.0961
24.6713
25.2674
23.3736
32.7001
31.7543
27.1914
23.9537
28.7129
23.7656
28.8181
26.0285
23.6167
28.8119
29.4009
25.4072
24.1748
26.3140
24.8307
32.7280
29.1677
29.0886
31.9794
22.6549
29.8210
32.8283
23.2652
22.6574
25.2277
32.3555
25.6843
24.9194
32.3141
23.9885
26.7870
26.3263
31.6439
29.9376
21.4730
25.4908
26.8548
27.0944
26.1740
22.2140
23.8671
27.8109
22.9751
22.0451
26.9332
26.2469
26.6697
36.8660
27.0522
28.7131
30.1879
25.9424
27.6729
25.6259
26.5351
25.8853
26.0851
25.5242
30.3680
23.4871
25.0654
30.4604
19.7308
27.8683
26.6694
24.7647
27.7689
28.4663
31.0534
26.7153
22.6939
21.2714
30.5567
32.1290
25.9627
24.9043
22.9477
24.1030
31.4190
27.6518
24.7912
25.9414
31.9445
33.3209
28.5659
27.7360
28.4250
27.1552
26.9917
24.8363
27.0363
28.4319
30.7551
23.6376
26.2369
24.7272
23.2066
30.3588
29.2961
23.5768
26.1193
23.7894
24.9893
26.5897
27.6915
28.6205
29.7748
28.2207
27.9264
23.8469
29.9875
23.9646
29.5796
26.6773
32.1389
29.7760
33.7861
27.6480
28.7695
31.4136
23.5200
29.3672
29.9697
25.5816
29.4185
25.9170
28.7401
28.6557
23.6370
27.5336
22.2332
28.6032
26.7794
25.7184
29.4308
24.8956
33.0321
28.6787
27.2405
31.2092
26.9290
29.4259
29.6408
26.8423
27.3327
28.6769
26.1024
22.3300
26.5517
28.3049
28.6296
23.5637
27.7762
27.8385
29.6987
30.2406
32.8600
27.1301
29.8978
26.6233
26.7795
23.9751
26.1827
26.1423
25.9182
37.7780
24.3466
26.5332
26.1829
26.0521
25.9061
26.8906
26.8820
34.6412
33.6911
28.1765
30.0428
36.4365
25.9523
33.6937
27.1120
27.5944
28.2317
23.1665
21.8365
26.4529
29.6136
31.9739
28.3763
24.9865
27.4542
25.2787
25.0225
28.7896
26.3987
27.2715
28.7844
26.5277
23.3096
23.8045
25.2060
23.9131
27.7973
24.2121
23.5245
26.6198
28.7783
26.1039
31.3331
26.3248
27.6982
26.5527
28.2766
32.9217
26.8559
29.2163
21.5526
32.6894
28.4105
27.0977
25.6101
27.8526
26.6242
27.1909
26.2401
26.0120
28.6465
20.3974
30.8639
26.5946
28.1451
21.9249
25.8288
25.9026
20.6049
27.9870
20.1836
23.3335
22.6544
27.6854
23.1879
27.4571
31.4469
30.8253
26.0040
26.6067
29.0572
27.2006
23.2985
24.6502
23.4648
29.6835
27.3032
29.2903
30.7418
26.6995
26.3534
24.9714
24.7310
22.0470
24.4690
26.4869
26.0374
24.2891
29.9737
31.1467
28.0148
28.6155
27.6696
26.4252
23.3375
22.1347
28.9599
28.7054
28.7058
30.4250
24.8961
25.4273
23.9622
25.7118
27.2370
27.3699
27.7414
22.6520
24.4722
24.7065
25.0705
32.9039
30.0764
28.2037
23.0766
30.9316
29.4370
36.7359
27.4210
25.7219
21.7754
25.8913
25.2684
25.9919
27.9185
27.1190
32.3907
25.9181
27.4652
29.2903
28.5565
27.8194
30.8495
29.4779
26.5326
34.1956
26.4310
23.3213
25.2444
31.9403
21.7381
28.4933
26.5230
29.7100
27.0577
28.8624
29.1437
24.1328
22.4327
25.7820
26.2978
26.4915
27.8895
29.1877
20.2035
26.1546
33.7975
31.6203
32.1439
31.6744
28.7618
34.5806
27.1478
29.1292
24.5590
23.0419
26.0160
22.8287
27.2426
31.8837
26.8607
24.4774
24.9410
31.5921
24.7146
26.5112
23.6935
32.5990
30.3212
34.2156
28.1172
21.8451
25.5496
26.3566
22.3844
25.4009
25.7425
30.5589
28.7805
26.8852
25.1878
29.7331
22.1012
30.0551
29.6058
33.8780
27.2737
28.6020
29.6378
27.4003
25.3425
27.9960
24.4043
23.9970
31.5231
28.8854
24.1732
28.0785
27.0854
22.4441
23.8283
24.0113
23.6862
25.0921
27.3103
29.2365
26.2262
24.8858
20.9305
20.7062
26.9160
21.5647
23.1426
26.6597
26.3612
26.4364
22.4307
25.0584
28.2827
28.2845
29.8283
28.9326
29.0586
30.7776
34.5948
29.2698
25.6981
25.2999
28.8994
23.0270
24.0976
29.6309
28.0128
27.5882
31.1518
32.9770
29.9311
21.4733
24.1968
24.3180
27.8909
21.3547
26.8616
25.3383
28.5599
28.1308
34.0546
29.8984
30.3822
24.0410
30.6727
30.8599
25.1904
30.9852
23.6327
25.3935
30.0049
30.4629
24.4436
24.8748
23.7727
24.9901
24.2861
19.7982
27.6912
26.1455
24.3901
21.4224
28.0198
29.3532
24.0921
25.1900
25.4254
25.0286
29.5653
25.5831
24.7186
23.5900
27.9820
25.0965
27.8105
20.8167
23.6378
27.8901
30.2382
27.1940
28.2963
27.5334
28.4198
34.0079
32.9183
21.6416
25.2176
23.5355
23.7175
29.8920
24.2398
25.7884
29.2309
29.2013
31.9644
32.0976
25.5759
29.7066
29.0017
27.0440
32.0589
31.2057
27.2366
25.6962
25.9486
29.9294
22.3478
24.2465
24.4892
31.0592
26.1189
23.3462
30.7919
28.9526
21.3217
27.1799
25.4951
23.2626
28.8453
23.5710
32.7749
24.5563
26.6210
26.0452
25.3916
27.8439
34.3850
25.6763
29.6553
26.8658
28.8295
26.4359
23.1872
23.0776
27.1776
27.3682
30.1232
34.9751
27.3735
33.2332
29.1716
27.8185
23.4979
26.4158
27.3866
24.4277
32.2606
21.8506
25.9494
22.9309
29.6415
27.7417
26.1934
27.5069
24.6544
24.9908
30.1800
31.3588
28.2011
23.0915
33.0212
27.8592
30.3110
30.4305
24.5414
23.5739
25.4223
26.8271
25.8504
23.1732
26.1797
24.5298
29.1409
21.9279
24.5945
27.3106
32.4825
27.2512
28.0217
25.0321
25.4558
29.3061
27.6806
25.4342
25.8880
33.4287
26.0827
31.5893
25.0785
31.3808
24.9679
24.5480
24.2332
25.1606
22.6668
21.9822
23.5368
28.1318
30.2934
23.1663
30.6786
25.8898
24.2202
25.9174
30.6558
31.4949
27.0799
25.4648
27.7681
21.5908
24.3352
24.7754
21.8928
27.7971
27.8155
25.5090
27.4628
31.4884
24.2219
27.7530
25.3396
26.8330
25.9351
21.6440
27.8735
24.6842
27.2573
26.7584
29.0869
30.1937
23.7137
28.3905
28.8784
22.1122
28.8588
22.4803
32.3534
21.1088
27.8310
23.7140
25.9473
29.1071
31.0370
24.5168
32.2230
25.1097
22.6566
23.9332
28.6384
22.9710
24.9473
25.0891
32.6258
35.1079
29.8014
24.8427
26.7807
24.0245
29.4908
24.6970
33.8732
28.0143
28.4346
27.9807
29.6273
23.9913
27.3988
28.5163
32.6259
24.7626
26.5893
22.5292
30.0820
24.1558
31.5581
26.5852
30.4686
26.2883
25.3124
23.4441
27.5883
25.3968
23.0786
26.1845
23.7377
30.4697
25.0931
34.3421
32.0603
27.1638
30.7611
24.8120
25.2125
25.9011
24.2754
28.3064
30.5570
24.0150
25.3797
29.0036
26.1222
30.9554
31.0059
25.1600
28.5656
23.4644
27.6991
28.4906
27.7091
27.0028
27.1975
25.5334
22.4032
23.5588
24.8676
23.8335
27.2979
26.4053
29.6605
25.8253
28.7360
32.0643
23.4175
25.1627
24.5895
31.8839
26.0696
27.0947
25.4360
24.1314
27.8908
22.4849
29.7363
30.1890
29.1588
25.3673
23.5474
21.2756
32.3432
24.1230
31.2646
25.1469
27.7129
20.8719
28.1047
22.5917
23.3726
25.1710
25.5966
24.3588
28.5117
25.9486
27.6461
29.5878
32.1349
29.7346
28.2180
31.3923
28.3587
26.1829
36.3669
28.1833
27.5158
27.8200
27.6654
26.4889
27.8786
28.4821
22.7251
27.3349
22.4068
28.8948
23.9585
33.3353
30.4627
27.0034
24.5664
22.9599
28.8609
23.9803
24.7273
24.1241
29.1288
25.6881
27.4660
34.7369
28.7289
28.4770
32.8617
28.1531
24.8645
30.5916
24.2743
26.8278
21.9607
25.7886
26.3898
21.5929
27.9382
30.0577
31.2703
28.3860
24.9140
28.4845
26.6452
26.1027
29.8328
28.2462
32.6459
23.5626
25.5435
26.3944
25.2997
31.8316
31.0521
30.5147
31.0827
26.4408
26.1679
29.2967
28.7341
30.8274
24.8679
26.7652
28.4268
23.4174
26.7843
28.5136
23.6989
33.5755
28.5255
23.7371
25.6828
23.6396
23.6892
28.8107
25.2447
22.0780
28.5740
27.4640
26.3872
24.0393
24.3896
25.4049
26.7737
25.1518
31.6000
24.4944
28.0484
24.7660
26.1315
33.2151
24.7102
22.4079
28.5454
23.0732
23.6603
25.8858
25.9127
25.3133
25.5074
28.9736
21.5547
27.4255
31.7962
32.8482
25.4588
28.9903
29.7023
36.0383
27.9166
31.7819
23.7565
25.8773
25.8858
23.5967
24.7735
26.0463
27.7498
27.4483
25.6363
29.4328
30.6234
25.0250
27.5893
25.6828
25.9083
28.9710
25.8090
26.1281
23.2194
24.1598
22.7128
21.5617
24.6140
29.5523
25.3701
21.8564
32.2978
34.9007
21.8794
29.0565
21.4417
22.7043
23.3157
25.7461
27.9973
28.8839
27.1188
23.8971
25.6815
25.6017
30.5673
35.0898
26.4960
36.1495
26.4010
30.3652
25.5607
26.8825
26.7428
30.8733
32.3312
23.4396
28.5279
23.9778
26.0559
25.7736
25.9029
31.7602
26.2756
23.8977
31.3360
20.7691
28.2803
28.7223
27.0023
25.3147
28.5489
28.8002
33.2330
31.4272
25.3997
24.3040
28.4568
23.2983
28.1660
26.1708
24.6520
28.5370
25.7954
25.3324
25.2332
32.6636
28.6471
30.9409
22.2489
22.2106
23.3234
26.4681
30.9328
28.0578
25.6849
25.5129
28.8341
25.4525
31.1656
27.6549
25.9664
27.9797
28.9157
24.7757
21.1578
24.6535
27.4247
28.0931
26.7407
29.0565
23.2402
27.7328
28.8519
28.0949
27.3771
22.7675
29.5632
24.1243
23.2486
32.0115
27.0928
32.8488
25.7413
23.1646
32.6029
34.7703
29.3928
25.1932
25.8850
30.3211
28.6466
24.4952
29.4063
28.5339
27.5863
26.3558
25.6885
19.9339
25.5819
24.3363
26.6601
28.1655
23.6007
23.0654
31.1032
26.2679
26.0610
29.1611
26.3380
27.3276
30.1701
24.1965
31.2845
24.6980
30.8640
29.3521
30.1261
29.1229
31.1820
28.7053
26.7237
27.2492
27.8499
30.1122
26.6686
33.2130
27.3019
35.4840
28.4020
25.5106
26.5937
30.5404
29.4406
27.4715
24.2773
21.6236
25.3710
33.2428
27.3144
22.3782
24.5684
24.1778
31.5692
27.0012
30.2352
33.1289
30.2035
32.0920
26.9727
26.3005
25.0603
28.8864
23.6569
20.7733
27.2797
32.5012
25.4072
25.7494
21.2215
26.4163
30.7079
26.9984
23.4500
31.1190
26.3729
30.0928
33.1704
26.7613
29.7033
28.4463
27.7996
29.1095
26.1053
27.0665
30.8709
30.3895
25.9802
22.9642
30.2612
26.6711
29.3397
25.0591
25.1901
24.1356
26.5790
24.4346
25.2055
25.0190
27.2810
27.0968
26.2597
23.2169
26.7110
27.5814
32.6166
26.6988
24.5685
30.0061
22.6763
30.2981
26.1447
27.8082
27.6745
26.3858
24.9491
25.6193
33.6478
25.6631
26.8765
29.9911
29.1453
28.8410
25.0063
21.6365
25.2391
27.8226
28.9814
23.7434
25.7436
27.2326
29.4263
32.6372
24.3375
27.7306
31.7279
29.5346
24.0248
26.6638
24.0968
28.3872
35.5419
28.4848
26.2496
28.6791
23.9098
24.2788
27.4292
32.4725
27.0802
26.8478
24.4497
25.7596
25.8651
27.6689
31.8099
34.6400
25.4312
30.0897
24.0721
31.1932
23.6527
25.2267
24.2066
28.5783
27.0010
26.6842
24.0308
26.6662
27.1929
27.8835
26.9555
24.7852
29.6786
24.7019
29.4268
28.3810
27.0607
28.1136
25.5157
25.7943
32.9371
25.8291
33.2295
24.3565
29.9401
31.2164
22.0853
21.4453
29.9449
23.4557
21.3403
27.9804
27.2646
27.5637
34.1397
23.8935
28.6417
28.4515
26.2120
25.7629
32.8294
27.6815
26.6740
24.2547
26.3844
28.0428
28.4403
21.8633
26.3797
32.4058
22.8623
26.6428
26.0641
22.8958
29.3441
23.9047
23.1190
30.6169
29.4614
24.4856
30.5167
25.3704
31.0106
24.3508
26.9154
23.6814
24.1340
26.1363
29.4145
25.7911
23.2245
32.5607
24.5810
29.6504
27.4473
24.7648
30.7198
32.3861
26.9708
28.7884
26.5743
27.1368
21.2804
24.8470
26.4047
28.0574
30.5778
32.8160
27.7149
26.1354
23.3869
28.7594
29.2020
25.8226
28.4040
24.7072
23.9869
27.5603
26.3982
28.5708
27.9821
26.1114
27.5771
28.3138
23.3384
25.4750
27.1096
26.7020
28.7835
24.1885
24.1511
27.1092
22.4638
25.2952
29.1384
30.1812
25.7668
23.4750
26.3495
26.0421
26.3243
30.5083
24.6126
27.8562
30.4748
27.1783
23.8597
28.1228
26.4272
26.9166
29.3174
27.1667
25.8597
30.7325
26.9544
29.7276
25.6447
25.9094
24.3947
24.9972
24.4840
24.6227
24.5070
23.6948
26.7547
31.7605
30.1601
26.9805
30.8899
25.9690
33.1702
31.0614
32.8294
25.3912
22.7674
23.7764
24.0723
27.0835
28.6692
28.6035
27.6800
30.5805
28.2527
29.2376
23.4188
27.4684
31.8918
33.4905
28.6601
25.1629
27.8787
22.5248
26.3941
29.7651
28.3006
24.0413
26.5682
28.7493
27.8746
29.9804
23.0365
29.6418
23.3474
27.0269
24.9839
24.0817
24.9467
23.2836
24.5308
26.0839
21.1315
27.3304
28.5289
28.1043
31.6847
28.1946
27.0462
28.4701
24.8327
25.1406
20.9472
27.1277
23.2005
23.3866
26.2125
21.8511
24.4956
25.2440
23.1577
29.2110
26.2607
28.4566
29.5725
31.1118
23.7792
27.9107
26.8311
28.2420
28.0457
28.6476
24.9537
29.1532
25.8613
33.3679
36.2579
22.8492
25.0003
29.2387
24.6973
24.0271
27.2864
27.8545
28.4290
29.4371
30.8105
24.5332
25.4214
26.3630
32.3435
27.5014
26.0568
27.6790
27.4279
30.3184
25.4496
31.9329
26.9861
24.8310
30.5476
28.3860
24.0803
24.7730
26.6055
27.5838
32.1782
28.3462
25.3735
32.0351
25.6358
32.2570
29.9919
25.5739
28.0132
24.8717
23.3245
34.5576
36.9565
30.1948
29.7074
26.6875
23.4073
24.6506
19.0190
29.2831
30.9576
29.3931
27.3325
26.4894
27.1445
23.5343
29.8470
27.5023
24.5279
28.5847
26.8630
24.1446
24.0355
28.6131
25.6301
24.9582
31.0858
25.3175
29.0306
29.6743
25.2019
22.6036
25.6670
30.2305
23.7983
27.3751
27.7046
22.8308
29.5678
26.3547
23.3835
35.5300
27.2265
27.3338
30.7416
33.1953
26.2885
28.8295
23.8936
26.5503
30.7731
23.0473
27.5438
32.5526
28.6227
30.4682
29.4497
31.2565
25.2826
27.8650
24.3294
27.6254
27.7804
27.9988
28.0737
21.5050
26.0950
21.0792
32.1064
30.1378
31.6983
30.3835
30.3131
32.1182
26.6154
24.9589
28.7299
27.6864
28.7269
24.5044
24.0412
26.7233
28.0052
30.7059
25.7373
26.4012
27.1758
29.6955
24.1660
26.4770
20.9406
29.7161
25.1168
27.5079
32.1003
26.8798
26.4751
22.8220
24.6130
35.7709
24.9198
21.7468
25.1760
27.3228
27.7928
27.8945
27.1662
29.4696
26.4064
30.1880
29.2844
33.5530
26.5709
30.1060
23.0879
24.8227
24.5473
30.6389
26.0195
32.8860
26.2397
27.9344
25.2169
28.5711
28.0456
25.0106
27.1270
32.6427
25.7001
30.0020
21.9495
35.9058
22.8504
30.7171
27.9158
28.3266
27.7025
20.7620
28.8818
23.7708
25.6630
33.3706
27.9807
27.4108
26.9047
27.3964
25.0260
20.8965
28.0318
31.5096
27.1257
24.5486
30.3676
26.1509
28.2770
20.1878
25.0931
23.6688
24.1652
23.4660
26.9142
23.8568
25.9862
24.8404
27.6050
32.3768
31.1266
25.5068
28.6343
29.6387
27.4769
26.3720
28.7376
26.8377
24.7327
24.2237
26.4279
23.8112
25.4857
27.6569
25.7746
26.0555
28.5892
29.5939
24.1587
28.5610
24.5817
25.4768
21.5781
30.6268
30.7387
29.4179
25.4270
25.6433
25.7613
24.6548
25.4766
29.3354
26.4628
24.3887
22.7989
33.2275
30.5309
23.1141
26.6316
21.6196
34.8731
23.9232
26.9785
28.2287
29.2611
27.3040
27.3540
25.4696
28.0711
29.1424
24.3264
22.5862
20.6428
26.1195
27.8104
24.9687
22.4175
25.9911
29.3063
29.7398
24.7387
23.7662
28.8760
27.7845
32.1339
25.5967
33.2076
27.8332
29.8164
32.2412
27.4594
31.8917
27.2758
27.8359
30.5596
21.9238
24.6641
26.0324
26.7035
28.1134
25.0364
26.8059
30.2430
32.7348
22.8872
30.6133
26.5408
28.0606
26.6499
24.2150
24.7359
25.5688
24.3061
35.0072
27.7369
26.7545
26.6797
26.9261
33.8346
33.6354
31.7260
33.3110
24.1621
23.1732
28.4473
22.2911
30.9174
28.4031
31.5254
24.6433
28.1196
26.8412
23.2125
23.4910
21.9714
27.4874
27.4868
24.9067
29.4052
21.3183
31.3910
25.3876
27.4522
21.8245
29.4321
28.8383
30.7670
26.8979
31.7117
32.2707
34.4612
29.3215
31.0731
30.1410
25.8700
23.8277
25.4253
26.2831
27.0451
22.8463
23.3182
29.2805
24.9562
29.8607
30.4870
28.3343
32.7935
26.2623
21.1796
30.5761
23.7463
28.3133
23.2226
26.4454
30.7514
27.3339
28.2832
29.0992
29.3507
25.5895
25.3278
26.1420
21.7799
22.8416
30.5967
25.1291
29.4391
28.0598
23.0813
29.1745
30.6949
24.7951
32.5870
28.9100
25.1368
29.8942
22.6437
30.8614
29.5654
32.3045
22.8245
28.0460
26.1578
30.2169
27.0158
24.7132
28.4187
28.2693
30.8502
30.4508
31.1454
28.1916
27.1737
25.3122
23.9332
24.9136
29.4064
24.1126
24.1095
23.9058
23.8976
26.2351
23.4566
29.4223
27.3812
30.6591
22.3225
24.6242
32.9238
26.0387
27.4003
21.8442
22.6544
31.2699
27.0140
22.7161
22.1130
25.5565
26.5845
31.8055
29.1920
22.2821
26.5818
22.7817
26.7732
28.0527
31.5981
27.8495
27.5832
24.6951
21.7820
28.2105
26.8822
26.5166
20.7526
25.9058
25.1709
24.5912
24.6835
25.0543
28.7240
20.9484
26.5061
25.4700
24.8783
27.6224
25.5057
25.1945
29.7628
30.1313
26.8808
28.9673
28.7437
20.7116
23.2224
28.2820
30.0344
25.5080
28.9224
25.9599
26.7740
25.5087
24.0635
25.9720
28.9806
30.9104
32.2457
30.7342
27.1108
26.0403
26.6273
26.7852
28.7360
26.1124
23.4850
26.6133
27.8344
26.1029
31.5956
31.0461
27.1372
24.1807
27.2261
29.6591
26.7963
32.1385
23.7420
26.2453
21.7563
27.6397
29.2805
25.1476
29.0309
25.9733
31.9324
28.4331
25.7688
29.0596
24.7214
24.6329
25.7608
24.1521
32.2171
33.1462
25.3157
26.2487
28.2237
23.6702
23.0096
28.8124
25.4572
26.3337
27.5771
27.3321
28.5684
30.0773
25.8466
29.9408
26.6134
33.3580
28.6194
31.4757
26.3529
22.9437
25.7466
32.7232
30.1560
28.2439
22.2194
24.0473
24.5448
27.9223
24.7201
27.3495
24.8674
26.3378
24.6746
33.2751
24.9630
27.5851
27.9199
26.1511
27.3657
22.5998
29.8765
24.1040
21.7785
26.1120
26.6110
24.0951
23.4363
22.8486
22.5748
20.8611
30.7472
31.9566
22.7525
23.3145
27.8261
28.3899
24.8678
25.4312
26.7693
25.5096
30.9762
21.0084
25.6226
23.9868
23.9015
27.1693
20.4008
27.9862
25.5624
31.2035
24.1652
26.2912
27.2996
34.2925
27.0384
24.2310
28.1963
27.6601
23.1035
22.9238
24.6708
29.0114
24.2784
31.3398
31.3276
20.2889
27.0390
30.5020
28.5735
30.6131
26.9563
25.6722
29.6257
26.6542
26.3447
28.3902
33.4681
26.1293
26.3304
28.2789
25.7426
20.1413
21.5114
27.1999
27.5995
27.8273
29.5035
22.2223
33.8595
19.7363
28.1039
28.1999
25.8113
22.6468
24.6719
22.2334
24.2617
31.1936
26.5021
23.3131
23.4675
23.6087
25.0349
24.7199
28.0621
30.5670
29.4746
25.9028
24.0293
30.9976
24.8468
26.7975
26.9936
34.2807
30.3664
32.7549
22.1203
24.6143
23.4802
27.4194
26.9422
26.8610
27.2699
27.3601
28.3053
25.1271
22.3717
30.0326
27.6241
25.5095
20.5007
27.2130
28.8107
20.9162
31.3510
25.7284
29.6067
24.6702
27.4259
25.6306
20.3561
27.0205
33.0048
33.4688
25.8426
32.4927
27.5790
22.1221
22.6648
29.9211
22.4561
28.4689
24.5970
24.7227
25.9491
27.8528
25.6312
29.3941
26.1929
26.2424
27.6546
27.6214
25.5458
23.3582
28.6477
28.3432
26.8457
22.9477
25.2747
25.6445
29.0672
33.6887
28.5618
31.2290
26.8307
26.6071
33.0816
26.5176
32.0114
30.7458
28.7020
24.0575
27.9916
26.4682
22.6365
27.0218
25.2149
33.1173
27.7087
26.9478
23.5738
26.6981
23.8351
25.4551
25.0284
27.2363
28.4073
25.1235
24.0493
25.2370
25.7525
28.4072
26.1110
29.7579
27.0355
31.7877
27.0439
27.4766
22.2302
25.8839
29.5378
28.9440
23.0856
25.8324
22.9395
27.0680
28.9860
33.0006
29.2473
26.7379
20.8025
31.6698
24.8259
34.2094
37.7872
31.6692
29.9774
32.7218
28.4680
22.5722
27.4796
22.5823
29.2551
34.5815
29.2182
31.3107
27.1695
31.5249
32.4259
29.7974
34.2631
28.1238
24.5368
31.6244
26.1371
34.5340
26.5304
26.8624
25.3449
25.9068
24.6657
28.5845
28.2028
22.0075
23.7506
27.9177
25.3965
29.1996
27.1870
28.1615
30.5137
26.8253
24.1856
28.9579
28.6777
24.4536
29.1428
23.1239
31.7342
30.4781
27.3174
25.4007
29.8350
28.5350
26.4945
25.6598
29.9673
27.3575
23.8430
32.0778
24.6184
27.5927
29.1339
25.8032
27.1192
25.8892
26.1940
30.4616
26.8923
30.4970
32.6465
21.7424
25.8534
31.6161
27.7439
24.8943
31.2091
31.6101
27.5324
26.3697
30.3241
26.4234
22.4707
31.0596
22.0451
26.4617
29.0570
24.5395
27.0992
23.5112
20.1246
27.2092
24.3748
30.9355
26.9272
27.4638
23.2456
28.5081
26.1974
30.7800
26.3084
30.6020
27.9014
28.9800
26.6761
23.9876
29.1868
25.4599
28.6018
25.7465
31.4785
29.8870
23.3548
28.8352
24.5268
23.5449
26.5027
26.5672
25.6308
24.6830
29.7322
26.9608
24.9057
25.5586
26.4240
24.4209
32.3313
33.7646
22.6535
30.0468
25.3798
28.7173
27.9714
32.1038
24.2272
32.3015
29.5615
33.6825
29.1386
26.7703
27.7581
25.2025
29.8209
23.2052
33.2035
30.5399
28.2933
24.3225
30.7882
31.7813
24.7226
29.9528
22.4534
27.8793
31.7591
29.1454
25.5977
27.4363
34.0265
24.3559
23.7736
30.4810
22.7833
31.2180
34.9788
22.0200
24.8446
25.0278
27.6556
27.2888
30.1597
20.4123
27.7270
29.9165
27.8018
30.8605
23.9175
28.5257
25.4920
26.7835
24.4131
27.8976
27.2986
27.6054
29.4958
22.4760
28.7304
28.5724
25.1294
27.3169
24.8413
31.1920
28.8777
32.6260
27.0803
26.4277
21.5292
26.9802
25.8041
29.9121
24.3625
26.0720
31.6017
27.0336
27.3161
23.2414
36.2627
26.1089
25.1695
31.9756
25.2104
28.6731
28.2373
26.6635
24.1607
29.4148
23.0189
24.8189
28.2970
30.1392
31.0332
26.7162
23.6364
25.9023
25.8717
27.8552
26.5901
26.2788
26.2707
33.2275
28.0407
29.6553
28.2939
24.7535
23.1942
23.0769
28.8391
28.1591
25.5937
23.1911
24.9946
33.9568
29.5666
24.5403
33.6448
26.6922
24.1871
20.8403
26.6528
26.3183
32.4371
28.3225
31.1135
25.0489
28.3894
20.2250
24.1909
27.0232
28.1759
24.0467
26.6751
27.2394
21.2167
26.9157
34.9776
26.0516
28.7454
26.0222
28.5642
25.8636
28.1274
23.2598
29.0656
27.2402
27.5402
25.9472
23.1796
25.0035
24.1189
25.6400
25.3046
26.7825
34.2408
27.5985
27.4719
30.6671
24.1019
22.9344
28.8716
24.6142
27.9036
27.7528
24.0607
23.6924
30.5175
30.4972
26.3169
30.9916
34.0631
25.4077
28.3964
30.7666
24.7796
24.6383
27.0721
26.6918
25.3888
27.9725
28.4424
30.4151
28.9612
26.8008
30.6253
21.4548
26.8731
27.4585
22.8182
25.9510
28.3981
25.0920
29.1226
30.2286
26.3870
27.2505
30.8856
25.4071
33.0239
22.2453
26.9375
30.2188
24.1464
35.4934
31.8639
30.3307
23.2634
31.7315
26.8151
32.0985
28.5114
27.4932
24.2668
25.1342
30.3466
25.1233
21.0731
27.9588
31.4085
29.3100
24.9096
24.9057
24.6379
33.6895
29.7439
29.4599
28.2582
27.2275
25.5689
24.5549
28.7709
24.3069
30.5447
25.0121
27.4813
23.3762
25.8924
24.2297
23.7711
33.3326
32.6636
25.1332
26.4011
28.7218
26.7786
30.1628
24.7888
31.2575
29.2371
32.9847
26.4123
29.9709
24.4858
24.4865
31.6523
25.4668
20.0197
24.4661
21.1429
27.0178
26.2918
28.3320
28.5345
23.8632
27.2405
26.3446
29.8390
26.6449
28.7510
20.2157
29.3824
27.4437
24.8290
21.7540
29.7784
20.3212
28.5516
26.3021
22.6670
35.2528
26.8755
26.8497
31.8503
30.1361
23.7550
30.8933
26.3384
31.7767
26.5086
26.2723
23.1203
26.8453
27.0668
23.5423
29.5561
26.6150
30.4267
26.7877
22.6728
25.4912
26.6204
22.0634
26.7541
28.7399
21.8308
30.1450
28.4806
35.6660
22.9475
25.4134
26.7843
28.3725
23.9140
24.7935
28.7592
24.4214
28.0811
35.8436
31.7015
28.9614
25.7695
24.4162
29.6848
27.6113
34.1097
30.4454
28.6221
21.9749
27.1438
22.0164
29.8809
23.1561
29.6479
33.3286
24.4444
31.1184
23.3414
23.5161
26.6828
22.8328
27.8191
25.5787
27.8602
32.0124
29.8855
27.6712
27.4947
31.3823
28.6021
23.8681
29.9963
23.8204
23.4390
34.2863
28.0783
29.3834
23.2636
27.5240
28.9404
27.5033
32.2389
33.0557
29.6275
27.8338
30.7812
31.7795
27.5242
31.6819
25.0270
27.3241
26.6952
26.6750
27.8612
27.5837
31.9319
26.5769
26.7931
35.4155
21.4315
27.1327
28.3324
22.4002
29.3747
29.7623
26.9247
24.5438
31.9760
26.6687
29.7540
32.5041
33.9455
32.9324
20.8292
26.5446
22.1296
33.5684
24.3398
22.6206
32.4578
21.8142
26.9876
25.7813
31.2254
29.0273
37.7563
25.1277
32.2888
27.7212
22.6172
30.9991
23.3215
27.7663
30.5761
20.6927
26.5466
27.4138
28.0191
29.9343
27.5123
23.9108
30.3486
21.6972
27.4912
26.5749
30.1561
28.3500
26.3223
24.9524
31.6471
29.9384
23.9846
28.5401
23.2268
29.0257
30.6689
26.8604
26.7895
28.7548
28.1155
22.9532
26.9508
27.4518
22.1695
26.8100
32.3059
26.6018
28.2177
33.4834
30.9171
32.4507
28.3380
27.1603
23.5464
29.0870
33.7255
26.7905
29.4499
24.6743
29.7236
26.5181
25.2932
31.9856
30.2944
26.3814
25.8746
23.6598
35.1116
27.1942
32.7652
24.1533
26.1729
30.8664
28.8624
25.7092
24.2233
22.8199
25.4512
27.7157
29.1465
31.3688
31.9532
34.6017
24.0742
27.2432
34.9795
26.2464
32.2633
30.4287
28.0061
26.9419
30.4941
34.8509
24.5350
31.5887
31.6161
24.3632
25.2118
25.3944
28.3552
25.9027
26.3147
27.9567
31.1969
26.9795
23.2258
21.7288
26.6915
30.3615
25.4816
34.3281
26.6342
35.3814
26.5294
27.8488
28.9166
30.5805
30.3648
23.5610
28.7386
28.5593
25.3563
31.8274
22.7380
25.8470
24.9543
28.7081
25.1743
24.1484
25.9155
28.6111
29.0151
29.2571
29.1858
31.3157
25.3923
26.2906
33.4324
27.5609
24.9173
28.3938
27.6485
27.6764
25.6803
29.9705
30.2018
26.9948
24.8022
23.0826
29.7939
27.1815
28.1633
29.1765
29.4274
23.6662
26.7532
23.2885
26.8302
23.0525
34.2314
26.0933
25.4115
25.3294
26.9393
28.0107
27.4601
26.5806
26.8142
22.5246
27.5622
23.5583
24.7186
26.9665
30.1082
25.2051
31.1750
23.7322
23.2700
24.4474
25.6584
23.6729
27.6019
24.3743
27.5283
28.7640
23.9778
29.9198
25.9320
31.0033
22.7052
24.4921
27.7545
33.1378
29.3949
32.2724
29.1345
24.4621
19.2772
24.1276
29.0575
31.1148
33.5077
28.3313
30.7650
30.7344
28.6616
25.9579
27.1398
27.1819
29.0414
27.2459
25.7406
20.5260
23.7438
25.1479
27.2791
25.6589
25.6816
30.0499
23.4858
31.3446
32.8954
21.5640
29.2153
31.4027
32.1970
31.4707
32.2742
25.7580
27.7469
26.3571
29.2044
24.5281
31.0933
25.2884
32.0163
25.2525
22.4461
27.8903
25.6752
19.1260
30.9800
24.2604
24.4446
26.7535
30.1968
23.9612
26.8737
29.6077
22.5350
29.9050
29.6436
27.0925
24.5407
26.6269
29.9811
32.2649
23.4042
24.8206
23.2414
23.7189
26.6454
23.8639
27.8458
28.5539
32.4089
25.6177
27.4632
26.9673
23.7620
26.9048
25.0468
24.2488
29.6704
30.7785
27.0152
24.9118
29.3196
25.3810
30.6319
25.4295
21.6253
21.8905
33.7030
26.3566
23.1063
23.4463
23.7896
28.2090
26.4701
25.1357
28.6068
29.5020
23.7825
26.9311
33.1775
21.7943
26.2910
29.3086
27.1298
21.6325
24.3317
25.0856
29.1658
31.4171
28.0141
25.5750
26.9040
22.2636
33.6836
35.2736
29.7650
24.4766
29.0706
24.7677
25.3211
28.2003
28.0544
20.0251
27.3954
23.1688
24.2003
23.9486
26.2960
23.3901
25.5411
24.8201
30.4454
30.8138
30.0565
25.7878
25.6076
26.2431
27.2870
25.0983
28.1350
25.0669
29.5901
29.3631
25.7168
24.2091
26.5836
23.1438
23.6147
31.3258
30.8518
23.9264
26.8867
22.5101
21.5644
28.2932
29.6043
28.7711
28.0030
29.4216
25.3201
22.2825
29.5686
32.6179
29.0911
27.5690
24.0593
25.7544
21.9082
34.3431
29.1557
27.9713
27.8492
24.6910
31.0863
24.8987
27.9627
33.1119
29.1332
27.9443
32.2759
25.6997
28.2259
32.4063
29.0079
24.3016
23.5508
30.9262
28.5855
25.2299
27.0610
28.1676
23.9401
29.0098
27.6272
25.8377
28.7847
24.7555
30.9522
23.3444
26.5787
27.4107
27.4776
27.5777
24.3507
26.2583
29.8572
25.7474
27.6557
26.9686
23.9398
25.1434
27.7286
26.3182
27.3117
28.3709
23.8963
30.2311
26.0146
27.0283
28.5358
20.3945
26.2419
26.0914
22.1611
23.4882
27.8876
29.9097
26.3423
26.3580
26.4786
27.0005
35.2036
30.5557
27.7768
23.4262
28.9778
19.9578
23.1060
27.4604
23.0106
24.4047
24.8275
31.5816
28.4005
24.6273
21.4069
22.1954
26.9657
23.0151
24.7383
25.2575
26.5925
27.8153
25.7259
25.2489
28.0476
30.8941
25.3574
29.4173
31.9113
29.0090
30.2674
24.6858
24.2865
26.6520
23.3493
23.1812
22.4486
26.4797
24.4702
23.4918
29.4830
23.9968
31.0375
26.1202
32.9156
24.6476
27.8407
25.2893
25.9503
26.8366
23.8979
28.4291
32.9579
28.8326
24.4156
23.1428
31.3559
24.6144
28.9187
23.7480
22.3570
26.3119
21.7483
28.7462
29.5643
26.5845
27.4618
25.5056
24.4038
28.8597
25.7415
26.7962
27.5298
22.5322
30.7349
27.5341
28.8006
29.5883
26.3058
23.9892
26.6953
31.3961
32.1063
34.7725
25.9087
27.5130
30.5131
30.9242
23.5378
28.0542
23.3232
27.0793
29.9335
24.0713
28.8361
30.3964
24.4815
28.4967
31.1359
25.1330
25.1153
23.5596
30.3836
27.1512
23.2461
28.2113
29.1714
24.5419
31.6336
27.1151
25.7019
27.8786
33.8237
32.3729
28.3888
32.6830
29.5118
27.5193
25.8535
32.4535
23.7979
30.9130
24.2329
30.0681
29.1877
28.3479
32.1445
27.6594
27.6657
27.1671
35.6739
28.5992
29.7441
26.2331
36.5489
29.0276
26.9767
29.7546
30.8626
29.1051
33.4602
27.7994
29.5408
27.0117
29.3175
22.6328
24.4720
29.4156
29.0815
29.5983
30.0984
31.0417
27.2161
21.5939
26.0170
22.8243
32.5477
29.1944
33.7618
31.8205
27.4703
34.2453
28.2516
27.4914
28.8822
25.2485
32.1849
30.6172
22.8361
26.2660
27.3679
23.7213
29.2672
22.8026
22.3186
29.3453
25.6769
28.1376
25.5781
25.7767
29.2900
19.1115
30.9261
28.8266
26.1105
22.3959
26.2210
29.1841
32.3600
26.5622
25.6093
23.9449
28.5316
28.8714
22.6296
26.4510
23.4752
23.3136
22.5255
27.2044
29.8731
30.7291
30.1360
33.5390
22.2162
33.4216
29.8444
25.2606
26.3046
31.1013
29.6889
30.1814
32.3673
25.0374
21.1064
32.3868
26.3020
27.8778
24.8421
27.1909
25.7573
29.3860
27.6890
32.5319
26.8252
31.6684
26.4254
28.2700
32.9847
30.9508
29.0873
24.6799
27.0652
24.6445
36.2085
24.1910
26.6211
26.2080
32.5372
27.7497
29.6592
29.1392
25.6672
25.8720
29.8910
30.1946
27.7169
27.6057
24.9310
26.5812
22.9874
26.7731
25.6667
26.6543
21.3448
23.9683
25.8233
22.3876
23.4170
35.3256
30.4849
23.6172
33.7158
29.5652
29.8700
24.8732
29.9720
23.2234
27.8968
33.3368
25.6608
31.1067
29.0793
29.2791
28.2583
25.9593
23.8688
30.0305
29.9956
26.4929
29.0371
27.5291
25.9934
25.0262
34.0814
26.9623
21.0129
26.6801
27.1512
27.2156
26.5288
29.7962
27.2528
26.1933
28.3017
24.1412
30.6934
28.2534
30.2159
27.4232
28.2504
26.1744
32.2993
25.6340
26.8448
22.4727
24.3135
26.7570
27.5849
31.5527
21.2678
22.1125
28.5705
28.7109
21.2638
26.1344
28.7809
28.7952
24.0334
27.8351
29.3332
27.5808
25.1068
23.7218
24.0619
19.0239
30.3667
26.9853
27.6372
25.5910
29.8835
26.0988
25.9613
29.8400
22.7836
31.2026
33.9825
23.7318
31.5866
27.0947
28.3157
26.8020
25.6111
31.3170
29.3884
26.1397
29.4804
25.9449
30.4348
26.5662
27.1191
25.4298
27.0321
26.1262
24.5755
24.7750
21.9076
27.6892
25.9689
26.5472
26.8584
24.9701
25.1981
27.3777
26.2642
26.7855
28.8100
28.7493
30.3053
27.5627
26.5067
30.5601
32.7753
29.1497
29.3444
25.2935
26.9290
28.7437
29.4384
29.5717
28.1854
25.5168
31.8305
31.6608
22.8955
27.7014
23.2264
28.4829
28.6981
29.9051
27.9481
25.3451
25.6630
26.2276
30.2872
23.6010
27.2539
33.8827
24.5237
30.4798
25.6507
32.8549
25.6732
30.6969
27.9187
28.1099
26.6483
30.5312
24.9517
27.1311
25.3722
28.7019
32.7050
27.5743
32.1207
26.2238
25.4250
26.3265
23.7261
23.5892
27.8339
26.3867
23.3510
24.5388
26.7248
29.0774
22.9482
25.7014
28.7349
21.8259
21.7271
28.3311
25.2205
26.2124
22.1755
28.4929
22.5356
32.1336
28.3172
29.9931
23.9351
23.3375
26.9356
29.9317
36.8086
29.8456
31.2266
27.0538
28.3924
25.4536
31.3873
20.6875
28.5818
30.3176
27.1930
27.1032
25.2735
29.3215
27.1106
28.0899
28.4802
23.5621
26.7845
24.2357
26.0018
27.4488
23.8438
23.5769
30.0888
26.7300
27.6492
29.0090
30.7043
22.6238
23.7682
27.6615
29.1342
26.5048
27.3396
27.8319
27.3549
25.2462
31.5925
23.7155
26.4082
31.2405
26.8551
21.5314
28.1177
26.5605
25.8242
27.5390
26.2197
26.5782
28.0840
25.9399
34.7229
26.6967
30.4890
31.4351
24.0613
29.7920
28.3757
28.6904
26.4935
24.5287
25.3608
30.7408
27.3640
25.1581
30.2483
23.7221
25.0906
34.4002
24.3973
24.5377
25.3631
27.2390
23.6033
24.8274
34.9250
31.9349
24.7165
26.1463
26.3260
27.7148
24.9323
25.0843
31.4372
26.7669
30.2678
29.3673
24.2473
28.6280
26.1420
24.8754
29.5649
24.3982
30.0713
27.1298
22.5028
24.2305
28.3518
23.5056
26.1177
24.5111
25.7328
22.6765
26.1589
24.5110
29.3569
27.0661
29.1493
23.3065
24.3481
21.0293
24.8237
26.5018
24.9999
32.6162
24.8996
28.8945
26.5719
25.1750
23.0045
30.7291
29.9647
26.9447
31.2420
24.7555
26.1872
28.8341
24.5643
25.7464
29.1001
25.5452
24.8585
31.3039
32.3044
24.4926
25.3647
26.1204
27.9214
29.0199
26.4411
25.2260
29.0528
28.4678
24.8042
29.7975
26.5977
33.1787
26.9537
23.4208
26.5708
22.4791
27.9246
29.5157
26.5103
28.3780
27.4439
33.4887
26.1921
31.9274
26.6508
23.1061
24.9540
24.1316
28.3796
24.6879
27.5650
29.9215
26.9992
26.7509
23.8623
26.6581
27.2745
30.2607
24.4759
26.7817
28.1892
27.6340
28.7335
27.4035
31.7749
23.8234
28.2536
29.2839
26.4676
25.5497
24.8953
31.7061
22.7593
23.3774
25.9143
23.9962
25.1710
22.2792
26.1978
27.5106
29.1239
24.6232
25.8286
29.0441
29.0448
32.4109
28.7215
27.9005
28.8859
32.8486
31.0590
28.6931
25.1582
29.7965
26.2983
26.8353
27.7996
23.8247
25.8104
23.2087
31.2367
25.8167
27.5446
30.9158
26.9655
31.8898
28.7501
35.0498
26.7874
22.1984
29.2269
23.6312
24.0318
24.9896
30.0814
25.9599
28.3188
23.7603
30.9496
19.8460
24.1313
23.7530
28.1495
29.1364
28.2503
27.8521
25.4124
26.6712
27.3425
28.1244
21.5446
26.7118
23.5783
25.1615
26.2377
24.9711
26.5055
25.9164
27.1419
28.1281
27.6661
36.8771
32.8973
20.4760
26.5860
26.0376
24.5294
26.5655
35.8000
24.6809
26.0413
30.3027
29.7802
25.9679
26.0940
22.1613
29.5905
25.2315
24.4408
27.0879
26.9640
21.4052
28.4713
30.2743
25.9413
28.0831
24.9248
24.9422
28.2116
30.2161
31.0810
25.6361
23.7703
27.3071
24.9047
26.5982
30.5711
26.3829
23.8614
27.4899
28.1973
23.2566
28.6045
27.6543
24.8371
27.5469
24.6647
22.7027
23.1080
30.5790
25.5133
24.3404
31.0567
29.8827
33.7527
32.4274
25.6860
31.0262
27.4313
23.3445
26.5252
34.5670
30.9358
29.1109
28.8050
24.1892
29.6860
32.1541
26.4375
29.2716
34.3693
27.0748
28.6107
29.8193
32.7898
26.7456
29.4243
27.8878
27.1210
31.1096
26.9894
24.9308
24.6367
24.7156
30.8456
24.5737
33.5431
28.1934
27.3583
30.6120
22.3863
25.9279
26.9815
21.7796
31.8694
27.3893
25.0636
30.9463
22.9777
25.6971
26.4127
31.1079
22.7776
24.7896
23.0252
27.7762
26.7069
26.6501
26.0466
30.8730
30.7659
29.0427
31.2421
30.6691
29.4220
26.4858
23.5196
24.7163
23.8378
22.9661
28.6019
22.9656
28.5320
31.7755
34.1228
27.8932
28.2935
26.3184
30.6937
27.3986
24.9220
27.4559
33.1034
29.1685
26.7761
25.9015
30.0421
30.7341
24.2440
29.6607
27.3492
25.0787
24.6224
28.9544
30.8663
26.1267
23.7597
28.5846
26.5247
25.8482
25.6611
32.1512
26.8472
25.4210
27.7260
23.0136
26.4210
30.7887
27.3495
29.8131
26.3925
30.7462
29.8655
25.3340
27.4483
27.5307
21.9681
27.2570
24.5468
25.8229
27.1233
28.8930
18.8257
27.6013
26.8844
26.4314
24.9712
25.2715
32.5414
23.2315
28.8204
33.9190
24.8612
30.1062
27.2562
29.1500
26.9427
25.9605
27.7942
26.3375
26.6779
25.7981
24.8278
21.8258
26.5611
21.9652
26.8759
28.2778
32.3069
31.2257
27.7179
22.2392
29.8000
27.9695
26.8183
22.1353
24.7626
27.8442
26.7937
25.4468
24.3768
24.9850
20.6330
23.4742
23.5035
29.2816
25.2806
22.7421
25.5907
26.5540
25.4037
23.6083
23.5603
30.8196
26.7397
25.5611
28.1410
28.9925
21.8450
23.5832
26.5541
22.2967
30.0583
31.0918
28.4445
22.4238
28.7415
24.3677
26.8970
26.8347
23.3074
27.6905
25.3195
23.9939
27.8929
27.8701
27.2296
25.6638
31.9405
30.3187
27.6714
22.7416
28.2190
26.2149
25.1367
26.5939
29.7907
25.6953
26.4512
27.9454
23.4170
28.1770
31.4424
28.5175
29.2954
24.6736
33.4022
30.1648
25.4476
26.5857
28.7636
30.4458
23.6804
27.0541
31.1493
27.4049
31.1787
27.5354
24.9420
28.9069
32.7482
26.0186
29.3023
27.8547
23.2717
19.9703
23.2915
25.3448
23.8311
23.3554
27.4387
34.0164
32.2863
26.1048
27.2989
24.9235
25.6758
31.7464
27.8719
26.2188
27.9239
28.6312
30.2646
28.7835
24.1988
30.9222
25.1065
29.1750
25.3043
29.9399
26.8375
25.4546
31.8628
26.9503
23.3894
25.3135
26.7404
25.8509
28.9162
26.1566
28.3663
32.1110
25.6348
24.6040
28.2118
33.3302
23.8632
27.8297
21.4916
30.9758
23.9423
30.4660
30.4671
23.1095
30.9824
28.9287
26.0995
32.9185
23.6486
28.2143
23.4456
19.7715
21.8957
32.0943
25.5286
28.8134
29.2916
26.8921
21.4162
29.2717
26.3024
25.4112
24.4275
27.9563
22.4020
29.7041
27.6976
30.2483
23.8483
26.8961
25.9235
23.6888
27.4001
32.1905
25.6288
28.4076
27.6235
27.5067
22.3804
26.8061
30.9650
19.5966
25.2943
33.1259
24.2164
25.8196
33.1338
32.0811
23.2495
26.3568
24.9101
30.2987
24.1256
25.0608
30.1240
25.1936
26.6328
27.8832
25.9265
30.0840
27.9408
26.1258
22.7396
28.2888
27.6137
23.3150
26.7500
25.4165
24.2729
26.2188
27.4389
26.8450
24.5300
35.7151
24.5119
30.6350
28.0608
23.6667
34.1197
23.7078
23.0527
25.4876
24.8605
25.6114
31.3653
30.2581
26.9126
23.0737
22.1731
28.0089
30.7739
28.2037
29.3134
35.6109
25.6391
24.1011
23.5759
22.4608
26.1416
26.3113
24.9177
29.5057
23.8828
27.7515
25.5395
31.9435
29.0816
27.6946
28.3286
25.6375
30.8203
26.8851
23.3532
27.7723
27.9112
28.9178
27.5080
31.7734
34.0470
25.4878
23.5477
28.1238
25.4093
27.8333
30.6734
29.2301
24.0083
26.1259
29.9197
33.9455
25.7482
29.4669
25.0373
23.6587
30.7550
33.4521
25.6318
32.5305
27.8392
33.0608
26.1674
28.9855
22.8435
29.4068
28.3316
28.0610
27.1700
34.9472
26.6986
25.9369
33.0219
24.1314
26.1982
28.1156
26.9441
21.3468
29.5161
27.1242
30.9057
28.9325
26.5746
21.0950
25.0769
30.4122
33.1616
21.9913
24.0045
25.6871
26.7337
26.1168
26.2410
26.6738
21.9155
26.8921
22.2860
28.5160
24.6676
21.8138
26.7547
27.0242
32.6699
30.3254
23.9069
25.0742
28.7359
32.1625
24.5478
27.9938
27.3559
23.5650
25.1966
26.2938
28.8278
20.7627
26.3075
28.0350
31.7476
33.4226
27.9746
34.9399
30.1683
25.0890
26.1928
30.6880
25.5726
24.8886
32.5391
27.4819
22.1911
28.0118
31.0511
30.2414
30.3987
24.4703
34.5718
24.1274
29.2203
26.0150
31.4072
30.9411
27.0518
28.3454
28.6597
28.5801
34.2641
26.6601
27.1017
29.6859
26.2123
29.3065
27.1400
28.8149
23.6238
26.0601
24.0959
29.4821
23.7816
29.3616
21.0539
23.6970
33.6897
22.1104
17.6674
20.0359
28.5443
29.5916
25.2396
26.6439
21.4609
27.0983
32.3073
22.3434
31.5752
26.2500
26.4630
24.3253
25.9369
37.4027
25.9466
30.3996
29.9147
29.5493
21.6688
26.0837
33.4296
19.4015
26.6955
25.1128
22.9690
30.2200
28.5224
20.0111
26.9632
27.2794
25.9204
29.6635
28.0991
25.6967
26.8418
25.8960
24.1224
26.2593
27.8395
30.7333
28.4967
30.0746
32.0313
27.8106
30.7368
31.0511
33.3964
32.4677
29.5346
29.3381
26.6964
24.4567
27.2297
28.0959
26.0810
24.7971
24.8348
26.3616
27.6586
25.7031
26.2032
29.1424
28.2391
30.8242
31.3912
25.2064
30.0542
25.6788
25.7418
24.9243
26.7949
25.2634
28.2858
24.7417
21.9930
30.1325
26.3294
23.1262
30.3418
29.1251
27.1674
23.4572
26.1601
27.0931
25.5273
27.2595
19.9215
23.9946
28.5078
28.3207
31.9367
29.3761
25.6351
21.8868
22.8712
28.5197
30.0700
22.7657
26.2499
28.5918
25.8886
28.3606
31.4003
27.9177
26.3931
30.2674
34.3194
24.5372
31.9442
27.4885
27.6962
33.0181
30.1654
26.6391
22.7934
26.5175
21.8241
27.8886
29.4465
29.7811
22.7849
36.1968
28.7151
27.3972
27.9843
29.0752
23.4977
26.0978
28.7874
24.7555
27.0007
19.8946
29.6270
23.1543
30.9679
26.0026
23.6354
25.8641
27.7401
29.0200
24.4956
27.4752
25.3819
33.1031
29.5535
26.3060
21.3766
29.5844
25.6184
25.8611
22.7318
24.9341
27.7759
30.5799
29.1156
27.1175
25.5297
26.0874
23.2115
31.6720
28.2077
32.0640
30.5961
26.1338
30.6772
25.3959
27.5174
25.7394
28.8559
27.9237
23.2027
26.7380
23.8636
25.0186
23.6874
30.0479
28.9164
26.8775
25.1930
28.7902
24.5655
33.6056
33.6181
25.5179
28.6388
23.2486
26.4819
28.4003
27.9728
24.5300
23.0577
34.6725
26.0226
24.5683
27.8117
31.0929
30.9388
25.1149
27.1443
30.8448
29.0773
24.5435
25.7051
20.2663
22.3376
31.3386
27.3907
26.9008
29.0814
28.7364
28.1047
26.1571
27.5793
25.6876
22.8644
36.6672
33.5530
29.8736
25.0731
25.2101
30.0238
24.9673
29.9913
25.4153
29.5036
29.8967
24.2502
28.7564
31.5857
25.9858
27.4259
24.0607
26.2345
28.2424
31.3482
26.0271
29.1965
26.0772
24.8311
27.2567
25.4427
30.7368
23.8034
23.7931
25.3439
23.8234
29.6456
29.1225
26.1222
30.7734
28.2920
34.2925
27.2052
28.5421
24.3603
27.6876
24.4107
21.9528
24.9697
28.5671
33.3068
27.4552
26.2270
29.2951
29.3839
25.6739
24.4033
29.9528
26.6883
27.6094
28.8881
29.3178
28.8302
27.4007
23.7756
27.1066
26.1823
24.4332
26.0944
25.4214
30.5840
30.8707
26.7731
33.9372
28.6226
29.5170
27.3394
19.7357
28.2969
34.3099
25.3492
27.5795
32.3853
35.2742
25.1766
27.1366
22.7147
25.4207
24.1758
24.4098
24.4521
28.4170
27.3538
29.0966
23.3517
28.9884
22.5417
28.6424
25.7805
32.3456
27.1830
22.9683
27.0332
28.6392
28.6337
22.9799
31.8573
24.3833
29.7582
24.7502
27.6950
27.6633
24.8970
25.5191
31.7088
20.3640
21.8855
25.3844
25.6301
23.9512
28.3003
25.2246
25.1470
24.8082
28.7004
30.0031
28.0857
25.2196
26.8925
25.3594
33.6444
27.3204
29.4907
24.4400
31.4074
23.5097
21.4125
26.3276
27.0236
23.0750
31.2553
25.1877
25.9665
28.0118
28.3067
26.9310
30.3125
28.0319
25.8086
28.1281
30.9922
24.7118
31.3121
28.0261
31.1085
27.8998
28.3525
29.7533
28.8890
27.6205
23.4979
27.5235
33.3175
25.0888
29.0029
21.6268
25.7423
28.2386
28.8207
21.5304
30.0209
28.8042
25.4814
28.5313
24.2627
26.4210
31.3669
34.5695
24.3943
24.9661
20.7873
27.8143
24.2234
28.0190
25.0775
24.0258
25.1238
28.5559
28.9247
28.7317
24.7115
29.4700
24.8105
29.8878
31.3314
35.2035
23.2461
27.1014
26.1155
23.6506
27.8406
28.4137
26.9185
25.0965
25.0233
23.2677
28.5153
24.7611
26.8510
30.7963
27.9387
28.1138
31.4623
27.8898
22.8124
23.3627
31.7390
28.3561
24.8961
30.6096
25.8016
25.9120
24.3747
24.7159
36.4160
27.4624
29.1396
31.7563
27.3573
32.0101
28.1515
33.6923
31.5978
27.3888
25.4308
27.2601
28.6927
22.9003
26.6820
22.6631
27.6858
21.8624
26.5265
27.5281
25.7911
25.8524
29.0240
25.6818
28.2709
23.8613
29.9734
26.4779
24.7997
26.9313
24.3935
33.6456
23.5757
27.4754
27.4560
25.8278
23.3053
22.9676
28.4742
24.3533
25.4016
32.9486
31.0233
30.7100
22.5463
27.5060
24.2008
30.5633
33.1294
27.7084
22.6301
23.4365
26.8366
27.3342
29.2993
23.4186
27.0553
28.3147
22.9199
25.8727
22.0372
27.4457
27.6356
25.0318
22.6841
29.1576
25.8162
24.3230
31.4609
32.3910
28.7412
28.3515
28.1140
24.3561
27.3183
27.3058
24.6505
25.5709
23.3943
26.6340
24.1364
30.8538
24.1663
24.5676
26.2685
29.4411
26.7590
24.1019
29.5382
23.4454
29.4145
26.6819
24.8307
25.7963
30.7570
30.6325
23.3872
23.6392
25.6752
32.5264
26.6619
25.4290
28.8570
29.0820
29.4267
28.6836
31.3632
30.3735
28.8067
29.5367
22.9770
26.3303
23.7754
27.1416
29.7268
25.8530
35.1383
31.7354
29.3298
28.9609
27.2615
22.9349
24.5460
25.9100
27.1401
29.8727
29.3237
28.1579
31.2533
31.6922
26.9984
21.4970
27.2154
25.8607
29.2799
25.8719
27.8818
33.2798
31.9066
23.7199
22.6487
28.4722
26.5422
28.7091
27.3251
30.8825
28.1526
26.0500
26.8963
24.8529
26.9123
27.4005
27.3344
30.1396
30.2259
30.7536
25.9887
25.0350
28.2987
25.8891
23.2193
29.3401
27.5028
25.8334
32.8099
26.9546
30.0977
26.1805
27.8766
26.4325
30.1661
20.2061
32.0938
25.2446
24.1435
30.3527
23.8398
27.3476
25.6064
26.1511
23.2103
27.4117
25.8822
25.1532
29.8557
23.5587
24.5981
27.6596
26.6798
29.7704
26.5084
31.1694
28.2225
28.4742
28.7736
26.5671
28.6397
27.3661
25.0439
29.8873
23.6580
25.7365
26.3802
25.7814
33.1586
27.2502
35.1467
29.3287
24.8219
29.2815
25.7437
23.8295
29.1589
30.3548
25.4550
24.9235
29.1018
27.1613
28.3895
32.1946
35.1229
22.6233
26.3635
24.0375
30.6987
28.4998
23.6099
23.9342
27.6109
31.5603
25.7835
29.2916
28.7388
31.6833
25.2360
27.3592
34.0188
26.7027
26.9835
23.8693
23.8561
21.3192
28.3517
25.2322
27.8957
25.5478
24.7258
28.7472
26.0739
31.8132
28.5543
27.1362
26.1111
27.3682
24.7915
21.0389
23.4650
27.9632
29.3498
30.6188
21.6506
20.8760
29.9650
22.1551
24.6078
21.5736
24.6409
21.9121
26.6253
30.7169
22.9628
23.6246
27.8199
24.1264
25.7027
25.1608
28.7934
32.0709
25.2403
32.8946
25.8957
30.2424
30.0316
30.0487
30.3638
26.8140
32.0570
28.6008
24.6375
28.0188
24.6265
22.0018
23.6569
23.4136
25.3920
27.3722
25.9549
29.6709
24.4720
25.5102
32.7980
32.5153
30.5743
25.7322
30.8887
31.5971
25.5229
29.1488
26.3875
23.6924
26.3335
35.1478
27.6389
29.0184
23.2892
31.5691
27.3366
29.8043
32.4500
29.6649
21.3408
26.1565
32.5978
27.1545
25.2731
27.0709
24.5004
32.5284
29.4226
27.6771
21.8122
25.7122
26.7649
21.1831
34.1699
26.4368
24.2799
22.0422
29.6984
33.0774
31.5808
19.8058
26.8453
30.9618
24.1419
28.3194
20.3190
29.5031
28.2902
28.7517
25.7196
25.1302
29.2371
28.2602
25.6203
26.9272
31.0484
28.8204
28.9657
27.3602
33.2279
24.0091
23.7910
28.7704
22.9474
22.6525
26.3177
23.6444
28.5946
20.5188
26.8272
24.8473
28.7371
34.1129
26.4355
30.2409
28.1173
32.4037
28.7091
19.1550
32.3203
24.1489
29.1465
26.4996
27.4888
26.5001
27.0262
25.7911
25.1889
24.8924
25.0086
30.5006
31.6885
27.0584
24.5361
22.7434
27.9304
22.8053
26.5376
27.1933
27.1846
25.3123
21.6876
30.2108
21.7836
34.9660
29.3076
35.7074
33.4543
27.3367
25.7501
28.1988
27.6103
25.3999
26.3830
27.2002
24.0255
26.7819
24.3538
27.0947
28.5419
32.8553
20.7295
27.2337
24.3365
29.3996
24.7287
30.1248
23.6606
28.3088
28.6326
29.1960
30.1866
31.2452
25.3452
29.0562
23.1942
33.6687
26.2670
19.8270
20.1363
34.1130
26.8175
30.5694
29.9527
21.9350
28.9612
30.4212
28.3016
24.9838
24.8039
28.9294
25.3503
23.8322
32.8088
29.5381
25.2359
23.6577
22.7539
30.9199
27.3892
27.7230
26.3285
31.5204
25.0678
28.9678
24.7860
26.7345
27.7933
28.2870
27.6203
26.8377
25.8089
24.2566
29.2981
27.8452
22.3085
26.1616
29.5202
32.8227
25.0864
27.4153
25.2871
27.4104
21.7917
32.6367
23.6832
25.3030
24.9886
26.7106
29.3637
24.2345
25.0402
30.1186
27.6937
24.0052
24.4823
33.4762
23.0572
25.9544
30.0612
24.4693
24.6183
20.7443
25.3254
29.6685
29.6525
23.9561
25.3461
29.1366
33.5816
27.1213
28.1768
25.7625
24.6231
26.1056
23.2718
24.5359
26.4835
24.6917
26.5511
25.9601
22.8268
29.3200
26.8826
22.3765
26.7194
26.1061
26.8177
33.7414
31.0071
27.0961
22.4890
28.3279
29.4696
26.8271
23.1487
25.3421
23.8282
34.0286
31.4441
28.5739
25.9712
24.4275
23.0350
25.8787
29.4672
23.8716
22.6536
28.6705
28.5674
30.5010
25.2683
28.3796
25.0869
25.2628
21.8786
25.2136
23.9286
30.1884
34.1620
28.0189
27.5998
25.7506
21.8364
29.9015
33.7680
29.2086
28.8903
27.6540
25.6511
31.9690
32.5112
25.1681
31.5610
27.5717
26.5740
27.0695
26.9487
23.6234
22.0901
26.8513
27.0074
23.2063
24.0333
23.2040
24.1963
27.3957
28.7776
25.0329
28.9292
24.5585
27.9717
26.9839
28.8078
34.7703
28.3492
27.1915
24.4411
33.1682
29.0380
27.4052
29.2317
26.1177
35.0573
32.8299
30.4481
26.6227
25.8045
21.6445
23.4259
31.2793
27.2019
27.0821
30.6563
26.9108
26.3907
26.8783
31.3899
25.1277
24.7650
29.8715
21.0561
28.8573
25.4603
32.8033
24.2887
27.5614
27.5894
28.9549
25.6790
25.8276
24.7869
26.7248
24.0809
30.7932
26.8466
28.9763
27.9418
22.1578
28.5504
24.1607
28.7876
27.8774
29.7381
32.6752
28.8153
33.0077
29.5356
28.0761
28.9247
30.7239
31.5697
26.9841
28.0684
26.8251
22.7620
27.1059
30.6384
29.8868
26.5292
26.7094
28.6506
25.9319
36.4062
28.2647
27.7069
27.3340
24.9202
26.0433
23.4670
26.2175
33.1279
21.6963
25.0109
21.0700
28.6217
31.2958
27.0463
25.5635
26.9508
26.5903
24.7813
26.1390
26.4946
32.6876
23.5084
28.8983
21.9246
26.6699
20.0643
25.9323
32.8660
28.0593
30.9160
34.9692
31.3533
23.6072
24.0601
23.5552
25.2979
29.4785
26.0687
21.7433
25.2590
22.5039
21.1357
27.0432
24.8137
23.8200
30.2475
28.1661
28.6838
27.9503
29.0649
23.8402
27.1355
21.5771
30.1559
27.7928
26.9364
25.2410
25.3403
29.8597
23.0300
25.9453
24.7601
29.5770
28.5780
30.2338
34.1559
26.7771
27.8160
27.6092
31.1896
33.2568
27.7647
29.5023
24.0073
30.6584
33.3248
21.9844
25.2814
26.8502
31.1307
27.8150
27.1785
26.6508
25.8487
24.9556
27.2273
21.3652
32.2165
35.3009
32.6994
25.0156
25.0071
27.1904
25.8339
25.3626
27.2980
29.2590
25.5875
27.2818
26.1369
22.9066
24.0904
32.2048
27.9436
28.4992
29.8489
26.7241
28.6100
29.5820
28.7132
25.3253
23.2426
25.7021
32.8516
24.0181
27.8908
28.7684
25.3157
28.8279
28.6503
29.3007
32.8672
29.1536
27.1068
34.9237
29.1921
28.2584
26.7838
25.3313
27.6124
28.7463
25.4366
27.8678
24.7442
26.5880
26.9841
26.2837
26.6299
25.6234
24.1781
24.1322
27.4516
28.7576
25.5593
31.1301
30.7605
26.6364
29.0854
32.6390
28.2108
26.4882
27.7793
25.8443
25.2943
31.5219
26.7480
26.6044
26.2762
27.1159
30.6510
25.2636
22.1843
24.5719
25.3360
22.8525
25.3804
27.6961
28.1504
22.7495
29.7744
30.0382
27.1844
28.1545
32.9207
29.7328
29.0687
26.7941
22.9719
29.5490
25.5562
24.2554
32.2596
25.9105
32.3732
26.8092
27.0117
31.9943
23.3479
22.7977
22.8929
28.2956
26.0801
26.8908
27.9325
30.5494
20.2381
21.6919
26.2645
27.0797
23.3651
30.3292
27.9179
29.9556
26.1638
29.7956
26.6838
32.3540
27.1139
20.5514
31.2950
25.0540
35.0409
26.8970
27.6272
31.1629
34.1537
24.3365
27.3043
27.5722
20.5433
27.5762
25.6045
34.1759
24.1489
26.4256
25.2028
21.8191
29.0777
25.1886
23.3103
33.8085
28.9269
31.1551
27.3502
30.1374
27.7439
28.5646
29.6132
24.2613
26.4161
26.9467
26.6173
28.7104
26.0074
24.5894
22.1661
29.6388
30.0617
30.7232
33.3385
28.7781
26.9324
24.9671
27.7805
25.2405
27.3790
25.6867
29.9614
31.8898
33.8793
27.3959
24.8565
26.6493
32.4161
31.5599
28.1444
28.7320
27.8907
28.8802
25.3686
27.2651
22.8134
26.0656
24.4094
23.5907
27.4489
32.3676
26.0410
28.1876
26.1556
29.7977
25.5049
29.4018
28.6432
24.2219
26.4443
28.4682
31.3478
25.0349
24.0679
23.8842
26.9114
32.1024
28.1082
32.1339
27.5016
27.9697
23.8059
29.1456
25.8967
24.7640
30.6240
27.1579
26.3835
25.1747
21.0118
24.6982
29.1214
24.7083
28.8536
25.3206
30.5823
33.3485
24.4588
22.3326
24.6536
29.9787
30.0457
24.9499
22.8607
24.9161
31.2528
23.8833
30.0930
32.5839
28.6470
22.9899
27.9648
28.9782
26.8328
23.9992
30.3429
24.6907
26.2153
27.1492
25.9805
25.9320
25.9585
25.2381
29.0040
25.9455
24.8417
29.7247
24.5565
28.5399
30.3541
33.7696
25.4255
25.7352
26.6325
22.3903
20.9856
29.4753
23.9295
27.3532
26.0871
24.5505
29.3932
32.3433
31.5759
29.3233
25.4841
25.2454
22.4063
26.3044
29.0151
25.1330
25.5967
30.1287
29.6997
38.8950
25.9322
33.0757
31.5809
28.7403
32.3741
23.9529
27.3106
24.7943
34.5576
24.6668
27.9971
29.9770
26.7468
26.5834
25.4718
25.6645
29.7058
26.7178
29.0191
24.4101
28.2632
23.5909
25.9864
31.3019
33.5268
26.3078
22.8003
27.2329
23.4933
31.6753
26.7666
25.3517
24.2021
29.2431
29.2177
23.3943
21.5938
26.8190
30.8869
25.1658
31.7171
28.6289
27.5255
27.0867
29.6093
28.7578
24.9117
27.6174
28.6360
30.7816
28.4533
29.7719
31.0910
30.8807
25.4832
26.4847
24.2097
22.6463
24.9863
27.6746
27.3446
27.2962
34.3686
26.0671
27.2902
28.7743
21.8329
28.2996
23.2690
25.2715
27.1950
33.0915
32.2594
25.7821
28.2166
34.9557
25.9020
31.7501
24.1545
28.1730
22.3657
30.0896
28.4487
26.4403
25.7932
31.3672
24.4785
25.4754
21.6139
25.4353
25.8550
27.4422
27.4135
29.4756
23.8955
22.1118
28.4989
25.8488
28.8066
27.7008
31.7161
28.1699
26.0389
28.5677
29.7640
26.9549
25.6259
23.8242
26.4095
24.9955
22.9223
27.3495
31.1817
25.8889
23.6991
26.0622
26.9145
30.8218
29.9625
22.6781
26.7404
23.4552
30.0086
28.0521
33.3389
20.4700
25.3200
25.1622
21.3213
18.5514
20.8226
25.1019
25.7142
24.9444
31.5466
28.3602
25.7044
27.7837
25.5817
27.4298
30.7869
22.8449
29.0983
31.5558
27.9680
23.4339
27.8951
24.2516
27.7521
25.1152
32.7592
23.8124
26.4814
28.7900
28.7842
25.3859
29.1569
28.5827
27.6347
30.3060
29.2686
31.2686
32.1460
29.4294
23.5870
28.4209
31.9504
25.0684
26.7025
29.8454
30.2758
34.4338
25.4639
23.8703
28.3721
32.7622
29.8691
21.9297
27.7561
23.6159
23.7447
24.5418
28.6103
25.1222
27.3405
25.2206
31.3691
28.4751
24.2760
27.0991
31.3520
28.1149
28.3899
20.3221
26.1577
25.8953
28.2927
31.3072
26.5062
23.6774
27.4869
27.0199
28.9292
24.0977
25.8085
21.2869
29.9144
23.9340
25.6024
29.2900
28.2285
26.9235
25.0876
24.4742
22.3955
23.7285
24.9332
27.4631
25.0527
22.7447
26.3404
23.2977
25.9806
25.3324
25.8009
29.0789
27.5717
29.1712
30.4009
32.6922
27.2545
27.5600
26.1956
27.7942
26.0987
25.7359
27.1663
22.7386
30.2165
26.0322
27.1676
20.2888
27.0359
32.5848
25.3680
28.1579
26.6437
28.5924
29.1113
23.6369
22.8624
32.9616
29.9800
25.8719
27.9435
24.0879
24.3081
26.8280
26.3861
24.4319
28.9471
30.7346
26.2643
26.1082
22.9256
27.1762
24.8595
25.2705
25.8827
22.7973
24.8852
30.3351
30.2383
22.4944
20.8718
28.4353
30.6797
21.8874
27.9630
28.7856
31.3078
26.3682
24.7028
25.7255
25.0842
22.2214
29.7085
30.6102
25.1243
26.2338
23.2574
27.3394
24.0989
30.5443
29.6213
27.7501
28.7619
31.6936
25.9812
24.6527
37.5247
30.9626
22.0660
27.5618
27.5804
26.5207
26.7723
25.1237
33.7296
25.6203
31.6852
26.9642
23.8268
25.8256
29.5982
34.7995
21.5082
27.8612
26.8258
19.0407
27.4388
24.8551
22.1862
32.1620
27.5321
22.5343
31.0715
24.6058
27.3327
33.3974
27.8387
29.5683
27.1147
28.0500
31.6132
24.8851
22.3688
25.9474
21.8692
24.1210
29.9222
25.0064
20.8951
23.0671
25.6298
25.0380
30.7081
30.7265
28.8283
31.2357
30.1910
28.0239
32.9138
23.4405
24.3309
24.8469
26.0307
24.5228
22.6429
27.3981
26.2095
29.5059
33.4859
19.2365
27.5430
32.6190
24.8831
24.9046
28.3430
23.3481
23.9831
23.8987
33.3457
29.7713
24.1000
26.3354
25.6442
32.5567
32.0789
23.0495
27.5758
23.7771
27.7645
29.1612
26.7592
33.9772
25.6254
27.1006
26.4503
27.7941
25.2732
29.1777
30.9846
28.2080
26.5303
26.0247
27.7997
33.1686
29.4111
29.4579
23.0096
28.1777
27.4531
23.4509
25.6509
26.8011
26.8176
32.0976
25.9183
28.2526
29.0356
25.5887
21.1486
23.4508
25.5064
28.3884
21.7771
25.2888
21.9710
23.2531
26.4521
26.3426
23.6067
31.1111
29.0782
26.9177
31.3263
24.8535
27.6176
29.8391
27.1056
26.8366
26.5930
25.8176
30.5124
26.1194
33.1643
26.0359
35.5113
31.5395
27.8109
22.3681
27.8618
26.5972
25.4689
22.8668
22.3190
28.9990
21.7072
26.6340
34.5723
25.4651
29.5753
25.7752
30.0787
23.5284
35.3472
27.0314
29.8158
33.2405
32.0825
27.2470
25.6325
27.1534
32.7869
30.0344
25.6783
23.3097
29.2384
26.6554
30.3411
25.7095
25.8827
26.6816
31.8437
23.0834
25.7232
28.0206
27.1602
28.5495
30.7972
28.6291
30.1095
24.9958
20.5012
28.6832
24.2881
29.8526
29.9162
24.3078
26.3248
21.7418
32.1060
27.7306
23.8996
25.2670
23.6915
30.1805
29.6643
25.6617
27.9813
28.8250
30.6086
24.7906
29.1404
23.9963
23.6437
32.2626
34.9930
25.7316
25.3547
23.5090
26.8936
34.4771
27.7159
25.8316
22.4510
28.8741
25.5939
35.4770
28.6942
20.8872
24.0636
22.0943
29.4185
26.5018
23.9756
31.4951
31.9063
26.3974
27.0328
23.4826
26.9996
27.6371
19.6026
25.1662
27.9050
27.8432
25.2047
24.9766
33.2992
25.9513
22.7008
27.7403
22.6406
25.4156
23.2011
24.6679
26.1158
30.4281
25.9971
27.7759
31.7393
25.4597
23.6927
26.6238
24.2050
27.9006
27.6719
28.7542
25.8619
25.2914
23.5183
24.5664
24.4561
29.7771
27.2453
30.2878
30.7597
28.4125
21.7906
26.9658
26.8367
27.1000
30.3370
23.2849
35.6290
27.3867
24.9599
25.6121
26.1366
21.7614
23.3153
24.8158
25.4107
24.8839
25.9385
27.0259
22.6762
30.1074
25.9345
27.9879
22.8313
29.7522
27.8792
24.2362
25.0086
26.9014
29.8770
24.6545
31.3143
28.0943
24.8617
25.2434
26.7509
27.5139
25.4304
26.0578
23.0804
27.5355
23.4963
27.2608
27.6555
25.5797
28.0581
27.9539
25.6077
23.5649
28.1033
24.9606
25.1082
23.9927
24.6794
25.8250
24.7729
29.0055
29.0268
24.4892
22.2183
30.7934
25.3249
29.2716
29.2077
27.6592
29.1792
33.8964
29.4148
25.3435
28.0501
22.7825
24.2578
32.2316
27.1998
25.9735
26.4974
28.3750
24.1732
33.1334
22.6114
31.6281
23.4428
27.5281
25.3301
29.5901
33.0179
25.8903
27.5561
23.8393
23.5245
28.3715
24.4619
30.8854
24.6921
31.2468
26.0821
25.8500
24.2164
28.2548
28.4781
29.6411
24.9203
25.9733
31.5458
28.3436
29.2787
27.2166
30.2479
27.5251
28.3337
27.3627
29.0091
27.9248
24.6145
27.4380
29.6741
26.0786
24.9053
31.9881
35.6036
26.5324
21.5843
22.8966
24.0533
26.3054
30.2522
26.8364
24.0724
31.9157
27.0125
25.1798
29.2578
27.9390
23.5130
33.2924
25.9811
32.3780
29.2400
29.8289
25.5123
24.1331
24.2943
25.8638
33.1905
27.9692
30.6267
23.2711
37.2284
24.5574
31.6394
22.5442
25.0244
26.5747
21.9529
26.2921
24.0903
25.0588
29.9587
29.2759
22.4236
25.1632
25.1691
28.7180
27.5912
32.0858
34.7858
36.1969
22.8053
29.7334
27.6917
25.6418
30.0388
28.8166
28.7909
25.4328
22.8838
27.4158
30.2138
29.1416
22.6476
24.3372
26.7318
26.0873
23.7236
26.3859
29.9450
28.0829
25.4870
26.2834
29.2674
32.5441
25.4742
25.8128
26.8603
26.4527
25.2446
23.1270
28.3268
24.9244
29.6330
28.4492
26.3504
23.2598
29.5533
24.6785
26.1762
27.3028
25.8459
31.3885
29.1210
26.3339
26.9274
23.8403
24.9205
21.7799
25.7641
27.1764
26.4377
25.4517
24.8346
19.6757
23.3520
30.3186
33.7057
28.5059
25.0834
26.7624
26.2520
30.5875
30.4718
30.6062
29.3571
24.7891
21.6264
34.9454
29.9437
32.3005
27.9965
29.1263
26.9827
27.0808
27.9488
28.7877
26.3379
31.1882
25.8898
24.4193
28.4670
25.2204
31.8047
27.7313
30.2904
27.5684
24.8683
27.1594
28.5396
30.8115
24.3552
32.6345
29.1855
28.7579
24.5938
28.8253
29.0558
23.7391
24.1789
26.8201
25.6677
20.5917
25.0170
26.9679
28.8588
30.5816
26.5291
27.2923
27.2143
25.1224
28.2492
28.7377
26.0234
27.1021
27.1988
25.2781
29.1228
30.3536
28.1932
27.1579
28.6342
24.3344
27.0047
25.8209
24.8019
31.5346
26.1910
31.6180
20.8121
30.5837
26.6783
25.5934
31.4132
28.9698
24.7110
28.3280
31.4914
29.7806
23.1697
31.2057
28.7995
23.6198
29.7335
32.4979
24.9814
28.6490
21.5307
28.0771
24.9941
29.8187
24.1910
28.5350
23.7194
23.1654
27.7335
19.6330
23.0862
25.6110
26.3037
27.9843
27.1535
27.0497
32.5854
26.8706
23.0325
28.8988
29.5739
29.3063
27.6396
28.2148
26.1659
27.4330
29.7232
28.5807
28.7117
28.4562
22.7326
33.8180
28.9524
25.5108
31.9276
20.3685
26.1205
28.8708
26.5097
24.7593
25.7480
26.3468
25.6609
27.4299
25.3669
24.0514
25.7631
25.4188
26.5956
24.5151
23.1808
24.4768
23.7530
24.1063
27.9606
32.4957
24.4374
31.2337
27.7571
22.1922
23.1623
26.5498
31.3275
32.2664
28.9238
26.4289
31.3844
27.5520
24.4200
29.5523
28.8133
26.6124
36.0338
28.2193
34.0494
29.0158
22.4689
27.6192
28.5978
24.1465
23.9381
28.3358
27.0673
23.9044
24.5440
24.2048
26.9179
31.6819
26.3760
24.7831
32.0144
30.3936
29.8193
26.3893
25.3752
29.3985
24.3596
24.4741
23.8764
25.7553
23.8840
27.5127
24.4656
26.6081
29.9709
31.2584
29.6995
33.6288
26.0121
24.7289
25.9589
26.0809
24.7744
29.6343
26.6680
24.2322
29.8343
25.8697
24.9319
31.0383
29.3974
27.1553
23.5147
33.6235
28.1551
21.5654
30.6174
25.8902
26.0595
30.0550
28.1073
31.0981
31.6737
32.7141
28.7514
28.0103
33.2046
28.2570
30.2900
26.2564
26.9950
26.3030
27.7025
26.2167
26.5640
27.4479
21.5380
23.2055
30.4876
24.8418
27.0105
27.9576
29.3341
25.6205
24.8020
22.6810
24.5228
23.5578
30.6666
24.0013
25.6946
22.2177
29.0444
35.2587
33.7048
31.0575
27.6780
25.9851
33.9157
33.2443
35.4620
26.2645
32.7873
25.3416
33.8443
23.0366
31.1810
24.2588
25.5532
24.3558
24.1569
27.8921
24.6092
24.0352
24.9265
27.8229
28.8331
25.6363
27.1432
25.1754
29.3975
26.8494
27.5091
27.2277
28.5502
27.2466
23.5811
27.2389
25.7107
32.9944
30.2434
27.4055
25.5703
25.8231
29.9251
31.0629
24.8885
23.2302
31.0045
27.0372
30.8315
29.5276
25.5105
26.2551
22.8893
31.1955
29.1975
28.5479
27.8851
22.6521
21.4012
28.0632
22.9969
25.8624
28.2288
26.7260
31.2820
25.4069
29.7630
25.3564
31.1688
34.5814
30.6799
30.7580
27.5290
26.9887
22.8348
25.2926
26.5202
24.0285
31.5545
22.2972
27.1333
25.8051
23.6564
29.4631
27.0925
20.9147
29.3847
22.6416
28.1329
29.4819
26.7741
34.4116
25.3045
20.7900
27.3921
28.0680
27.9384
23.6569
21.8168
28.4128
29.7042
22.7072
29.0613
31.7137
24.6048
29.6016
25.7425
29.4806
35.4523
29.0736
28.3937
30.4023
25.1893
25.2103
21.6149
22.7075
27.2578
25.1233
26.6963
26.1991
24.7411
24.5407
23.2895
32.6924
26.2109
31.2131
27.4413
30.7264
35.6121
31.9943
32.9256
29.1103
31.7579
28.1986
28.9228
24.6207
27.4512
27.0888
25.4243
24.8153
27.9161
25.8357
22.9065
23.0026
26.1331
25.8415
28.3462
23.6559
27.1540
23.1766
25.4414
22.4792
24.7870
21.1682
27.3053
21.5538
20.5756
26.2568
26.9736
32.1940
34.3783
31.6061
27.6409
27.6578
33.9412
25.4872
28.2368
28.4542
27.0004
24.9023
32.2127
26.6284
28.5414
28.8477
22.0855
26.6450
23.8575
23.8729
26.2287
26.6633
25.0452
32.6721
24.7885
21.0013
28.1074
23.1458
27.6977
23.0120
27.2031
27.6370
30.4389
26.8688
32.6940
28.6851
26.3428
26.0879
27.1971
28.1111
27.1764
25.7411
22.2909
25.9851
31.8011
23.9468
26.5974
21.6951
27.6516
24.1088
27.9096
26.5127
24.5536
29.0735
26.3612
28.5758
29.9473
28.3357
26.9651
22.6084
29.7560
23.5814
26.2948
26.6126
33.7252
32.9090
25.6793
21.6167
22.7062
26.4540
26.6023
27.3931
25.5638
26.6743
29.3607
31.5496
30.1970
28.8989
31.3127
26.3510
35.6286
30.8565
30.1995
27.7575
32.1860
25.4215
25.7500
23.3960
23.0938
33.1571
27.5750
25.8943
31.3363
25.2640
24.3275
23.3669
23.2181
24.8988
29.1728
29.0058
28.7930
28.6683
27.9355
27.8224
27.2076
29.9257
23.6377
27.6051
31.7665
22.8593
25.6499
30.6936
25.0118
25.7536
23.2329
33.6012
32.8037
29.0904
28.2111
29.2151
32.1469
30.6920
24.8657
25.5910
27.5806
26.0455
31.1767
24.8460
26.6434
25.2473
30.5248
29.2003
25.8240
23.1511
31.9103
26.1657
26.7675
23.8772
34.9126
30.2868
30.0186
21.5372
25.2524
28.1071
25.7480
24.8966
31.6993
31.6155
27.0832
22.3494
25.1174
27.1544
32.2338
27.5433
29.6571
24.3299
30.3928
24.0262
25.8773
26.4844
27.6783
29.9105
25.0632
28.0852
28.8612
29.7612
23.1754
32.6263
29.2691
26.0382
26.8276
25.0643
25.1153
23.0064
31.2977
25.8188
32.3577
25.4342
24.5701
28.9774
34.5771
33.7916
29.2964
30.7699
30.3273
26.8913
28.5543
28.0378
26.2891
28.6291
26.7029
24.3311
26.6204
26.9335
23.3253
27.0795
24.2689
29.7871
26.0826
21.7844
34.1359
30.6396
22.7648
27.8980
26.4701
29.3828
30.6352
27.4529
27.2625
26.0655
27.8516
29.3420
34.6407
28.6914
25.4879
31.9358
22.5938
22.4037
25.0625
28.9041
29.2995
34.9063
26.3858
25.0607
25.9573
26.6055
32.3986
20.6281
29.1180
29.6405
25.9419
23.9348
23.1701
28.8764
24.1973
25.0538
20.7111
27.4523
31.9288
30.7383
25.5405
30.7940
30.0743
27.4871
29.6932
21.9706
23.9780
27.2286
22.9651
26.3429
31.3547
28.2140
27.1836
27.8348
26.7979
26.3973
26.2397
25.3328
26.6046
31.8063
22.0027
31.2114
28.8637
27.4395
26.2490
29.9937
24.0254
28.3627
29.6483
23.4349
25.5144
31.1950
32.0942
21.6204
29.7346
30.2564
31.2497
27.4398
28.9749
25.6688
30.6966
26.5650
31.6436
22.9271
28.6332
28.3778
26.0119
26.4959
22.1367
25.7737
25.8860
18.8734
29.0537
27.2671
29.3190
29.3823
26.8110
26.7141
25.3255
21.5381
29.9029
28.3889
21.6160
23.5250
28.5501
31.9052
23.5814
17.5868
24.6531
23.9556
22.0440
30.7639
29.8291
32.8902
23.9622
23.2785
24.0173
29.0971
27.1801
28.7522
24.8348
26.4911
23.4788
31.0178
30.3446
26.3998
23.8684
28.6538
25.7386
25.5608
22.9315
29.4018
26.9966
31.7512
29.4000
27.3994
29.3414
28.2273
24.5935
26.7246
26.8275
33.5820
29.2627
28.3527
28.1058
22.2380
23.6783
28.2866
25.5342
24.2736
23.6491
25.5748
23.9003
25.6606
25.2894
34.5435
26.4131
27.0166
24.2987
27.0510
30.6449
31.9404
24.3049
31.2555
31.5092
31.9875
33.2779
21.1063
25.4727
25.5108
25.6974
25.9362
27.9125
29.0779
23.3748
25.5114
23.4965
28.0801
20.9231
28.7765
28.0748
31.5952
30.7889
30.3422
29.0697
23.0912
24.4427
29.5861
26.1878
29.3211
28.7946
35.2957
26.6268
28.8122
23.2705
27.5046
24.0567
26.5571
25.6211
28.2567
26.6780
30.9509
35.6106
29.0976
28.0382
26.4729
23.8282
28.1824
34.4542
32.5021
29.3990
28.9658
31.9705
25.8445
24.6129
25.9277
28.9293
27.7364
27.5838
29.8344
24.6128
28.4620
29.8787
29.1861
27.6904
24.2401
28.6486
24.5696
25.5792
23.4382
28.6466
28.3324
27.3412
27.7916
25.8924
29.5025
31.3570
30.4997
29.3565
31.0553
24.5342
27.6160
26.9905
24.6818
21.5907
24.1099
31.9556
20.2781
23.2884
27.5228
23.9543
22.3352
26.5626
30.4266
26.8313
24.2608
25.9421
24.5492
21.9184
25.3488
24.5972
29.0317
26.4600
21.3544
24.1778
24.4703
25.2531
23.9352
28.4524
27.2181
27.2218
26.2320
30.4039
31.3573
29.4840
31.5370
24.2020
23.0697
25.7987
24.2359
30.4319
26.9279
27.6686
36.1649
32.2997
32.6754
24.9853
23.4667
24.5031
28.3603
22.6641
