Orientation_Correlation_Function
0.5830963881233693
0.353532689725634
0.20720920808118246
0.12031575562910696
0.07050810344820857
0.04315757301387247
0.027921484829057906
0.01918086088165191
0.013822422983702247
0.01077752568999155
0.008902631833583339
0.007122101214471452
0.005828168210633206
0.0047263207827923665
0.0036185790028204065
0.002875290787429209
0.001960357199923625
0.0018917251350948209
0.001761122796404937
0.0013892825212985674
0.0013268958564472753
0.0011209070571563855
0.0006704084072789798
0.00016196121400935225
-8.871975914905003e-06
0.00012394388782432846
1.0915397045512994e-05
4.6602214143204036e-05
0.0
0.0
Avg P-P distance: 5.472666446507949
