0.01	25.925	1.8623
0.011	25.558	1.5171
0.012	26.486	1.2853
0.013	26.526	1.115
0.014	28.11	1.0302
0.015	26.86	1.0019
0.016	27.807	0.96261
0.017	25.966	0.92558
0.018	26.121	0.9127
0.019	26.253	0.87478
0.02	25.174	0.8582
0.021	25.773	0.84325
0.022	25.266	0.82478
0.023	24.706	0.79613
0.024	25.651	0.79
0.025	25.055	0.77468
0.026	24.616	0.73655
0.027	23.978	0.73879
0.028	24.154	0.72973
0.029	24.107	0.7222
0.03	23.34	0.71131
0.031	23.559	0.69728
0.032	22.832	0.68184
0.033	21.999	0.71132
0.034	22.514	0.72016
0.035	21.964	0.70794
0.036	21.909	0.71769
0.037	20.675	0.71995
0.038	21.456	0.7138
0.039	20.974	0.71545
0.04	20.173	0.70808
0.041	20.813	0.70021
0.042	19.98	0.7012
0.043	19.166	0.69661
0.044	19.741	0.68801
0.045	18.723	0.68505
0.046	19.188	0.67592
0.047	18.4	0.68104
0.048	18.83	0.67429
0.049	19.13	0.67112
0.05	18.283	0.66688
0.051	17.494	0.13853
0.052	17.039	0.13535
0.053	16.648	0.13571
0.054	16.608	0.13237
0.055	16.286	0.12903
0.056	15.876	0.12876
0.057	15.832	0.12757
0.058	15.413	0.12876
0.059	15.231	0.12753
0.06	14.884	0.1276
0.061	14.786	0.12622
0.062	14.252	0.12537
0.063	13.923	0.12203
0.064	13.976	0.12235
0.065	13.636	0.12281
0.066	13.407	0.11952
0.067	13.194	0.11949
0.068	13.162	0.1185
0.069	12.706	0.11737
0.07	12.424	0.11767
0.071	12.321	0.11638
0.072	11.855	0.11543
0.073	11.777	0.11388
0.074	11.673	0.11472
0.075	11.44	0.11288
0.076	11.365	0.11198
0.077	11.08	0.11054
0.078	10.908	0.11073
0.079	10.824	0.11047
0.08	10.529	0.11038
0.081	10.322	0.10969
0.082	10.197	0.11577
0.083	10.049	0.11989
0.084	9.8608	0.11791
0.085	9.7503	0.12033
0.086	9.5497	0.12634
0.087	9.3255	0.12799
0.088	9.2066	0.12777
0.089	9.1684	0.12751
0.09	8.7247	0.11661
0.091	8.6726	0.11271
0.092	8.8213	0.10996
0.093	8.6311	0.10787
0.094	8.5555	0.1046
0.095	8.4023	0.1035
0.096	8.0366	0.10242
0.097	8.0363	0.10195
0.098	7.9793	0.10124
0.099	7.8739	0.10011
0.1	7.6456	0.098585
0.101	7.5182	0.099309
0.102	7.3863	0.098515
0.103	7.3089	0.09728
0.104	7.2675	0.098399
0.105	7.2499	0.097392
0.106	7.1379	0.095512
0.107	7.0027	0.095686
0.108	6.8122	0.096254
0.109	6.8053	0.094876
0.11	6.7403	0.095288
0.111	6.6315	0.09554
0.112	6.3848	0.093064
0.113	6.4314	0.090961
0.114	6.2053	0.089397
0.115	6.2668	0.090394
0.116	6.1557	0.089791
0.117	5.9396	0.089141
0.118	6.0137	0.088653
0.119	5.8159	0.088465
0.12	5.73	0.088047
0.121	5.639	0.087797
0.122	5.6258	0.088233
0.123	5.5848	0.086973
0.124	5.571	0.087112
0.125	5.3885	0.086336
0.126	5.2899	0.085773
0.127	5.3428	0.085815
0.128	5.328	0.084848
0.129	5.2075	0.084027
0.13	5.1536	0.084621
0.131	5.0333	0.082529
0.132	4.9279	0.083044
0.133	4.9568	0.083359
0.134	4.9437	0.083257
0.135	4.7515	0.082588
0.136	4.6054	0.079854
0.137	4.6994	0.080377
0.138	4.6652	0.080009
0.139	4.4309	0.079706
0.14	4.6142	0.080532
0.141	4.5329	0.079985
0.142	4.4972	0.078504
0.143	4.3186	0.077968
0.144	4.2691	0.078646
0.145	4.35	0.078952
0.146	4.2086	0.078169
0.147	4.2198	0.077563
0.148	3.9846	0.07772
0.149	4.1059	0.077423
0.15	3.9174	0.077139
0.151	4.0897	0.076455
0.152	3.9034	0.075589
0.153	3.8361	0.075496
0.154	3.748	0.07561
0.155	3.7586	0.075262
0.156	3.8188	0.07536
0.157	3.7906	0.07483
0.158	3.6172	0.074768
0.159	3.5376	0.074622
0.16	3.6325	0.074049
0.161	3.4418	0.07405
0.162	3.3612	0.073468
0.163	3.5176	0.073153
0.164	3.3824	0.072997
0.165	3.3989	0.073584
0.166	3.1384	0.072584
0.167	3.2053	0.072232
0.168	3.42	0.072279
0.169	3.1462	0.071622
0.17	3.1791	0.071535
0.171	3.1182	0.070112
0.172	3.0934	0.069185
0.173	3.0575	0.069885
0.174	3.0269	0.070269
0.175	3.0046	0.069783
0.176	3.0128	0.069779
0.177	2.9553	0.069421
0.178	2.7903	0.069317
0.179	2.7944	0.06917
0.18	2.8899	0.06859
0.181	2.8551	0.06847
0.182	2.8559	0.067604
0.183	2.8846	0.071786
0.184	2.5721	0.072532
0.185	2.7044	0.075341
0.186	2.6958	0.075822
0.187	2.6459	0.076259
0.188	2.6205	0.076767
0.189	2.5955	0.077554
0.19	2.5211	0.077399
0.191	2.5907	0.077736
0.192	2.5334	0.078238
0.193	2.5737	0.077857
0.194	2.2867	0.078096
0.195	2.4833	0.079059
0.196	2.2877	0.078285
0.197	2.408	0.079274
0.198	2.4506	0.078412
0.199	2.3496	0.079797
0.2	2.3561	0.078055
0.201	2.2472	0.083814
0.202	2.2848	0.087804
0.203	2.2327	0.088854
0.204	2.1505	0.090138
0.205	2.2102	0.092368
0.206	2.0737	0.093936
0.207	2.2312	0.094143
0.208	2.0306	0.096161
0.209	2.0806	0.097151
0.21	2.1044	0.099187
0.211	2.1008	0.10031
0.212	2.0566	0.10324
0.213	1.7816	0.10158
0.214	2.0092	0.10287
0.215	2.0394	0.1058
0.216	1.7991	0.10647
0.217	1.9093	0.10721
0.218	1.8594	0.10849
0.219	2.0001	0.10767
0.22	1.7186	0.10898
0.221	1.9328	0.10989
0.222	1.8409	0.11166
0.223	1.8126	0.1129
0.224	1.7784	0.11494
0.225	1.4513	0.11382
0.226	1.8336	0.11729
0.227	1.6506	0.11835
0.228	1.8179	0.12158
0.229	1.8931	0.12293
0.23	1.6173	0.1224
0.231	1.5464	0.12604
0.232	1.7373	0.12628
0.233	1.6521	0.12868
0.234	1.9739	0.13172
0.235	1.3271	0.13191
0.236	1.6477	0.13453
0.237	1.586	0.13707
0.238	1.5947	0.13951
0.239	1.4846	0.14144
0.24	1.5148	0.14446
0.241	1.5808	0.14462
0.242	1.4787	0.14702
0.243	1.4237	0.1533
0.244	1.4887	0.15609
0.245	1.4125	0.16044
0.246	1.4049	0.15866
0.247	1.5745	0.16153
0.248	1.3803	0.16733
0.249	1.4296	0.17299
0.25	1.6292	0.17845
0.251	1.479	0.17749
0.252	1.3759	0.18772
0.253	1.2291	0.19313
0.254	1.7128	0.19592
0.255	1.3828	0.20081
0.256	1.4789	0.21284
0.257	1.1515	0.21917
0.258	1.3255	0.22483
0.259	1.932	0.22837
0.26	1.0178	0.24196
0.261	0.98016	0.25748
0.262	1.2672	0.26844
0.263	0.8648	0.2915
0.264	1.2945	0.31191
0.265	1.6488	0.3296
0.266	1.3482	0.35705
0.267	1.4259	0.40798
0.268	1.8411	0.46444
0.269	2.8002	0.5684
0.27	2.4273	0.71966
