0.01	34.287	1.7049
0.011	35.653	1.3825
0.012	36.553	1.1686
0.013	36.483	1.0096
0.014	33.135	0.9385
0.015	36.054	0.91206
0.016	33.784	0.86857
0.017	34.89	0.84686
0.018	34.555	0.82406
0.019	35.372	0.79416
0.02	33.321	0.78024
0.021	32.254	0.76938
0.022	34.253	0.75008
0.023	33.515	0.7287
0.024	33.199	0.71988
0.025	32.502	0.70454
0.026	32.981	0.66987
0.027	33.009	0.67377
0.028	30.832	0.66895
0.029	31.007	0.6578
0.03	31.368	0.64971
0.031	31.268	0.63941
0.032	29.595	0.62099
0.033	30.566	0.64874
0.034	30.234	0.65081
0.035	29.323	0.65246
0.036	29.067	0.66002
0.037	29.58	0.6586
0.038	28.599	0.65493
0.039	26.252	0.6478
0.04	27.103	0.64227
0.041	26.69	0.64074
0.042	26.997	0.63776
0.043	26.283	0.63221
0.044	25.015	0.62417
0.045	25.256	0.62119
0.046	24.606	0.61841
0.047	24.125	0.62141
0.048	22.885	0.60997
0.049	23.724	0.61466
0.05	22.991	0.60454
0.051	22.204	0.19982
0.052	22.165	0.19671
0.053	21.937	0.19794
0.054	21.369	0.19179
0.055	20.924	0.18411
0.056	20.783	0.18636
0.057	20.592	0.18592
0.058	19.739	0.1847
0.059	19.386	0.18449
0.06	19.186	0.18283
0.061	18.842	0.18264
0.062	18.518	0.18166
0.063	18.196	0.17496
0.064	17.824	0.17318
0.065	17.484	0.17332
0.066	17.082	0.17092
0.067	16.95	0.17197
0.068	16.558	0.17085
0.069	16.348	0.16821
0.07	16.225	0.16761
0.071	15.43	0.16645
0.072	15.48	0.16526
0.073	15.052	0.16151
0.074	14.987	0.16158
0.075	14.659	0.15878
0.076	14.202	0.15796
0.077	14.321	0.1578
0.078	14.03	0.15758
0.079	13.786	0.1567
0.08	13.326	0.15538
0.081	13.134	0.15398
0.082	12.922	0.1624
0.083	12.761	0.16864
0.084	12.569	0.16402
0.085	12.371	0.16892
0.086	12.227	0.17686
0.087	12.245	0.18014
0.088	11.854	0.17868
0.089	11.343	0.1764
0.09	11.121	0.16119
0.091	11.025	0.15611
0.092	11.104	0.15294
0.093	10.663	0.14923
0.094	10.763	0.14637
0.095	10.628	0.14445
0.096	10.128	0.14361
0.097	10.201	0.14312
0.098	10.053	0.13871
0.099	10.016	0.14136
0.1	9.6165	0.13943
0.101	9.5845	0.13802
0.102	9.2726	0.13697
0.103	9.494	0.13583
0.104	9.4664	0.13489
0.105	9.0971	0.1345
0.106	9.016	0.13359
0.107	8.901	0.13374
0.108	9.0205	0.13371
0.109	8.6003	0.13074
0.11	8.6098	0.13193
0.111	8.4585	0.13341
0.112	8.2602	0.12928
0.113	8.1099	0.12661
0.114	8.3581	0.12454
0.115	8.2155	0.12591
0.116	7.7101	0.12307
0.117	7.6878	0.12442
0.118	7.7466	0.12269
0.119	7.6575	0.12368
0.12	7.4233	0.12168
0.121	7.4713	0.12116
0.122	7.23	0.12086
0.123	7.2449	0.12037
0.124	7.0406	0.1196
0.125	6.9009	0.118
0.126	6.8946	0.11767
0.127	6.8742	0.11679
0.128	6.7533	0.11752
0.129	6.7274	0.11578
0.13	6.7406	0.11637
0.131	6.5593	0.11443
0.132	6.4338	0.11467
0.133	6.3897	0.11467
0.134	6.2795	0.11294
0.135	6.1393	0.11285
0.136	6.1444	0.10973
0.137	5.8687	0.11072
0.138	5.9364	0.1095
0.139	5.9221	0.10994
0.14	5.8513	0.11031
0.141	5.7178	0.10995
0.142	5.975	0.10915
0.143	5.7163	0.10704
0.144	5.7065	0.10805
0.145	5.2867	0.10848
0.146	5.2966	0.10679
0.147	5.1791	0.10614
0.148	5.3422	0.10801
0.149	5.1861	0.10545
0.15	5.2108	0.10458
0.151	5.1708	0.10559
0.152	5.1129	0.1043
0.153	5.0927	0.1043
0.154	4.8285	0.10377
0.155	4.7819	0.10284
0.156	4.7304	0.10355
0.157	4.813	0.10403
0.158	4.5397	0.10294
0.159	4.5858	0.10166
0.16	4.5275	0.099958
0.161	4.4389	0.10072
0.162	4.3751	0.10008
0.163	4.4156	0.099092
0.164	4.2327	0.099327
0.165	4.3595	0.099449
0.166	4.1758	0.098762
0.167	4.039	0.098112
0.168	4.2583	0.099091
0.169	4.0831	0.097583
0.17	4.1375	0.097486
0.171	4.0703	0.096202
0.172	3.9857	0.093491
0.173	4.017	0.095668
0.174	3.8479	0.094718
0.175	4.0273	0.095775
0.176	3.9572	0.095305
0.177	3.4668	0.09503
0.178	3.7479	0.093601
0.179	3.7954	0.094608
0.18	3.6967	0.093945
0.181	3.6607	0.094015
0.182	3.6044	0.091607
0.183	3.4146	0.096687
0.184	3.5518	0.1002
0.185	3.5119	0.10148
0.186	3.564	0.1038
0.187	3.481	0.10468
0.188	3.4964	0.10362
0.189	3.2725	0.10414
0.19	3.2369	0.10571
0.191	3.3169	0.10551
0.192	3.3235	0.10613
0.193	3.3743	0.1067
0.194	3.0985	0.10481
0.195	3.1105	0.10657
0.196	2.9733	0.10569
0.197	3.0307	0.1071
0.198	2.999	0.10597
0.199	2.9638	0.10857
0.2	2.9702	0.10711
0.201	2.8706	0.11422
0.202	3.1329	0.11953
0.203	2.8686	0.11946
0.204	3.0818	0.12404
0.205	2.8754	0.12406
0.206	2.7047	0.12575
0.207	2.7324	0.1279
0.208	2.5959	0.13093
0.209	2.5163	0.1309
0.21	2.7679	0.13415
0.211	2.8509	0.13552
0.212	2.7113	0.13642
0.213	2.7718	0.14005
0.214	2.8018	0.13892
0.215	2.5309	0.14302
0.216	2.5575	0.143
0.217	2.1557	0.14341
0.218	2.817	0.14743
0.219	2.5619	0.14686
0.22	2.5369	0.14527
0.221	2.3912	0.14712
0.222	2.5303	0.14974
0.223	2.3868	0.15229
0.224	2.3186	0.15342
0.225	2.3196	0.15762
0.226	2.0786	0.1557
0.227	2.4079	0.16001
0.228	2.4627	0.15756
0.229	2.5639	0.16514
0.23	2.2685	0.16451
0.231	2.1521	0.17091
0.232	2.0983	0.17041
0.233	2.3406	0.17444
0.234	1.9525	0.1755
0.235	2.2781	0.17781
0.236	1.9092	0.17873
0.237	2.1081	0.18677
0.238	1.5594	0.18493
0.239	2.2208	0.19174
0.24	2.4272	0.19863
0.241	1.9014	0.19621
0.242	1.8166	0.19874
0.243	2.0103	0.20233
0.244	1.915	0.20931
0.245	2.4549	0.21519
0.246	1.954	0.21373
0.247	1.5834	0.2181
0.248	2.4269	0.22997
0.249	1.7251	0.22501
0.25	1.9196	0.24216
0.251	2.3463	0.24664
0.252	1.6604	0.24881
0.253	1.5836	0.25236
0.254	1.4551	0.26115
0.255	1.5312	0.27167
0.256	2.6633	0.28493
0.257	1.8709	0.29295
0.258	1.7554	0.30038
0.259	1.8489	0.31566
0.26	1.5174	0.33319
0.261	1.8664	0.34806
0.262	1.5839	0.36734
0.263	1.5165	0.38116
0.264	1.6777	0.41129
0.265	2.04	0.45366
0.266	1.8812	0.49645
0.267	0.99229	0.52601
0.268	1.9945	0.60457
0.269	1.376	0.67964
0.27	2.3328	1.1528
