23.6943
27.3193
22.1963
28.0691
29.1221
21.0014
23.4302
20.4671
16.2768
23.1139
18.6879
27.7904
20.2979
22.2145
22.7682
19.5919
22.1855
25.2760
29.6184
24.1717
21.3920
20.6164
20.1217
31.9858
19.6585
25.3419
19.3563
20.1012
28.9949
19.1133
15.8069
22.0164
32.1508
18.6003
25.5787
21.1709
20.9012
19.7049
18.9728
21.7198
16.1961
28.7942
17.9296
26.3462
17.5727
27.4540
32.5810
30.0669
23.9831
22.7420
25.0350
22.0095
24.8026
23.1516
17.8382
30.5177
21.1893
20.0176
22.6873
27.4460
18.0446
21.8005
21.2406
28.6530
18.8677
27.1478
27.6799
24.2330
14.8895
20.8338
21.2851
22.4285
20.8250
16.6331
21.9389
21.4912
30.2950
30.3962
31.6342
27.9766
27.2582
29.4201
23.7117
23.8489
21.3339
27.0608
27.2112
24.8551
28.9580
28.6956
24.0221
29.4396
26.2717
21.6719
19.5619
25.9373
19.7448
22.5027
20.4309
20.3672
17.7182
20.3762
20.6372
29.6841
24.6970
21.4234
27.0438
23.7368
16.2378
21.1856
19.3477
23.5994
22.2470
28.1044
20.9924
27.7621
21.1291
23.9220
26.5535
18.8930
25.5510
31.6469
23.1430
23.4960
25.5846
28.0792
18.5361
22.9421
22.4088
18.9052
22.3712
22.3748
23.6421
19.7135
16.4666
23.6853
23.9664
28.4141
17.5992
23.7209
23.4539
19.9368
16.7458
27.0863
23.5598
30.4888
23.7864
26.9838
26.4802
27.7740
20.4470
20.6620
23.1532
19.4646
30.6987
19.9560
19.6911
22.5415
22.8343
26.4645
23.2077
29.8053
26.9418
21.6690
31.2123
25.9124
27.7200
16.1853
17.9760
29.5983
23.5046
23.4079
22.2295
16.5954
22.5125
25.0420
27.8933
26.6211
25.3211
17.4198
28.7979
18.2375
23.6702
24.8821
20.9365
24.4346
22.1792
23.7919
19.8359
19.4183
18.7084
21.3918
14.9559
20.0531
20.7645
27.8066
15.4683
24.5111
15.7669
17.7984
25.4096
20.3765
18.8944
25.5703
25.6641
26.3904
19.5573
26.3083
28.8810
19.6622
26.3909
23.7076
25.4382
22.4586
19.3024
18.6927
29.1650
27.8741
29.7044
24.7394
21.8139
19.9101
19.1366
34.4339
16.4922
18.6705
22.7122
27.0314
26.4223
17.0949
22.2747
26.8027
26.2276
32.0465
24.9705
28.4635
15.5769
16.1275
24.1853
21.8033
25.7791
25.9496
20.0720
19.4607
16.6446
26.1973
20.9366
23.8843
26.1234
16.0406
21.3432
18.4656
29.4361
25.6159
24.8194
19.5485
25.9314
20.8793
22.2729
29.4844
24.5565
20.9775
19.9176
19.8282
24.7795
17.8428
24.9654
28.2328
18.5472
21.3433
24.1668
22.6219
24.7623
20.4564
19.2660
29.5496
20.9377
25.3773
20.7664
22.2662
23.3521
22.4564
25.5416
23.2417
18.9301
27.1183
21.2769
24.1028
29.6134
27.9086
19.0806
22.6512
18.3795
22.3138
25.4394
20.4623
23.3309
30.2509
24.1393
25.1387
25.2975
19.0233
26.6851
26.2626
17.0041
30.2460
25.7334
24.7745
21.0683
26.7656
19.7884
24.3605
28.0324
20.8320
19.6690
19.9485
19.6552
22.9694
22.2545
28.2155
23.4125
19.2367
17.2165
24.0987
32.6142
26.7057
20.4964
19.8934
20.4486
25.0613
26.9726
27.8273
23.9770
32.3906
20.8847
16.7445
23.0821
27.6362
28.6754
24.4258
21.2423
15.7084
24.7055
19.2556
23.3084
16.5934
28.9849
23.6821
18.5291
21.7439
22.7476
20.2064
30.9689
26.4723
35.8632
28.7522
24.9505
20.9260
16.1420
22.0943
20.2261
24.0566
19.1600
25.8700
22.6238
23.0236
24.9244
18.2343
27.9602
19.9829
22.2428
18.3726
22.0716
22.3343
29.8381
20.1739
25.9261
23.4395
29.5441
25.2967
32.5432
17.9665
21.0609
20.1597
29.0030
25.9161
27.2642
24.0355
17.4776
24.9723
25.5191
18.5363
17.8491
22.9525
20.0761
25.2949
17.1445
20.9366
23.0459
22.1490
17.1201
15.6147
21.4736
26.9628
15.3472
28.8222
25.9813
21.2698
22.1026
23.2184
30.6343
20.2709
21.0214
18.9490
23.8348
25.7453
29.1575
32.2862
21.3424
20.1483
33.0016
19.1123
20.1881
29.7503
24.0244
27.7474
21.6280
21.4163
29.1178
14.7031
19.3948
30.1748
19.7836
30.4227
24.7467
19.5503
16.4289
22.0527
24.0121
22.7412
22.0503
18.7738
24.2810
27.2334
29.5998
28.7356
22.8489
17.1614
24.2109
23.9177
26.3348
18.6378
25.1454
23.6794
21.8000
19.9172
25.2394
27.7208
22.7768
22.5133
17.4854
24.9933
21.6781
23.3532
25.9567
22.6537
28.3295
21.2635
26.6071
23.0573
23.3468
20.7345
18.5432
27.8852
21.7449
28.8463
19.9296
25.0614
20.5551
24.0495
23.1238
18.8534
27.9012
16.2763
22.8780
27.7977
21.8124
19.5225
20.4029
19.5138
32.4705
23.1249
32.2927
29.9037
25.5857
19.5993
34.1435
16.8509
18.3350
25.3004
26.4591
26.1644
20.6416
26.2734
25.0531
20.4949
24.0796
28.2707
19.5132
28.0802
17.0229
25.7996
21.7392
29.0006
19.9998
29.0393
18.5970
16.4464
20.9840
25.8070
22.0584
17.8004
26.9962
28.8225
31.9848
24.6399
26.6896
34.9743
25.3206
25.2589
29.4674
27.7197
23.4781
25.0473
25.3777
23.0850
27.4265
23.4807
18.9792
18.7056
18.7528
19.3686
24.2544
19.9843
28.0510
28.0316
22.5453
32.5062
25.8936
24.5375
22.5220
19.8891
29.6401
18.6023
26.7346
20.3975
19.8382
26.3006
18.4934
31.2169
20.9830
23.1412
28.5751
24.4798
25.9669
22.1172
24.9662
33.8864
28.0804
24.6647
29.3105
23.6613
27.9994
31.2489
26.5028
17.0835
23.3059
20.0598
19.2165
16.1701
22.6269
18.6859
23.2081
21.6449
24.4259
27.0130
25.3018
24.4382
21.2552
26.9143
25.2880
20.8335
22.1046
29.5028
23.9181
20.5553
21.5743
23.1670
16.0470
22.5738
22.0354
21.6681
18.6299
21.4414
30.4394
28.9040
21.5301
32.8644
32.8820
22.5652
26.6885
23.2848
26.0337
24.9569
24.2809
26.7625
19.4385
27.9606
23.4105
18.8588
16.4116
36.0411
23.0455
24.6646
21.1119
26.1981
26.5389
22.6690
19.7700
28.4023
19.9452
24.1571
25.6601
21.9146
29.2491
24.9308
18.5892
24.3751
20.2617
17.7668
20.4291
22.1489
23.8279
33.4934
20.8092
31.4550
25.7176
27.1263
25.4314
24.8307
23.9820
25.1055
20.4926
23.9158
26.3465
25.5972
25.9622
25.3589
26.6171
24.0875
19.9916
26.2015
30.3143
26.5633
20.4936
27.9381
33.1199
22.9852
15.7316
24.9336
25.6462
23.7231
20.4351
21.7503
17.9354
27.1380
30.1325
21.8705
25.4373
26.4996
21.5975
22.8785
27.3536
26.4422
25.3388
19.4256
20.9708
29.7283
23.0067
22.3803
15.1607
18.3113
19.4119
36.8768
23.2496
24.2017
23.3859
30.6442
25.3797
27.6614
22.1519
22.4470
20.6639
17.0214
31.5824
20.9675
30.6933
24.7535
21.3883
31.3581
31.6339
19.5666
28.8288
29.5440
16.8977
18.8071
31.4677
21.4509
23.7686
26.4205
24.2466
22.1244
18.3502
27.4103
26.9116
15.4201
21.0074
19.7252
20.6111
25.2323
24.6072
20.7042
20.1557
18.2740
25.1238
23.7649
26.1510
18.4161
17.6503
19.4645
25.6435
26.1514
15.9411
23.5233
24.1142
19.7681
23.0444
31.8550
23.9608
24.0900
16.4374
22.1974
24.2741
29.2198
24.6143
29.8918
27.3421
19.9867
21.3016
22.8006
21.3491
21.6397
32.1293
34.7656
17.5050
19.1229
19.8080
14.0803
25.8531
22.7961
32.7325
20.0828
25.4358
21.3530
22.0495
19.3037
27.1589
24.2132
20.6744
18.9134
24.6023
18.4750
25.9501
26.5968
20.7582
20.2095
26.3159
17.5720
30.9483
27.9074
21.7695
23.1754
29.8213
25.7564
28.0620
28.2049
21.3734
30.5625
27.2448
22.1281
24.6346
25.9350
20.8635
24.0005
27.3982
22.6319
22.4633
28.9049
24.2557
21.1639
24.0721
24.4974
20.6845
31.6319
26.8080
20.5865
27.3620
25.7211
29.5990
23.8743
22.9529
28.0451
22.7897
24.4951
25.1504
24.8556
32.1911
26.0333
15.6778
27.0920
30.4160
22.0247
24.6555
20.7275
19.1774
20.6900
25.6974
22.3380
15.7974
26.7012
20.2443
17.8911
27.0189
27.8926
28.7471
21.5063
19.4020
25.0499
23.9756
20.9426
29.6806
24.3348
28.6321
23.8802
27.1495
19.2637
21.6684
19.1322
22.7987
21.1830
21.2286
26.6484
21.3522
19.4347
27.3169
28.5730
21.2063
17.4284
15.0277
17.4553
24.4178
27.9435
17.0116
18.6190
28.9917
32.7440
24.9716
20.1268
25.9414
17.3298
26.4428
26.6965
23.4622
23.6018
27.0450
18.0799
17.9244
33.1647
17.8368
26.2718
27.6221
19.9663
24.4432
28.0906
24.0982
30.3994
19.1300
23.1121
20.3361
24.0993
25.8556
26.4702
22.8144
22.2583
25.0000
16.2198
19.4281
23.1971
27.5718
27.8723
31.4170
17.8436
22.8412
17.0557
21.4024
18.5403
15.8817
25.5858
21.8598
33.5533
18.6102
23.8916
19.7371
22.4361
20.7545
29.7513
27.5845
22.0017
27.1123
19.9326
22.0724
24.2527
26.6138
24.2467
26.8931
20.7490
19.1739
21.6104
21.6679
26.2895
28.3395
25.9750
23.3720
22.1687
23.6072
30.6514
22.9915
20.7965
20.8999
24.4494
20.1836
22.1257
21.9134
18.8487
23.8979
24.9087
22.4000
22.1954
26.6716
21.7989
25.0317
27.5909
25.0064
21.3246
18.3419
21.8671
25.0555
25.4175
25.4872
20.7596
21.4873
19.7175
22.7898
23.8899
19.4889
23.1904
17.5416
24.5002
30.3511
23.6057
21.1494
24.1709
17.0738
18.1368
22.3821
33.7688
22.2234
18.0442
19.9668
30.7112
27.8750
16.2375
32.9749
23.1852
23.6720
27.6919
19.3271
32.3237
26.6780
18.1642
20.4423
27.3632
25.8472
18.8521
27.6722
18.9001
30.2429
26.3133
23.0893
25.2817
20.9676
19.0228
25.7876
31.7021
21.2468
30.2358
22.6356
22.8174
29.7571
24.3247
23.7130
31.0420
24.7502
26.9407
21.1983
17.9956
25.6631
26.5618
25.8547
18.3495
24.9900
25.6583
25.6142
26.5553
26.7503
27.0088
23.6328
23.8076
16.2074
27.1961
27.9529
24.8408
21.6319
31.6965
20.5413
28.8203
24.4091
27.3079
31.4151
27.3573
23.9201
18.1017
15.3520
24.4172
25.5643
30.9738
21.7711
29.0997
25.2872
25.3278
27.7327
31.2479
16.0685
21.2144
23.2833
23.5002
26.0448
28.1379
29.5511
31.7450
19.5874
19.6433
26.6028
26.1711
25.1323
20.3303
30.9340
24.3113
18.2920
19.1451
27.8410
29.6158
22.2234
24.2480
23.8568
20.4837
22.7003
26.0353
24.3869
23.2803
21.2440
26.7750
29.0944
22.6080
20.4703
21.3088
16.9721
26.2812
25.9786
29.2064
24.2127
25.4006
23.4693
17.3031
22.7243
25.7201
21.2470
25.8411
20.9226
25.8223
25.0543
30.3022
28.3287
15.9605
23.2251
23.4651
25.3746
31.9934
22.4199
16.4876
30.8541
25.4842
19.3992
27.9983
15.1746
21.6992
29.2199
26.7770
30.7317
29.1555
19.0990
23.3078
22.2840
23.0781
19.2484
23.7570
22.1485
30.8961
25.9754
23.3189
31.4755
29.2996
22.0183
34.6944
20.8465
29.0777
15.8447
19.2879
20.0249
22.5235
18.4891
26.4308
33.3111
20.7743
26.4541
23.8370
25.2569
21.8151
22.6099
19.8847
16.3260
22.0530
18.8519
25.7612
22.1703
24.2396
26.8333
26.7361
22.9656
20.1383
21.6927
29.3750
18.9414
33.8816
28.0986
17.8214
24.5642
23.4326
18.6879
21.8630
22.1852
30.7680
34.6209
29.8119
19.1405
25.0334
24.2058
21.9584
30.2979
25.3982
25.3927
16.3438
22.3883
21.9159
18.2971
36.9266
31.1611
20.3308
24.1006
22.2470
24.7174
18.6310
19.6983
22.6744
15.6506
28.3364
15.5873
29.7263
19.8368
21.5776
28.4935
19.0555
28.7421
17.0831
19.4720
17.9795
17.6040
22.0432
23.2821
17.9684
18.0540
17.2009
34.6282
19.4234
26.6427
21.3633
21.9796
21.4680
16.2953
21.4197
26.4014
21.0396
26.5922
25.9203
21.9530
30.9097
21.7381
24.8010
26.0270
25.1935
27.6412
18.8909
21.4635
18.2035
30.0604
22.2786
16.6390
26.1265
27.8918
18.9557
28.0229
24.7342
21.2418
26.6771
20.5657
16.7481
20.6680
17.1554
31.9928
24.3090
16.3052
21.4288
34.0712
25.2193
23.9952
21.2958
18.3521
23.9069
27.4351
24.0290
23.3885
27.3247
23.1708
26.8564
18.0971
25.6635
24.8396
24.0516
29.0232
22.7745
18.3384
20.1004
26.3130
21.7433
22.0703
24.8244
32.6102
24.4457
27.7734
29.7830
29.1593
25.6111
19.4061
28.9899
28.0641
21.8121
20.1507
21.9983
20.7548
23.7075
18.8549
21.6228
18.6943
17.6876
31.3225
17.3928
20.8550
23.2404
24.5088
25.0598
26.5743
23.8634
20.2256
22.3257
25.2979
26.8653
27.1411
21.2808
26.2055
19.7286
22.9033
22.7298
28.6047
24.3002
17.2775
22.4436
20.4579
27.9883
19.9798
15.9140
30.5903
24.5451
30.4294
26.3555
26.2325
30.6283
20.1602
17.5541
19.8001
17.3305
19.9597
25.5750
17.5473
23.2080
26.4399
20.2222
20.2645
25.1075
21.9182
17.4684
21.4849
33.5882
16.1747
26.9532
27.8508
20.6614
19.4738
24.2342
27.9666
22.2683
26.9172
26.8753
33.8012
27.9880
23.8849
20.8660
28.5781
20.6511
20.9852
31.1623
28.1439
30.3784
24.4928
29.9697
24.4638
24.8252
23.8515
17.0396
22.6588
27.9437
25.0847
24.6038
29.8722
32.3424
29.1787
28.2458
21.6140
22.2850
18.4121
20.3085
24.7876
16.5817
20.2510
25.2880
24.1737
26.6865
28.8346
22.7950
29.1071
23.7220
26.7126
27.3402
19.5330
25.1777
24.0799
23.3676
27.5613
21.7658
18.3693
17.3915
24.0390
30.4263
32.7186
29.5356
23.9426
19.2352
21.3284
28.0933
20.8152
21.4914
19.0996
14.6387
28.2626
22.5305
21.3356
19.4941
20.1490
20.3961
21.8730
24.4938
24.3891
22.3685
23.6387
20.3188
16.7467
25.7864
22.9327
21.7030
20.1200
18.2400
33.5906
22.0623
21.2283
20.2370
19.8135
23.0331
22.7671
18.0264
20.8406
36.8472
21.1860
24.0437
28.8490
26.4149
21.3196
28.7695
23.8581
32.2019
18.8798
24.0772
22.7053
21.0747
19.8887
17.3993
21.6593
26.0870
22.0471
28.1463
24.3835
18.2468
25.4166
21.3918
19.6177
21.7506
24.4508
20.4482
25.8184
24.9857
26.1098
17.9393
25.3283
25.6207
30.1248
18.5947
34.3828
20.4912
16.5146
25.3710
19.7190
27.6369
21.7982
18.4706
22.8435
27.6498
23.9843
24.6320
29.8794
21.7777
20.6953
24.4863
30.2529
26.1288
21.6079
20.3071
27.1475
17.6256
20.2333
31.4671
16.3327
20.3477
17.1593
19.3156
18.2797
23.5867
24.1508
23.4288
17.2625
18.2675
27.7723
21.4544
21.0977
30.1444
16.5509
19.0509
29.1988
21.4263
21.7607
24.3370
18.9764
33.0967
25.1443
26.7590
21.8745
17.8431
15.8000
27.1887
28.3867
22.5019
25.7505
24.5852
29.0793
31.0596
20.0004
26.1749
21.5320
14.5444
25.9758
25.7916
24.5560
25.2513
22.5334
23.7208
23.7583
22.0416
19.4403
23.3972
20.6389
19.7888
24.6301
26.7440
24.6234
22.0656
27.2559
26.7193
25.7531
16.8456
26.5399
30.0384
21.7211
20.6686
26.5067
24.2594
23.4056
20.5252
18.3678
26.7289
32.1824
26.9191
27.5284
23.4125
22.0473
33.1245
21.2386
22.6335
17.6617
25.1891
19.8623
31.5069
22.7900
18.8830
20.6392
24.1156
24.9748
18.1153
22.7162
21.1499
19.8571
17.8648
31.4673
21.2541
25.9012
21.4630
20.7619
22.4320
27.6369
17.2387
20.3207
24.8814
20.1050
28.3837
24.2443
27.9902
30.7593
21.3841
22.0074
22.0167
22.6320
22.9065
21.1864
19.0889
22.1812
20.9743
25.8788
17.5064
28.3504
27.0802
26.9471
21.5879
24.2258
27.0328
22.0882
23.3890
18.6515
19.8825
23.7485
22.2671
32.1129
23.8234
24.3602
19.6981
29.1243
27.5981
19.5103
20.3915
23.2167
27.3593
19.0521
24.8111
24.3239
19.4061
21.4543
29.6834
26.9376
22.2246
20.0668
19.8910
17.2570
22.8773
22.2414
22.0208
19.1910
18.9543
21.9113
27.1499
18.5481
31.3366
24.9850
17.9784
22.1280
24.7213
23.6496
27.8802
14.4771
27.2699
22.6613
24.6592
23.5163
23.1909
30.9560
19.9864
22.0218
19.5407
26.9904
22.7276
19.9769
15.9375
19.7983
28.9012
25.2453
19.9961
29.2210
19.4667
22.8721
30.6439
20.9722
30.1780
18.3041
25.4823
21.4400
19.4672
23.0542
28.9360
20.5947
19.9851
21.7262
21.7540
24.2756
21.1132
23.6927
30.7791
20.6402
15.1544
19.4547
31.8613
23.6767
34.1370
23.4380
23.4549
32.0695
14.5577
26.1597
22.5294
26.0768
21.6323
29.3420
34.6399
26.1989
18.0555
24.0914
21.7409
25.3213
23.6479
28.5879
19.6259
25.8923
28.2647
22.5789
21.0882
20.6322
21.3087
26.5926
27.2723
28.8440
18.8146
22.8673
31.3190
19.6160
23.0464
26.8595
31.7783
24.0976
20.7710
23.1669
23.6698
31.8322
25.4213
22.5125
18.5941
23.9981
23.9758
22.8963
21.2733
22.9941
19.7177
27.6037
16.8220
22.5561
26.7432
21.8281
27.7059
19.9987
26.7149
32.2642
21.0074
28.0405
21.8466
29.8169
17.3113
26.5020
23.6697
25.0102
21.2258
18.7471
17.6271
24.5971
26.1474
22.0908
23.4154
23.1180
20.7693
21.5010
25.4499
19.9715
17.7800
20.2524
21.4967
24.1645
30.1690
22.7583
24.3347
24.5418
29.3073
20.0550
24.8020
20.9242
25.5488
16.3378
21.7915
19.2378
16.6812
27.2154
28.4275
20.5680
26.1595
15.9058
31.0933
26.6934
20.3867
25.7871
19.7963
22.8709
18.0509
26.9750
24.3737
29.7703
31.8233
31.5345
18.8593
19.1580
22.3912
24.6545
25.2510
29.4126
17.7808
22.9119
19.3175
23.0677
33.3647
32.7584
20.6668
21.2885
28.5605
24.0987
25.1716
18.3564
17.9105
25.5369
25.0025
21.1036
25.9270
25.1487
19.3318
30.4998
23.3126
23.4062
18.0242
20.9281
26.6885
26.9411
29.4906
26.6489
23.1500
29.9265
29.7696
28.5005
20.9770
28.9335
23.4199
25.6509
15.4641
21.6630
20.5966
24.3454
25.3679
25.0656
23.0307
19.2258
25.5678
16.7508
23.6404
34.5981
24.0548
22.1021
17.1716
25.5159
18.8324
23.3957
29.3916
29.4518
22.5161
29.0961
30.8452
25.1254
28.1176
22.2125
24.8790
22.5427
31.5678
15.1165
27.6658
19.8755
17.2199
23.2884
22.8672
21.5863
20.8768
25.1483
25.9398
21.0325
27.4612
23.3699
24.0734
23.5350
22.5629
28.0420
27.6282
26.4901
35.3639
16.2456
24.6608
24.4427
31.0435
27.6471
23.1961
23.5303
20.1698
17.4700
18.0542
28.0135
29.8547
20.9719
28.8962
25.0093
20.6099
27.3292
24.4305
24.5848
29.7880
15.1658
21.3364
31.3733
27.0232
26.6034
22.8963
30.2556
19.7962
26.9421
21.4097
20.6824
19.1069
17.7344
26.2915
21.6099
30.4993
24.7364
23.4586
18.6422
15.6060
20.7129
25.1608
27.1816
22.3276
21.5012
26.0381
22.7382
22.6042
23.7098
27.7697
28.5999
22.8005
21.0297
24.6312
24.2881
17.5069
26.7711
27.4220
15.2388
21.1837
29.0845
16.4745
26.7762
22.7116
23.2239
18.6139
29.2686
22.4823
25.1808
25.5717
30.3628
27.3097
19.0090
30.6998
18.1602
21.1112
26.4519
21.4657
19.1893
37.1008
25.3035
30.2826
23.3999
19.1386
26.9511
30.6459
18.7282
22.4230
15.9135
17.8607
22.5705
20.8931
19.3501
29.3989
31.6860
31.2217
27.9900
21.4311
23.2416
20.3302
23.7573
15.8739
32.8480
27.2853
17.4486
28.3215
28.8725
22.4068
20.5870
20.0749
24.6413
29.9590
27.0925
19.7169
33.7149
23.5113
24.2015
23.8530
27.5707
20.9843
15.4001
26.8040
17.7540
22.6400
28.1767
29.2730
28.6809
16.6249
27.0906
27.0880
19.9965
20.0616
21.7784
23.1730
24.1159
16.9533
23.8617
23.1428
29.5260
24.4715
22.8385
16.6349
30.1279
21.4083
21.7609
22.3849
28.1202
21.6123
23.5978
22.5758
20.3936
28.6938
23.0170
22.7902
23.8001
21.6576
18.2860
27.3248
23.4684
30.4110
24.9088
20.9739
22.4024
35.1840
23.1133
24.7795
20.1606
34.3370
29.9997
21.9515
23.4377
18.0453
23.0327
26.4991
22.2604
27.1570
25.5835
25.1975
21.4144
20.6591
19.9739
26.5836
19.9223
31.9948
18.1346
25.5029
22.0158
20.3707
27.0018
20.6829
22.4349
21.5187
19.6843
29.0901
27.3488
19.0569
22.5130
21.2307
25.7800
24.0815
21.6732
25.9826
22.5734
22.6536
21.0323
26.4256
24.6771
21.1444
28.5505
27.6640
31.3274
24.1283
24.0267
25.9447
27.7888
28.3779
26.3012
22.2357
24.8638
21.4375
22.1160
23.8188
20.2512
26.6541
18.7531
22.5884
20.9406
31.2884
23.2905
25.7970
29.4618
18.5240
18.6501
23.2240
20.4007
36.3245
24.9013
24.2388
18.7803
19.2161
20.9864
25.6236
22.3973
27.3958
21.0570
23.3341
27.8880
22.6903
25.6620
25.8786
29.3357
27.1706
24.2217
25.7763
19.9647
26.5791
25.4809
30.4835
28.9154
22.7680
24.0900
22.9616
21.8750
16.8165
27.5459
20.2267
22.4536
26.4400
30.9718
20.3702
23.9482
23.2737
19.6821
25.5845
31.0147
24.1553
29.2219
21.9623
21.9975
19.0631
15.0037
26.4995
24.3589
26.8771
16.3573
26.5579
32.2577
26.0601
25.4298
25.6137
18.6249
22.8070
24.8630
23.1086
27.9910
28.5822
29.2963
25.2406
16.8105
21.5966
24.5231
18.5038
20.7416
20.1034
27.9873
17.9820
37.4872
22.5851
22.1582
25.9697
19.8704
17.0396
21.1051
25.7318
16.8931
28.5663
27.7568
27.0538
19.2828
27.1565
19.3425
32.1808
20.0977
19.7363
20.9446
19.0017
19.0899
22.3115
26.8448
23.1699
20.4661
31.5175
18.8240
21.5582
25.7909
23.0314
17.4541
20.9842
21.3149
23.6580
22.7809
31.7459
32.1399
23.8571
22.6250
28.0231
25.8221
20.8798
26.3899
21.6756
26.4500
17.4164
17.2727
21.6887
22.0281
30.7164
24.2030
25.3613
18.7625
18.0388
27.1036
18.2527
28.6175
19.3915
19.3628
22.0919
23.8678
25.2461
17.2397
17.2779
31.1059
27.7597
24.6740
27.3993
22.0246
21.9250
17.5434
31.3697
22.4341
23.1919
24.6542
19.3319
23.3199
17.1829
34.8096
21.7871
24.7411
20.3215
31.3508
22.4987
20.2521
29.6742
22.9865
22.7097
32.3283
22.2056
26.1687
18.7554
23.3464
19.9171
25.4940
26.7640
32.5268
16.3203
26.4353
23.4083
38.7030
22.9260
22.8840
28.9124
20.1493
19.1479
19.1715
27.0888
21.0820
29.4535
21.3880
27.5850
17.1869
27.8669
23.2603
17.2504
22.9927
20.9878
24.4436
37.8894
30.0802
24.2104
27.1941
24.8356
33.7191
30.0640
26.0572
17.6282
33.4457
22.4176
32.5351
18.2913
20.0045
26.7710
26.8928
21.8231
22.1975
21.5667
21.0907
23.7054
24.8701
16.2237
26.5382
29.5006
22.8476
28.6012
21.9085
28.3472
26.4808
17.5790
20.8034
20.4315
23.1648
24.7523
23.4887
20.6027
21.0488
21.5369
20.6405
31.5329
23.3255
20.4777
25.8222
29.5361
25.2334
24.5324
19.2268
19.3590
22.1294
26.2042
24.3392
29.4036
17.9202
24.7183
17.6727
27.0921
19.6288
22.5264
23.0076
29.3805
18.9207
31.5172
24.5850
20.2928
19.7086
16.4591
25.4977
24.8584
25.9198
18.9256
26.8954
24.8153
21.9293
27.6407
26.4653
23.3325
21.5705
27.6226
24.6770
19.4211
22.3237
25.8018
30.2233
20.1317
20.2527
28.8009
23.3836
25.2344
23.0891
28.7856
26.0943
25.4138
24.8863
30.7115
28.1607
21.4579
30.5621
30.6993
22.2480
19.9851
19.1198
20.1833
31.8420
27.0413
20.1967
25.3976
25.3806
28.3391
19.6073
17.8515
29.6658
29.3025
29.1949
28.0653
26.8878
20.0524
17.3716
28.5765
23.2336
20.4304
27.0730
29.6749
26.8129
18.1419
18.2014
22.2282
27.3346
23.6460
31.7749
16.4980
24.5795
19.9224
20.1763
24.5048
21.8936
18.1940
29.3391
20.2559
29.8941
21.1332
26.3639
18.6747
19.8917
22.4970
24.7245
23.9418
26.7376
25.7327
22.8547
17.3895
23.1848
24.6986
24.1489
27.8786
23.1838
14.8712
16.3685
17.5138
20.6405
23.8760
20.3936
22.4776
24.7301
20.2667
34.6900
20.3517
18.2257
27.3471
27.1448
19.6934
21.0282
24.7095
25.7392
24.0308
28.1074
21.0784
25.6836
23.4386
19.2672
23.4268
21.7440
21.7152
25.6860
22.7882
18.7721
26.7665
25.9139
21.9098
21.1977
21.8801
31.0910
29.6826
24.1849
26.7574
25.9682
19.3103
17.2495
21.3517
27.9504
18.0253
21.1743
17.8512
29.7129
27.7180
23.7415
27.0047
23.4676
26.7982
26.6686
16.2684
24.1899
24.8991
22.3259
24.0945
27.4181
16.8617
20.0950
19.5037
26.5796
32.8748
26.0540
25.3724
25.4367
23.2148
24.4180
24.1269
20.0381
25.0877
25.8298
23.6019
26.7800
19.9786
26.8023
22.0548
21.9880
18.9157
21.3638
21.4698
22.2686
22.5749
27.0812
24.6452
20.1706
22.5325
22.8089
21.3505
26.5142
21.3575
24.1013
26.9458
21.2510
17.3911
25.5614
20.3782
26.5693
24.9447
18.2672
16.4918
28.1947
18.3725
24.4528
27.9254
25.2976
20.9541
24.3231
16.8079
21.7913
28.8982
25.2098
25.1861
19.6009
28.1277
23.0304
26.1791
26.2549
27.5227
24.0599
21.6762
27.5158
18.7972
24.3138
19.7769
25.7475
23.3570
25.1454
17.4775
22.7594
28.4829
23.9088
23.9046
29.6029
27.2709
30.3690
24.7527
26.6313
18.0153
17.6759
33.1515
30.1503
18.4866
25.4781
23.1504
27.2736
29.8469
22.8377
22.8875
29.2503
26.5085
31.1616
16.6265
16.2979
21.3223
21.1533
29.1543
30.6411
16.5173
29.0301
21.2136
21.0545
25.0094
19.1459
16.6880
17.9836
18.5555
22.1861
21.4675
16.2194
27.8621
19.5365
24.7700
16.9542
28.0513
19.9309
34.5643
19.5460
23.1804
18.5701
20.5673
21.3902
28.5968
22.5017
26.4407
21.6812
19.5180
23.6173
21.3973
23.3211
21.3553
24.6927
20.6573
32.0981
25.9171
18.6565
23.1664
19.5964
17.2641
22.7649
18.2229
22.2069
25.2475
16.1314
25.7526
22.1086
17.7927
27.8453
19.6305
27.5319
19.9156
27.3089
28.2236
23.0832
26.4849
31.0737
29.7558
26.5030
23.7259
24.2060
22.9106
22.7675
24.0719
24.4918
26.7284
26.5848
28.4908
27.9791
22.3779
27.3776
19.2703
22.4015
27.5745
24.2530
23.2244
20.4996
26.0172
21.7596
26.8508
20.0030
31.4739
30.1541
19.1582
23.5097
19.6420
26.9479
19.9653
16.8754
19.9182
25.2827
16.1164
23.3224
26.5375
27.1419
24.1080
34.6440
26.2693
28.8109
19.1685
17.4901
18.8249
22.0295
18.9651
28.1751
20.5372
17.3247
28.8304
27.1556
20.8239
22.2571
21.2672
30.6282
21.5156
23.4485
28.0853
31.9748
21.8738
23.8359
24.6605
22.5981
30.2562
32.9621
25.1910
25.7444
19.9364
20.6841
24.0935
29.8613
22.4705
21.0321
19.0692
35.0901
19.8565
25.0830
13.6957
18.2185
24.5596
27.1383
22.5610
21.4622
25.9911
20.4599
23.2183
22.4588
25.4397
23.7233
26.8989
19.4413
26.3307
29.1634
24.5083
20.3848
22.5874
23.3967
19.8675
19.0058
24.6658
26.4339
22.5622
20.7710
28.1079
23.5687
28.6565
18.0868
23.5108
27.2597
20.6377
28.1449
19.7019
27.2872
24.8723
32.7112
18.5435
19.2064
21.3562
22.1651
23.4257
24.0026
23.9722
19.9934
17.6668
24.4816
22.4939
25.6568
24.3114
29.3005
20.5613
19.0207
19.8722
17.6705
17.7252
17.7100
26.7800
21.2487
18.8828
17.8747
27.9660
23.6954
20.3245
16.0594
27.4375
18.2960
25.5324
20.5062
21.1332
22.5596
19.3808
25.1858
24.9055
29.8049
21.2711
21.5326
23.8098
27.9135
31.0953
30.6898
18.1051
27.1098
16.5336
18.7171
16.7501
28.4571
22.2684
27.4907
23.9565
22.4858
29.3784
26.4020
21.2201
22.2661
23.1122
29.8975
34.1532
32.2823
25.8506
19.1497
21.4904
21.4399
21.0185
30.6220
22.5869
18.3857
20.4140
21.7468
16.8484
18.5595
25.2501
32.0983
20.6976
25.5914
21.1040
26.9356
22.7416
25.4017
30.2402
25.9845
20.4599
23.1129
30.3672
25.9973
27.6395
23.7274
27.6890
24.4449
21.5177
21.5485
32.4712
17.5919
25.2975
16.4028
26.1855
24.4445
26.5925
22.7797
29.8982
17.8509
21.0024
27.6039
20.0513
20.0437
20.7128
30.1389
29.8561
17.2219
21.6425
24.6934
22.4705
18.0919
26.0038
35.5813
30.0721
23.9385
19.4927
21.5896
23.5018
18.5740
28.1631
19.1220
28.4761
29.9677
21.6697
24.6894
33.8659
23.5317
18.6939
19.5100
31.1058
21.6763
27.8126
32.4031
26.0028
25.5429
23.1722
23.8564
29.3561
25.1888
22.2723
22.2943
22.5874
22.1045
23.9680
19.5116
25.0062
24.2579
21.2775
31.0057
19.9430
20.7323
28.3190
25.2987
31.5516
24.8790
20.1687
25.6886
21.6803
30.5631
20.3024
32.2322
20.3029
24.8728
27.7785
22.3607
25.1052
23.3813
22.3982
23.9865
26.5267
31.7440
19.9457
18.1190
28.1674
17.7854
24.2593
21.2599
16.3446
28.1995
29.1106
16.9941
21.4204
25.0523
23.1698
22.6428
31.1188
26.6380
26.0292
21.7789
21.0926
23.4534
25.6191
28.2475
22.8159
20.6698
22.0778
22.8795
29.7773
22.4079
17.9458
25.1809
21.0495
23.9783
27.0796
18.7815
24.6222
20.8483
25.2075
21.1254
23.0473
22.4196
19.3942
26.4479
23.0258
20.4091
28.1831
27.4137
27.1917
32.0835
27.9068
23.6869
18.0786
21.5525
30.5975
21.0940
22.3509
23.6368
24.5391
29.8569
21.6579
23.5725
22.7822
24.6881
18.9389
29.2214
23.7655
16.0230
24.7158
19.0319
19.9972
25.5766
19.8200
21.2222
32.1358
18.8035
23.0544
28.7230
24.2066
27.0665
30.1053
15.8428
29.4638
20.8477
25.4495
20.5202
24.0623
21.0603
19.6157
24.1505
19.2305
33.4251
18.0978
26.6519
16.9591
25.9511
31.2276
22.8136
30.3202
20.7889
34.7478
25.1948
21.3246
18.9527
24.0399
29.1951
17.1555
18.5527
28.7061
19.6007
26.5003
21.0971
32.3140
23.8047
29.8171
21.1451
24.5899
23.9179
21.2068
26.1896
20.3337
26.2827
21.1833
20.4724
26.5783
22.6036
21.1083
27.3565
21.8157
22.0019
29.0524
19.2085
24.5536
20.2338
21.3776
18.1018
16.6830
29.0376
24.6384
24.4118
21.3898
33.4569
26.0050
21.8008
27.5613
17.0017
33.5482
27.7048
28.4797
33.0067
19.5782
19.1743
24.4546
27.5688
22.7778
29.6822
29.1185
28.2719
18.5931
22.3252
22.0497
23.2262
23.3926
23.1888
22.2379
25.8223
27.5936
24.9075
25.9055
16.8772
22.1599
22.4482
20.9805
23.4879
21.7805
20.8873
25.1227
19.4063
35.2178
20.2333
20.5544
24.5380
27.8275
22.9679
28.2001
24.6402
18.3978
17.2407
34.4223
22.8187
23.3515
19.7979
26.4172
26.6837
19.0570
22.4903
18.0847
21.1242
25.9695
17.5791
27.7412
26.6953
23.4774
18.9464
25.6757
14.3789
16.6971
25.0857
18.3785
33.8369
19.8782
23.5182
20.8742
29.4853
23.8674
28.6221
24.5931
27.1203
25.9301
22.3168
34.4740
24.6723
23.8921
16.2229
23.1096
28.5156
19.2938
22.1042
19.8248
22.9243
22.5320
25.9062
20.4079
27.9438
21.8312
22.0101
29.0322
19.6881
16.5127
26.9095
27.5242
18.8556
19.7105
23.3649
26.5476
22.6015
26.8699
20.3607
28.1452
19.6506
17.6875
29.0212
17.0378
23.3130
22.8053
23.1070
23.9109
29.7048
28.0052
30.4725
31.7683
21.8873
19.0549
25.2871
25.4713
22.3971
27.6101
20.0890
23.2812
27.1432
18.2936
26.9529
24.9276
23.7052
20.8143
22.4537
25.2457
23.9195
24.3354
26.6348
20.1920
26.8846
24.8303
15.9577
30.6642
22.4959
22.3417
22.2584
24.2711
27.6452
27.9036
25.8129
34.2176
23.6204
15.7345
28.3685
19.1002
26.5848
22.1515
20.2546
21.5513
22.7933
31.1917
22.9971
22.1057
19.3143
27.9326
26.3323
23.0267
22.4706
25.5493
19.9882
20.8142
24.5990
21.1120
24.0027
25.2742
26.2576
24.3994
16.7538
20.3819
16.2348
17.5339
27.7539
28.9477
21.4549
20.9078
19.1916
24.6345
21.5434
25.5838
27.0789
24.9424
26.1919
20.7203
24.3522
22.6023
31.5135
20.0674
22.2174
21.9416
25.3017
26.0498
24.6335
27.3122
28.5499
16.7404
16.4713
26.5048
19.4525
28.1840
24.4706
25.4053
27.8439
18.8640
23.3946
20.5553
27.8957
18.9216
17.5190
30.0864
25.5459
19.0446
19.1614
24.8013
22.2192
27.7833
22.6648
19.9581
17.0064
26.6595
22.6044
27.3449
24.1969
29.8379
21.3918
18.8170
19.6749
26.2337
19.2636
29.3036
24.6190
25.4250
22.1399
17.5805
23.7276
20.2963
20.7844
16.7803
22.5088
27.9083
24.0051
21.9162
28.5304
27.1184
27.7270
23.7886
22.5633
16.7539
18.0824
32.5946
28.9850
19.4007
25.9878
23.1780
20.6640
28.1143
30.6996
26.8801
22.2390
20.3525
21.2228
19.9385
23.0815
17.9854
23.6586
22.8811
17.5206
24.8167
22.3802
30.4877
22.6242
17.3829
27.3857
22.9348
28.4612
27.8489
22.8208
22.5132
23.6242
22.9187
20.3618
19.9975
19.8803
25.2908
28.1498
26.8068
25.0975
23.9455
26.0373
19.8106
22.1401
17.0857
23.7165
21.8317
21.0163
23.1539
22.6274
26.7393
20.9661
24.9865
34.6515
29.0284
20.8435
22.4838
25.9668
24.6565
23.7970
17.1098
27.9372
17.3124
25.1752
17.8165
15.9068
25.5384
20.3808
27.2414
17.5045
21.2891
22.0058
22.5125
23.7290
24.1407
16.9735
19.1982
25.6487
17.1280
29.2826
33.6770
24.9323
21.2255
18.2234
18.6482
28.3164
20.3228
34.7017
22.2581
25.2274
27.7881
27.6810
28.1699
25.2778
17.6591
25.1234
33.8572
24.1748
27.0279
23.8740
18.1683
18.3353
24.2128
21.5559
27.0783
21.4160
17.4551
22.2305
34.0642
22.1938
19.4841
24.1549
20.3491
28.5354
28.5397
21.7314
25.1121
19.3893
25.2298
21.9913
31.8406
27.9487
20.4824
26.2821
23.0914
20.4501
29.0471
21.7114
20.4913
23.5625
16.9252
28.0299
20.0477
26.5842
24.5262
23.2181
24.7699
27.2575
28.8954
18.0423
23.0429
18.7003
29.7568
24.6462
21.6308
26.3938
25.8899
16.0223
18.0528
18.0341
19.6150
19.5578
30.8274
23.3452
25.7156
23.1760
18.7362
19.9751
24.6409
26.6768
24.8231
22.2842
28.7892
19.6543
18.8108
19.7825
24.9455
29.0886
22.5474
22.1142
17.2497
18.1124
23.7068
27.7727
20.9680
18.4803
29.6555
20.4068
19.7209
28.0154
30.2115
20.5482
16.2729
24.1555
27.4811
22.1109
15.8179
24.8073
29.4167
19.4884
24.1416
22.5218
22.5449
19.3445
23.6359
17.7047
18.0738
31.2130
27.5011
20.6223
20.1489
34.6114
25.8818
21.0702
28.6592
23.8752
19.6130
23.3926
22.7297
30.4772
22.1682
22.4772
21.6585
20.7882
22.8682
31.5692
29.9905
25.8896
28.8693
24.3241
22.3891
28.7403
19.0397
20.3065
25.8799
29.2072
16.5261
19.4442
18.8786
21.5736
24.6997
23.3304
26.8119
21.3711
22.6791
20.5518
20.0439
21.1191
27.2305
24.2198
22.1705
23.1127
22.9746
19.4277
23.4667
23.2594
20.8435
19.0570
17.8502
19.3277
22.8286
28.4198
20.0493
29.3232
27.1299
20.4961
26.6287
24.8379
23.6343
20.7705
19.8934
24.2405
20.8833
30.4035
18.2637
19.9036
28.5761
29.6576
24.0247
31.1260
28.1903
26.0592
24.9175
31.5940
23.7676
28.8898
16.5033
34.3521
18.4120
27.6979
35.0535
23.2524
27.1472
23.2582
27.6422
27.8139
29.4141
26.0561
22.2617
23.1627
21.9727
19.6608
20.9230
20.0009
32.2593
21.5067
19.4495
19.5912
23.8142
20.0570
31.0534
20.0742
28.7006
30.2287
28.2463
25.3142
28.3387
25.9858
22.7460
21.7396
18.3644
23.3934
19.5015
22.6248
27.0325
23.5376
25.6966
23.3538
23.9375
29.1469
28.1815
27.0562
27.6739
23.9721
21.6589
21.0681
26.9859
23.4911
18.3942
17.9000
22.3736
25.6933
31.8682
30.9663
21.8349
23.0578
24.6210
25.3093
18.5380
21.7957
20.5769
25.0828
25.6132
26.9507
20.8217
28.8359
25.9560
19.4301
23.3352
26.7292
25.6927
20.0746
26.9829
22.5290
24.1668
28.7623
21.9273
21.7549
18.4456
22.3188
30.0264
23.8797
27.3771
18.9662
24.3529
22.0623
29.2206
24.6702
20.2829
25.6074
25.9886
28.2950
30.1826
23.9109
29.8447
30.1891
21.0830
25.0492
27.6650
23.9727
28.0853
21.2552
21.1108
25.8997
21.5604
16.9637
29.7812
20.4195
24.9252
26.9261
24.5026
24.8513
28.8261
16.9947
21.6587
23.6568
26.7784
24.0052
19.0218
23.6232
19.4333
30.0605
24.2596
21.0551
29.5716
32.7640
17.5168
24.0301
29.0467
21.6768
23.5944
20.6367
31.9930
20.5500
20.6115
35.0846
22.6478
20.1558
21.2216
27.1896
26.3918
17.6079
23.7879
20.7031
31.8788
20.5198
22.1108
24.3810
21.0942
21.2700
24.1699
15.7621
21.4628
17.0134
23.5485
19.4689
26.0272
24.1921
29.4349
30.4645
25.5141
27.0323
27.0694
20.4262
25.3371
26.8265
16.6019
23.8507
19.1993
28.4196
20.0527
19.1558
19.8990
20.3086
17.2729
20.2575
23.5305
19.0610
17.7360
26.0549
20.2667
17.9110
25.1213
25.7285
20.8941
30.5965
19.5862
23.0532
23.0151
26.5272
25.1733
22.5895
19.8545
24.2291
25.0726
22.0021
31.8325
31.1589
23.0403
19.2544
18.2104
27.1812
30.3817
25.2700
19.8869
24.8972
27.7195
26.6581
24.5434
22.9370
17.6979
22.7431
21.0988
18.1704
26.3387
23.3750
27.1332
26.7352
22.2562
18.0765
25.7235
23.9550
24.1274
18.8609
25.8577
19.5089
20.3883
23.5753
25.6436
24.6953
19.2126
25.1522
27.5691
21.8406
26.2113
25.4366
23.8800
18.5931
24.0863
23.3171
25.3708
29.3677
24.4084
22.0901
21.7920
31.1752
29.3108
25.9151
29.8864
25.1377
20.9955
20.0844
24.8339
25.2544
21.1970
18.3045
21.8355
22.3017
22.4746
18.6637
18.2012
22.6397
16.7434
21.9166
29.8702
19.0211
26.8099
20.8281
28.9911
22.2771
27.4562
32.9218
22.5006
28.6481
21.0773
32.5791
27.6756
23.9035
32.3745
22.1807
24.8538
21.9321
29.1933
22.3783
26.2298
19.5123
20.0779
29.8458
23.7913
23.6493
18.8305
24.7221
30.6064
19.0560
34.3291
21.5292
22.8749
21.7285
29.0125
30.1778
25.6005
28.8345
19.8634
26.1126
30.8173
23.2475
26.0374
24.5085
18.7108
25.6916
19.2617
23.1214
30.7957
23.8397
25.7493
22.5916
18.0186
20.5430
28.3353
19.1000
21.7002
35.9770
25.3189
26.2182
23.1093
21.7845
30.0817
25.3708
19.5554
28.3387
21.9350
26.9680
23.3286
18.8672
24.6523
24.3123
21.2950
27.9549
20.4528
17.4427
21.1753
22.6170
20.4548
20.9246
19.5509
29.3943
31.6415
18.3196
22.4063
23.6613
25.8175
17.9627
23.5769
18.3182
24.5751
20.2473
18.4726
25.3402
22.5288
23.9475
15.8511
25.0900
24.9741
29.7938
21.9423
24.1113
27.3604
25.0372
22.7190
20.5309
23.4421
32.9130
27.0383
26.9657
34.9249
27.2497
18.2421
24.0765
30.3478
20.7325
24.1238
21.5091
20.0004
21.3070
24.4766
21.1109
21.5343
24.3314
17.9601
30.6083
20.3645
24.8509
21.1786
21.4738
27.6999
24.3131
25.9984
28.4084
31.7547
28.5156
19.0744
29.5182
24.9040
23.0394
24.4499
20.1185
16.9652
22.7728
19.9087
20.3455
22.9752
20.7292
22.7684
16.8862
32.8208
30.0567
26.8965
18.7053
20.2959
20.7797
24.9888
25.1640
26.7578
19.9822
26.1321
24.9188
20.3987
29.3516
23.8914
27.4277
17.9469
27.4162
23.4602
27.3007
21.2103
24.0860
25.2575
18.2645
21.4809
24.6667
21.7223
18.9749
26.7790
17.9232
23.5113
22.8942
20.8284
23.0000
23.2670
16.1110
33.1711
19.2376
23.4039
26.2191
17.2174
20.5911
19.7063
16.5697
31.1196
32.8937
21.0068
23.8664
20.7580
24.6088
28.8605
19.4089
18.9060
25.5391
28.2817
30.1652
19.8268
25.4140
15.3406
31.0210
25.3036
26.4225
20.5790
28.2700
23.0795
34.5446
26.3829
20.8112
27.2225
20.8255
26.4740
19.4851
23.4652
22.0542
26.6394
21.4507
24.1093
29.6627
16.8667
18.3416
27.6107
26.4987
16.6160
23.0511
27.7819
24.6650
30.4523
28.5203
23.8857
26.6059
23.0669
26.3458
23.8291
17.0721
22.1288
28.9409
20.5395
25.0100
29.7386
26.2331
20.6480
24.4920
24.2947
35.1909
18.0311
24.9405
21.8489
16.2891
26.4994
25.9164
29.7428
21.6257
20.8578
28.7644
22.7322
20.2674
14.9617
23.8308
26.2642
24.3554
24.8812
22.9352
22.1919
26.4099
33.7591
17.8863
25.4481
29.9534
29.5236
20.9916
22.0544
16.9976
24.4157
31.0077
34.2861
26.6439
20.6105
22.8626
22.7854
32.6610
19.8467
25.3750
30.8272
22.0114
24.1816
31.6458
34.2628
19.9749
22.9559
27.1471
21.0540
27.6667
18.2737
28.2299
24.9032
24.9123
22.0268
27.1439
21.7284
22.2394
22.8737
27.3386
20.6075
16.8376
23.2972
24.5908
20.4669
22.8183
27.4563
23.3122
16.7105
27.0665
24.4466
25.1129
24.8698
27.7648
20.9369
23.8631
26.4622
28.0294
27.6764
20.6768
17.6769
16.2505
19.7255
25.5713
21.5363
25.5171
19.3430
22.3615
26.3057
28.5439
20.3746
28.6934
27.5192
23.2867
17.8872
27.8842
24.9347
30.8845
26.9108
21.0025
23.5731
22.5898
24.1978
20.9483
20.9031
28.4761
30.6391
21.9001
29.2759
27.2050
24.0656
25.6936
28.8254
21.7790
27.7653
26.8852
29.7151
26.3755
21.6973
25.0579
31.2245
20.7963
29.3743
28.0740
33.7878
28.0944
19.7540
22.7636
23.1900
19.0465
26.5382
24.7774
33.4027
18.0883
17.3454
22.4160
25.8204
28.3094
24.5548
34.1305
23.8559
23.2084
27.9483
25.9645
32.6586
19.2433
24.4127
33.3004
21.9953
22.8777
24.8121
27.9159
23.2274
21.7034
28.8808
32.1139
25.2505
18.4516
20.1342
21.8028
19.8585
27.8077
21.0402
19.3637
21.7325
34.6590
18.9965
23.3430
20.6449
27.1027
17.0451
26.6826
19.1978
16.3427
26.4635
16.7026
25.5332
27.8365
26.2689
18.8110
20.3613
24.6803
20.9577
29.7302
25.2928
21.0212
18.4328
26.9150
30.5156
18.9279
19.3209
32.3548
26.2748
23.2229
25.4389
22.9670
19.7513
24.1323
29.7167
27.9481
26.9599
18.5913
18.8595
20.7008
21.4860
24.0573
25.7733
30.4664
17.3185
23.9141
22.7156
25.5149
19.6998
36.4612
23.9595
25.2616
22.7179
26.1543
25.5353
23.4715
19.5284
21.4499
22.3306
20.0922
27.1737
26.9327
23.4065
19.6386
17.1318
23.1957
21.2660
21.7630
23.3734
20.3292
20.7111
27.4925
28.6420
24.5305
25.6864
21.3030
23.5586
22.3089
22.5789
38.5667
22.2793
22.4464
27.3425
27.8703
31.4311
18.0014
24.7795
21.5383
17.2768
32.2745
17.5265
27.3383
27.2284
18.3998
21.7654
26.6001
28.3178
19.1222
34.0601
24.8928
19.8634
25.5249
18.0053
25.8631
18.4938
18.5500
23.0545
23.2050
27.5388
21.7158
19.3414
23.1160
31.0204
25.4498
25.1731
33.1044
22.0277
23.0480
20.5791
20.7785
21.0387
17.4377
20.6638
27.0950
26.2129
19.3642
22.6019
23.0828
18.2489
26.9152
30.3174
30.0058
20.6706
30.7734
22.5794
20.7443
19.0256
24.4389
26.6549
19.2433
27.2293
24.7594
19.5637
16.0695
29.0775
20.0419
23.9515
25.0528
27.8552
18.6476
17.7303
21.3850
21.1014
26.4513
25.0823
23.3308
19.9982
19.1457
19.0506
19.1310
27.4452
19.8050
29.1088
21.4541
24.6777
24.9573
30.5649
27.7485
32.4226
23.2466
26.9301
25.4930
19.0879
16.6791
23.7750
22.0473
21.3373
18.5160
20.6400
27.9669
28.0681
19.8696
18.4956
27.5408
22.2587
20.1880
23.4529
14.2139
28.5846
23.4498
29.4693
29.2551
34.4440
31.6405
21.3931
21.8147
20.4106
24.9290
21.3641
31.1552
22.0459
29.0993
26.4345
22.5560
29.2917
17.2458
28.8207
24.9071
25.5549
18.8265
22.2373
23.5606
28.5497
18.2483
22.1629
22.8511
20.2847
28.0205
33.7674
26.0305
30.8018
20.5520
24.3313
28.5533
20.7257
17.0433
28.0622
15.2419
28.7956
30.8363
21.4948
28.4788
25.0685
25.4786
18.7559
32.2277
25.7027
31.3494
31.3412
23.8948
27.0407
20.6316
19.1562
19.3724
17.1527
28.5160
32.6742
28.3220
23.3219
19.0724
21.5862
25.3199
24.6372
16.4985
24.1455
27.7252
20.9798
16.7810
20.5567
33.8622
24.9006
22.3660
25.8873
24.7271
27.9386
25.8460
23.2103
28.2498
22.1173
26.5435
21.4095
28.7206
26.3490
22.5812
27.2639
27.2079
21.5249
23.2434
18.3164
18.7422
26.2371
23.5394
20.4306
17.5167
22.7449
24.1657
17.9289
20.6127
27.0565
19.1007
24.2773
21.4834
19.1845
31.1660
21.9235
28.9387
22.1850
22.4357
23.6470
17.7266
26.6578
29.6461
24.5382
20.8124
17.7481
32.8107
27.4928
26.1296
25.1168
19.3797
24.8528
29.8945
27.2834
24.6767
26.0548
23.4710
19.7212
20.5993
24.7012
21.5991
19.7648
30.1199
24.5754
26.7740
23.7900
26.5347
21.9359
16.5330
18.5639
24.9096
15.5342
20.7513
21.8484
32.2159
21.7276
19.9922
26.1651
33.6271
20.5791
21.6272
22.4561
29.9635
26.8302
22.0408
27.6478
17.2143
20.1015
26.3965
26.0176
15.1654
18.5249
25.3655
22.2992
22.4245
17.2206
22.0995
25.7696
20.0668
31.1020
31.2181
25.9315
28.3540
25.3002
26.3932
24.4728
26.9783
22.6173
20.4135
18.0742
25.4472
29.2071
22.1467
18.1207
28.8868
22.2523
19.3322
19.7894
20.9562
26.3360
27.2405
18.1780
24.9205
29.0328
15.7587
20.3453
31.6731
30.8003
24.4931
30.6087
26.5365
25.0122
25.3660
20.7229
24.7824
25.3805
26.8623
32.1971
19.6271
27.4290
20.8513
22.7745
25.6248
17.9382
22.1114
24.3147
30.5886
15.9131
22.4828
25.8982
30.4095
18.4703
27.5281
23.2114
22.9031
28.4417
28.7295
32.7095
20.7740
18.5535
26.0077
27.4838
16.8834
26.4542
23.2755
17.3343
27.3179
25.3599
33.7769
23.1877
24.4172
21.9172
32.2783
21.9085
18.0665
27.1276
24.0259
23.1837
29.6846
25.5969
30.3213
29.6664
25.2989
21.1568
26.2283
19.1572
25.8951
30.0346
20.0497
24.1495
18.6051
23.8166
20.9764
21.1607
21.4647
25.2980
25.6116
19.6378
27.2613
17.7685
32.6708
26.2011
19.7268
26.3762
26.4755
18.1649
27.4510
23.2567
21.4133
22.5629
23.2261
16.8634
15.7104
24.5209
17.5801
19.2037
22.2481
23.1510
19.7621
22.1692
27.9794
21.5624
21.9405
30.6801
27.2506
28.3580
22.3898
21.0212
26.1739
23.4032
25.3139
25.3683
23.3951
19.3221
27.4709
27.9913
22.0836
25.5602
22.9187
18.6456
28.2120
23.7179
27.7044
16.1594
23.3679
32.5572
22.7391
19.2847
22.0769
22.6228
23.5665
21.8580
18.5894
18.4801
18.7079
31.1280
19.9766
26.6264
29.1556
19.8449
24.5329
19.5646
23.8388
23.9064
30.7747
23.4598
19.7816
26.5068
19.5836
21.4307
28.4778
18.3338
20.2110
23.8556
20.2839
18.9738
25.3846
22.2257
24.4816
19.8115
18.6582
30.5958
20.6492
21.9041
21.6636
17.4503
25.6489
30.3353
22.3670
18.9680
24.9838
18.5200
27.9439
18.5574
30.5280
19.8575
21.2482
21.2685
36.7814
18.6069
24.1756
29.4408
17.3336
18.9543
21.0861
21.1135
33.5309
16.2132
27.5856
32.2120
29.5541
18.2816
24.9638
19.3254
34.4318
27.8465
17.3659
24.7807
23.1907
18.9122
26.5156
15.8714
16.9321
20.8950
28.5258
21.4202
28.4829
23.9818
24.6746
24.4894
20.4753
24.0783
19.7044
22.0858
20.9891
25.4414
19.7556
23.9704
17.7662
30.3084
20.5170
17.4031
35.7079
22.6623
30.6884
24.0072
25.9352
23.0400
17.3931
22.9923
21.0308
33.2962
24.2573
26.9384
23.8916
21.2880
26.4633
17.2736
19.1246
36.7635
20.9619
22.9196
27.2346
23.7729
26.8986
23.7154
18.9682
29.0018
19.5195
16.5816
24.1401
30.4906
29.6625
21.8958
18.3171
29.7756
20.0754
16.1410
22.5492
24.1832
27.9547
25.8688
33.4853
23.8114
16.7776
17.5832
19.1230
18.7363
25.9492
17.5854
25.3988
23.0109
20.8160
14.2844
24.4806
19.6632
22.2340
26.9041
21.2727
25.3984
33.6450
32.2063
25.4728
21.6126
21.6905
22.2555
32.2644
25.3546
27.8621
24.0283
31.6300
25.0105
16.6880
24.7940
17.8832
21.9468
21.5984
17.0493
21.3612
16.1558
23.1887
20.3261
21.9730
21.5611
25.0360
26.6850
22.2901
26.0534
17.3144
17.1742
25.9198
23.6527
19.0449
19.4205
25.4703
29.6503
21.4098
19.8446
20.8764
18.2668
28.6805
22.8687
19.6039
19.9521
15.8923
21.8752
23.1389
22.8646
27.7378
25.8524
15.7413
25.4593
23.7485
22.4077
30.3115
20.6623
25.9083
23.4253
28.4693
24.8102
21.9760
33.3217
21.4769
22.3115
15.8505
17.1321
21.3129
19.0212
21.5143
18.2701
28.0857
22.7545
17.5237
23.3471
17.3314
20.8518
20.8861
29.7416
17.0545
24.3978
23.6725
24.5760
20.3188
20.6894
20.4163
22.1154
25.7123
26.0141
16.6701
28.1541
18.9862
19.5999
23.0103
21.7247
17.9898
18.4269
21.9752
23.1061
23.1499
24.6539
29.1238
28.6114
25.0744
21.0408
19.1375
23.0719
21.7619
25.7243
24.6389
18.4829
19.9126
30.5342
24.7861
23.6373
26.3247
25.0239
29.9343
27.9630
17.0655
33.4906
24.7260
32.9883
16.5862
26.8224
31.0068
24.7811
18.4871
21.4053
23.5600
22.0394
25.9448
26.3792
22.8666
25.6876
34.6502
17.2125
17.4729
24.5378
22.5626
18.1666
21.5214
28.1673
35.3950
25.2531
19.9298
23.7239
22.2556
16.6475
19.5537
20.8873
21.2388
19.3302
23.9976
19.5559
26.6070
26.5133
15.7591
33.6475
26.4263
22.3621
28.8815
24.1033
21.5443
19.3817
25.5428
21.1349
21.2694
30.9253
20.6417
30.2976
28.0192
22.2149
23.9390
26.4266
23.6406
29.9135
30.1331
25.8353
29.7230
28.5736
34.1203
31.1177
32.4494
19.6862
25.8113
18.1796
17.5438
19.6297
17.5175
27.1662
23.8220
25.7078
19.4189
19.2627
29.4723
21.6709
21.0272
23.3063
19.4823
19.7077
26.6343
20.8152
21.6116
28.8884
23.3261
15.9567
28.6327
32.6207
24.6455
25.8873
22.7899
21.6103
23.3227
25.8300
25.5712
25.1612
15.6517
23.2182
22.7553
31.7681
29.4098
22.8746
23.6790
19.6966
25.0023
20.0616
17.4257
25.7080
18.9932
21.0663
24.4623
17.2761
23.4086
23.4373
25.6461
18.7854
25.4395
27.4218
27.5339
27.2019
27.1842
25.3493
17.5684
22.5425
16.6768
22.2748
19.0504
26.2890
34.9207
23.2321
27.5669
21.0353
20.5160
28.0529
24.4783
17.9410
29.2876
24.1191
28.7649
25.4699
26.0802
14.9357
24.6178
22.0160
21.0033
21.1628
20.4769
21.8165
21.1899
23.0855
23.1014
27.5646
25.7708
24.0256
18.5156
22.6975
26.9797
18.4083
28.4415
23.3478
35.9219
29.7180
25.4094
23.9095
22.8838
26.1944
21.2962
16.0462
18.4901
28.4969
30.0667
29.8440
20.9956
23.1725
27.8260
27.8718
22.2314
34.3170
28.5392
27.4867
20.8720
21.3130
28.5282
28.6263
19.6889
25.8173
31.0316
23.2602
22.8785
27.1898
16.2897
26.5857
28.8084
22.4527
20.4932
18.7933
22.1154
20.9001
22.0881
18.6607
28.1659
26.6890
19.7479
25.9476
29.7169
26.6952
19.8466
25.5255
24.6669
23.4939
25.0881
21.7977
16.5512
20.7164
23.9342
23.5948
18.2897
22.3317
25.3208
20.5365
19.9336
26.4093
27.3022
27.6036
26.5491
17.8167
18.6302
19.8789
24.5207
17.1834
27.1045
24.1621
24.1090
25.4797
21.7762
30.8578
21.7769
19.4830
21.1906
26.0011
21.1237
27.4128
26.8269
19.9943
25.1778
19.7905
19.4950
23.3812
22.2991
27.8483
20.6207
19.4483
20.3159
22.1194
23.6908
25.1939
23.4917
24.3613
23.9930
22.6434
21.4625
19.4780
26.6878
19.8139
23.7902
22.7685
19.8400
26.1756
23.3122
23.2400
16.4197
30.3592
26.4922
19.9976
19.7204
22.6422
26.2393
23.2596
24.1819
18.0402
17.3951
24.0804
25.8953
22.2121
19.7570
32.9486
21.1180
32.7117
19.9445
34.8171
35.4866
30.3275
19.2080
23.8153
28.4312
22.7472
22.6906
22.9862
21.1748
23.6010
20.5608
25.9212
17.4558
21.9738
22.8122
22.6302
23.6787
29.7048
33.6913
26.5098
25.9574
21.3697
21.8215
17.4445
24.6605
32.4916
25.8927
23.6779
30.0757
21.7541
29.0012
24.1806
29.6630
21.3662
26.7792
20.5136
26.7637
20.6417
21.9759
31.3174
32.3563
26.7792
18.3290
29.1655
16.2698
26.5626
20.3192
34.1203
26.4424
25.0183
22.8627
15.5713
27.6381
22.6409
22.5014
19.8842
23.6102
28.2332
20.2405
21.2720
23.2010
21.5731
24.7215
27.9598
22.9759
22.4447
18.6974
24.5776
36.2245
30.8688
18.7533
21.7743
23.0523
22.0920
26.7306
18.7836
20.0226
35.4751
26.2660
25.6267
25.5391
21.4543
28.1394
19.2102
25.2671
20.5392
27.3771
19.5356
30.4821
15.9687
22.9270
29.7906
21.4214
18.0829
30.5417
24.3030
32.8311
30.9685
24.8446
22.6256
28.4119
22.1031
20.9575
20.5323
24.8477
24.9138
28.8651
21.5616
22.3442
18.2894
20.8912
24.9536
20.3657
28.0597
16.4669
25.5963
27.6471
21.8573
29.2069
26.6278
28.3735
32.8398
30.4277
28.8893
18.8570
21.0470
23.0652
21.3249
22.4418
23.6488
22.4175
28.7107
20.5333
30.6030
26.7835
29.0940
18.6034
24.0086
22.8549
30.1852
21.7093
22.8690
27.6062
21.2945
28.9931
22.3728
20.1322
18.0428
22.9512
17.7115
24.6584
29.5834
23.3600
18.0186
18.6951
22.6892
27.6251
32.6095
26.4451
24.3427
22.4507
24.2775
30.1525
19.0931
19.6454
17.2117
22.9354
19.8167
28.7174
24.3819
19.0725
22.2865
24.4736
18.5727
22.8319
24.7224
23.5382
23.1211
23.0842
29.5745
23.7329
27.3622
19.7047
29.0849
18.9519
20.0773
24.2180
17.0590
24.0261
22.0574
26.9618
20.8689
22.7024
25.3463
25.7875
22.5487
20.7849
29.8652
27.1956
18.6401
20.6297
21.9854
16.4336
27.2291
20.6903
19.9481
16.1663
24.0151
20.8976
31.0047
20.3407
29.1285
22.1379
18.1549
26.9867
24.3053
30.0344
19.8843
22.0378
21.7390
25.0443
25.5836
21.7482
22.9246
17.0512
26.7994
21.2477
22.6730
27.8895
26.0270
23.6186
17.8968
21.0049
19.9963
21.1661
20.9963
22.6051
22.0060
24.2723
27.1630
19.3850
23.6170
26.7662
23.9762
22.8470
19.8402
28.9176
30.2399
26.9359
21.3267
19.1627
21.6904
21.9578
21.7823
23.4164
22.4317
21.2013
25.7107
22.5292
20.4148
29.5414
22.5524
19.6381
18.4430
27.3853
18.4263
23.2621
22.1994
21.4302
28.6781
20.9836
17.4295
17.0659
25.4330
24.0630
23.6290
25.8094
20.3710
18.2464
26.1129
17.9202
18.3658
29.0440
20.8209
24.6105
24.4161
19.1112
23.4833
21.5312
21.9116
24.2409
19.7273
18.2140
21.4804
22.7582
24.6218
28.3303
24.1155
23.2449
20.7290
28.7345
29.3674
24.1895
20.2383
22.2002
23.5213
17.0823
28.6309
26.6115
22.2829
17.9907
19.9389
23.8565
28.7014
18.8825
15.7158
23.3354
18.3817
17.1654
22.9894
22.1908
25.2575
28.0328
16.1357
19.0526
21.1100
19.7623
22.5334
25.1612
19.8093
19.3843
21.7395
21.5247
22.8528
22.1669
23.6059
22.6398
23.7109
32.2018
19.4757
26.2271
20.2971
26.2028
19.2488
29.2164
17.3261
19.1048
23.3006
18.3012
20.8299
21.1113
22.5155
18.1292
21.1825
19.8394
18.6598
24.5552
17.9851
29.0486
23.7353
21.0860
20.5617
26.8972
20.6221
16.4837
16.1232
28.5041
16.5658
20.3031
20.8861
22.6499
23.1712
34.5839
22.0571
19.3349
29.0210
23.9483
19.4286
31.8193
24.2869
25.4556
27.8188
21.0650
28.2626
30.4166
20.9433
20.4104
27.3761
21.1631
25.1238
32.9819
21.2265
22.2705
22.6556
24.6454
18.7987
21.7637
20.6539
25.6365
24.4469
19.3398
22.8741
27.5869
18.1409
23.5100
29.8399
29.1514
24.0890
18.5880
19.7823
18.0819
20.0520
20.5588
22.9249
17.4924
18.8488
19.5725
19.3177
25.8287
24.3207
23.6085
21.3761
21.5448
23.2511
30.6278
33.3685
27.7491
24.4511
31.1482
19.4146
19.8167
24.8654
29.4923
28.9140
28.7955
16.5248
19.2973
18.5558
27.4431
31.5930
21.7276
27.4805
23.3190
27.7119
16.1450
28.2038
21.9764
24.0677
22.5413
26.6112
24.2140
16.5478
31.9766
18.7967
25.1181
26.4822
20.4492
25.2363
23.2346
15.9311
26.9935
28.6966
18.6273
18.1641
21.3922
26.9713
25.5924
33.5820
25.2635
24.9929
30.0419
26.2719
30.3389
19.5533
22.5432
22.0956
27.3471
25.5013
23.7847
22.4632
28.7830
26.1641
22.9138
27.1533
25.8659
29.3991
22.6997
16.1327
18.8140
17.5853
15.9783
22.9618
19.1596
24.4501
20.5981
23.5967
30.0637
20.0848
21.7329
25.5411
22.0614
15.9190
21.3319
21.7630
22.7387
19.0385
27.7671
19.5819
30.5140
18.9199
16.1249
23.5354
24.8385
15.9181
25.6458
28.8716
26.7194
17.8333
20.6104
17.8090
20.9366
25.2858
26.1105
22.5217
23.7104
22.6986
28.0075
19.1314
23.1825
22.9297
27.0280
29.8615
21.1765
16.6923
30.6967
21.5570
23.5471
26.3498
23.8686
19.6991
32.2865
20.7231
20.9728
31.1090
28.7277
26.8371
25.6161
15.5937
33.2905
19.4486
26.8707
18.7706
20.8283
22.7533
18.5903
21.0236
19.0265
28.0058
26.5017
24.6887
25.2522
26.3868
29.1051
22.7082
27.1033
24.4699
21.7768
18.6137
27.4399
28.9007
18.9382
22.2977
31.6548
32.0160
22.0048
18.3086
22.7253
25.6605
22.5717
25.6123
27.1721
21.1610
22.1729
21.1521
27.7190
22.4145
24.2754
20.6877
26.8107
20.7929
30.2786
25.8755
28.7330
21.1678
21.7451
20.9463
23.0001
26.6361
24.1452
24.2193
18.3974
23.1262
19.2927
15.6039
24.7624
23.8798
25.2113
23.4028
29.9655
19.8359
30.9846
25.7352
17.1608
16.9596
20.1802
23.8030
21.4506
20.3340
23.7170
22.6892
17.1403
17.8697
19.4320
27.6613
26.5059
18.2985
26.6881
35.1843
25.8089
25.9495
21.6314
19.6983
19.2366
18.9867
32.9293
29.7927
26.0188
26.2229
27.9096
24.9419
28.0669
19.4301
18.9418
25.6529
18.3091
34.5331
21.3273
33.1757
31.1318
30.8026
29.7142
24.6025
22.3931
23.3747
26.6788
14.9394
32.6511
31.8915
23.0228
21.9325
19.4280
19.5131
23.7543
26.2188
17.4885
23.8206
22.5985
17.9058
30.8226
21.4762
18.9274
21.8442
18.5781
21.4967
25.2365
22.9917
18.3855
21.7023
19.3465
26.8035
18.0334
18.9463
24.4061
18.5289
21.0397
20.0695
23.8390
22.9989
26.3885
26.3929
23.7997
21.8746
16.8485
24.3536
24.5593
29.6156
22.3863
23.6889
23.7986
29.6316
23.1475
28.0277
29.9155
20.2015
19.6133
21.2360
22.5447
27.7521
21.1476
22.1934
22.2776
22.0916
17.9525
18.6330
24.2013
22.2014
17.9742
23.9382
29.0650
31.2390
30.8225
23.4749
31.0215
28.2562
26.5822
24.0962
24.0635
30.9912
27.2830
24.1969
21.4978
24.6707
17.6183
22.7309
19.8452
32.4614
22.7856
22.3974
22.5315
19.7033
24.9720
18.4087
20.3739
22.3784
27.3481
27.9784
20.8075
25.2202
21.3341
28.4767
21.1304
31.5564
31.1670
23.7461
26.9042
23.8352
24.8384
23.1897
18.4853
17.0966
23.6847
21.2110
21.2306
20.8694
21.9683
24.1534
22.4589
18.9592
20.6708
25.9632
27.3629
22.2936
28.4082
29.9559
22.9407
17.5389
23.9930
19.0460
23.3757
26.7476
33.3275
21.2093
20.2684
16.8178
24.0856
15.1323
24.4588
26.6658
22.8483
26.4559
21.2882
21.9876
24.0248
20.2218
19.2355
19.9438
24.0804
30.9639
24.7876
23.8201
32.3247
25.5138
22.0531
21.8780
19.7162
26.8012
19.6985
27.0546
25.2346
19.2468
23.1373
20.5607
24.7211
26.0195
23.6540
16.5517
19.1030
14.9392
25.3291
21.0571
25.2245
22.3800
16.5295
18.0059
34.9360
26.0925
23.5115
26.1838
22.9807
29.3490
17.9444
21.2348
16.6950
29.1315
30.4643
23.1783
16.5098
23.8178
27.8204
21.0015
21.9223
22.3582
26.4135
15.9065
17.3439
17.2123
23.2831
23.2760
21.4261
22.1393
19.6770
27.1943
26.2109
17.8832
31.4925
20.4578
22.4024
20.0128
31.3038
22.0558
26.1438
26.4681
26.1690
27.9346
24.3503
18.2526
19.9714
21.5623
25.5315
20.4463
22.3634
18.3021
18.3691
25.3796
16.9878
22.3262
22.4167
23.5154
22.1977
23.5900
29.8821
25.8374
19.4606
19.6324
27.0364
28.6352
31.4692
23.5725
21.0322
20.2636
22.4727
20.3496
24.8111
31.6353
19.5719
33.3444
24.3760
19.7242
20.6774
26.0399
27.5264
26.1635
26.3673
17.9231
24.2971
18.3379
28.0206
22.8582
27.8920
21.4402
23.5098
18.2424
26.5306
19.7990
30.7002
25.0778
26.7769
25.2353
24.9293
17.8383
18.0383
22.5091
18.9150
22.1756
28.4220
21.6619
19.8530
22.6469
27.4876
30.5122
24.7481
27.0003
19.6721
22.4780
28.0454
22.9707
22.3904
21.5347
29.7616
22.4562
30.1427
16.2246
21.0612
26.3166
19.9567
27.3409
30.3296
30.2142
28.7796
27.9650
22.1073
29.2610
28.7140
21.0984
29.4248
25.7584
25.6157
17.1061
20.8146
17.9466
20.2468
23.0804
23.4029
18.1025
21.5947
23.2449
25.8866
29.4858
20.8692
28.9982
21.9815
25.2714
29.1989
26.1047
24.1667
18.5630
24.4145
23.5349
29.7014
20.0692
24.5968
23.4127
30.2986
19.0056
20.4948
23.0528
23.1608
26.0797
19.4717
30.5283
19.3948
26.5644
20.7743
25.0695
28.1239
21.4042
18.4035
18.9419
25.6795
24.0055
28.3756
17.2600
21.6622
27.7820
23.3770
29.0968
16.9715
24.2915
21.4483
20.2241
23.8238
29.6675
23.3519
25.2021
26.8235
22.3115
31.6076
16.5979
27.0777
22.2591
24.0388
25.7236
16.6186
18.5255
21.4125
29.6865
27.0700
28.9622
25.3236
24.8844
20.9709
18.8334
25.2329
18.1107
20.4154
18.0705
24.7667
21.6447
25.4741
19.8888
21.9986
18.5884
25.0053
29.1807
19.2931
20.6169
17.3165
20.7155
21.0562
23.9340
23.0445
21.8226
19.6650
20.6723
22.2126
26.8587
32.0037
19.0659
21.5580
19.2454
27.4636
27.4069
28.4401
19.9125
22.5031
26.6680
19.9990
28.6201
21.5421
25.7429
27.8047
27.1795
24.0225
20.6343
22.0865
24.2237
16.4533
23.0389
22.2971
20.9848
18.9098
27.4839
18.1859
26.2868
25.7180
27.8530
25.8142
17.2165
21.4148
25.5447
25.2744
26.2019
26.4016
28.2462
23.5710
28.2810
22.3729
29.0060
24.3837
25.9109
20.1326
19.3321
29.4866
18.8539
18.8218
24.4699
31.4351
31.2999
22.2576
22.8164
17.0893
23.5730
23.2710
20.8745
19.8246
27.8832
23.0924
26.1897
20.1371
26.0288
28.2232
20.1110
25.6350
26.8280
15.6038
25.6132
19.3311
24.9094
22.9812
23.2649
24.2476
20.9153
25.0290
27.8872
34.6372
21.5347
19.0644
26.4930
21.9214
24.4401
24.3508
22.7947
28.2329
25.0090
17.3499
24.6355
15.7905
21.9027
24.3207
21.8221
15.9619
27.2239
37.4735
27.0293
29.3289
18.0211
27.4714
32.9087
21.0795
21.1464
23.8598
20.2360
23.5547
14.2965
22.6408
21.2548
15.5774
20.4696
25.9269
25.7204
21.4234
24.9516
17.1969
20.2080
29.9964
19.0478
25.5603
18.6162
20.6351
24.1139
33.0829
24.9760
17.2012
30.7130
18.3020
27.5179
20.1615
27.2177
21.3497
19.4586
17.9763
27.3128
23.9666
19.4900
19.8681
26.3483
26.2310
25.4971
23.8590
25.7877
27.6699
30.8875
26.9795
22.7307
18.2497
17.8306
18.2123
24.8263
20.4375
22.8523
23.7627
19.9169
21.3981
17.5673
25.2993
22.7290
16.7796
23.0414
23.9272
24.7659
19.9302
21.0067
21.5343
25.8748
17.1505
18.4620
30.1214
16.6868
19.3606
17.6430
21.4810
27.4830
22.3628
24.0986
28.0067
30.9973
24.4706
22.1860
18.6271
23.3871
32.7590
19.3604
29.9176
26.6917
19.6363
29.4649
28.8186
19.3047
27.3298
30.9968
18.8086
16.2364
21.5804
26.1479
21.9951
23.8001
26.8489
19.2643
24.7263
21.3779
22.1284
17.2788
20.2266
28.1497
27.2520
17.2365
32.6366
27.9026
27.9174
27.7587
30.5344
21.8220
27.2262
21.8449
29.8104
24.6432
29.9298
20.1924
17.8388
18.2208
23.5352
23.6661
30.3427
27.4478
25.9474
26.1648
30.3717
30.0332
20.4838
24.0676
18.1863
21.2254
31.1700
20.5032
21.6038
19.5739
22.7173
28.2808
27.2833
16.5761
23.6257
25.9070
27.2673
26.2014
23.8688
20.7380
17.2106
17.9346
20.0477
22.2631
20.8532
23.7373
23.5683
23.1825
21.5400
26.9397
17.8777
27.7746
21.8755
21.1602
26.2259
24.3975
19.5967
25.3181
27.3614
33.3960
21.2469
25.6604
23.9048
21.5231
18.5970
23.5314
24.2273
25.2331
22.3118
17.8651
22.2608
24.1050
20.4038
22.8184
16.9041
16.8008
22.7448
19.7306
26.3343
25.2562
29.6464
24.3469
17.7738
26.7512
22.0384
22.7368
21.6392
27.6427
22.2734
20.9296
19.6210
24.0069
20.0800
28.2006
22.2695
18.2931
24.6473
22.3110
30.0498
24.8845
26.7289
24.1659
20.8119
22.8669
16.2088
16.7268
18.4186
25.7209
17.5509
18.5787
23.1327
23.5544
20.4124
26.9113
27.2871
24.2966
19.1882
17.5404
34.0733
23.7694
17.5396
30.9943
22.1466
29.7256
21.7284
26.5715
16.9642
30.4960
25.9392
25.2052
19.6739
21.8057
23.0191
19.8413
24.5592
27.1597
33.9028
29.0033
18.2643
30.4261
22.8088
19.2727
28.4491
20.9716
28.7204
29.0791
24.7294
27.4027
28.9308
18.9545
32.8167
21.8125
27.0415
21.7451
19.2757
29.2869
26.7734
21.7016
22.6404
26.3857
16.4247
22.6858
25.4339
23.7843
18.6494
24.6443
27.8957
19.0626
22.3880
22.6511
22.4491
33.1729
19.7451
31.1618
21.9217
34.8893
33.8339
23.2523
21.4318
27.0635
31.8088
27.1338
28.5216
20.3979
17.6462
30.4246
27.9043
26.0229
22.5173
18.2949
26.0545
21.9801
22.1242
24.3013
21.4779
31.5328
22.1332
23.2516
22.5580
25.2190
22.3884
21.9554
20.0007
22.7775
25.0389
22.5392
19.7558
21.3889
30.6681
29.4768
24.5109
25.2881
29.5285
16.6240
23.9629
21.9477
23.9583
23.8454
19.5148
21.1028
26.1903
23.3313
25.3779
27.8523
23.0440
24.6871
22.1133
23.9712
18.8844
26.7680
19.2783
27.2581
23.0104
25.8764
33.3988
25.3767
30.3101
27.5948
31.9285
24.2247
31.9213
22.0231
28.6423
24.4008
23.7964
23.4750
26.4226
23.9493
24.5887
25.2506
22.2827
29.0165
20.7946
23.4056
21.3202
27.2217
24.1869
14.9435
26.3573
33.3159
25.2931
22.6590
22.6417
25.1068
29.4943
25.9756
25.6048
21.2726
15.0118
19.8872
22.5721
23.9101
29.4870
27.5020
24.6128
19.6175
34.2034
24.5943
14.7196
19.1760
16.2090
16.4171
18.2725
16.8596
26.3513
27.5515
19.5876
16.6849
20.6695
32.6419
15.2998
17.9975
17.3632
21.5072
17.4330
22.5641
31.5345
30.0166
21.3438
23.6765
24.7179
31.3153
23.4000
29.6777
22.4464
22.7790
21.6247
19.2808
16.5319
20.7541
20.6909
21.2392
20.6212
23.9884
18.8313
31.9607
16.8238
23.2598
22.8717
20.8019
27.1187
19.1849
21.0031
31.4961
18.7871
27.4697
30.6907
24.5491
24.4361
17.1978
23.8445
30.5063
25.9684
33.1883
20.4295
26.4899
21.8420
29.0420
27.8509
19.5135
19.9919
27.5322
18.7530
29.8146
20.4693
23.7022
25.1533
23.7425
23.9154
28.3241
28.0510
22.6618
18.6570
20.4372
27.3792
27.9676
21.8773
15.2455
17.7818
23.8446
32.5317
18.9946
32.3179
25.4704
27.3749
23.5847
16.8039
25.6216
25.9326
24.9244
20.4270
15.6871
31.9298
17.7557
27.3774
30.1135
23.8716
21.7667
17.8580
20.7563
27.7819
21.8027
22.4687
21.7667
18.7567
20.3817
28.9733
24.3227
18.9561
31.7373
28.1314
23.9593
22.6699
24.9712
29.0434
25.6322
18.4968
30.9035
27.8079
18.4564
26.5181
31.0979
28.4221
20.3526
22.0897
22.2296
17.6616
26.4248
36.7716
26.2915
20.8651
26.3671
24.9376
30.4435
25.1920
22.0302
20.6658
24.1361
30.2442
27.8994
15.4802
25.7745
25.5566
23.7890
25.0841
23.6422
17.4409
26.0743
22.3738
31.1001
19.4008
20.3298
30.5291
30.1970
28.9023
17.3864
19.6791
21.6557
19.6562
29.5779
32.0950
26.3527
25.5470
20.3196
19.4592
18.5892
19.4801
26.9721
19.8075
25.4776
21.1873
19.1528
31.8726
18.5099
28.2334
23.5602
31.1678
25.6035
29.0828
15.3122
31.0131
28.0587
26.0172
18.2366
20.6110
18.1356
20.9983
23.0791
26.5841
33.5478
29.5872
23.7371
20.3710
16.8401
24.5708
19.2811
25.3534
24.5817
26.6583
21.0921
22.9788
24.0376
22.5991
21.4158
18.4335
22.9369
18.5902
21.1686
24.3291
31.8813
25.0017
25.8009
20.5610
17.7806
26.9502
19.4271
24.5175
26.8281
26.6287
20.2967
26.9739
29.6521
15.9724
22.1034
20.9047
18.4292
23.7397
16.5911
15.5821
28.2051
29.4390
22.6402
15.7420
26.1968
22.6832
28.3400
24.9097
19.0574
25.7971
23.3033
25.6927
36.3897
28.0419
29.8286
18.3190
21.2431
21.9809
17.5413
19.7438
27.7041
26.9013
17.9575
22.7828
24.8903
21.8585
25.1922
26.3139
24.2253
25.1680
26.0593
28.1622
18.0700
26.0120
28.5706
27.3551
26.6738
23.6233
31.2042
25.4433
26.7116
22.2677
20.8715
25.7260
26.0600
33.1460
25.9022
27.0041
25.5020
20.8742
26.2317
22.8516
25.5197
16.8582
26.0057
26.4261
21.3814
23.4428
23.7733
28.4897
28.1704
16.5422
29.3726
26.0082
23.2592
24.0402
27.4160
23.2591
23.4285
21.4157
20.2329
20.1584
23.1804
30.5163
15.1245
27.6676
19.1897
25.2776
15.7459
23.3690
21.8063
31.5259
26.6113
19.3012
18.6653
24.3765
27.3056
20.1036
23.2071
16.7748
24.4482
24.2403
31.4249
19.1088
20.2788
28.8409
23.7792
15.7498
26.8751
26.5690
19.7863
23.3642
19.6003
24.9882
19.1013
15.2926
21.6911
17.6287
15.9549
22.0352
15.1531
21.1384
23.3510
33.5757
21.8706
30.2751
23.4328
28.2990
24.5231
24.7778
26.2324
18.7815
20.4578
19.3011
21.0135
30.7645
23.3936
21.1833
34.2389
21.3967
31.8297
30.0554
19.4443
28.8569
20.1292
17.8333
22.4505
19.6459
21.7077
29.8581
16.4760
24.4008
27.4208
19.1985
24.6425
18.4172
21.0562
21.9343
23.9884
23.6954
22.8646
22.1386
22.6923
30.2794
26.9679
24.1419
27.9498
16.5372
27.4006
21.5774
18.2481
20.1874
24.3924
31.0539
22.4051
26.7051
31.9721
28.1347
25.5125
22.4015
17.8195
15.6446
26.5636
25.1403
21.5237
33.4505
18.6690
21.0060
17.2295
17.3470
24.0470
28.8506
24.1219
22.1174
29.4125
24.3676
32.4933
26.1309
33.5751
23.6886
19.1830
16.2815
25.9511
21.5574
27.9217
19.3034
18.2275
28.1649
21.2677
25.4141
19.6279
24.5784
26.1286
28.4801
22.0699
23.9835
16.7979
24.0810
21.5779
23.2485
29.5426
22.7739
17.5289
23.5418
15.0593
29.4499
23.5189
24.5400
29.9030
29.2789
16.1604
28.8359
27.7197
18.5284
22.6098
20.9590
18.7848
17.5943
25.9178
21.1635
29.3726
21.2774
33.7893
23.8466
22.3667
31.7677
24.5812
21.3071
29.8356
29.1134
18.6861
24.0572
29.3127
19.5717
25.5617
17.8290
23.6735
25.6738
21.8324
19.3467
34.1418
28.4842
15.6790
18.5382
28.5693
19.3139
31.9110
21.2503
20.5750
27.8122
21.9780
18.3202
19.2384
22.6161
23.1076
29.7314
22.4088
21.0308
22.3982
27.9200
21.4709
31.1131
29.3985
34.1840
24.4626
33.4443
24.4148
22.3039
25.7716
19.1090
26.7162
18.3948
30.7294
22.5114
20.1399
29.2585
22.1662
22.9212
28.7192
22.6267
31.0030
21.5968
25.7554
30.4323
26.7142
26.7898
33.7986
32.0325
23.6618
23.3810
27.1828
18.9782
28.5422
29.4701
24.4265
21.8619
21.8429
21.8675
23.8462
16.9247
29.2760
24.3085
15.0712
27.0565
20.9372
24.3350
20.5438
18.8122
16.4633
25.9070
21.1726
25.6263
20.5902
20.9326
21.8238
21.4449
18.1578
25.0629
25.5919
30.4573
22.6027
21.5871
20.2366
28.9896
22.9901
27.6711
14.2081
27.3346
21.8352
25.1131
18.2447
24.7261
15.3504
29.2438
28.5043
25.3512
22.8978
21.8440
23.6783
22.4676
24.2717
24.2640
25.7951
21.7286
25.9747
25.4081
22.8277
26.9294
24.4651
31.0072
26.1606
27.1132
17.7777
34.0893
17.2326
26.3667
26.6581
17.1164
24.8691
21.4447
22.3029
23.2570
24.2208
28.1838
25.7823
20.7362
22.5395
24.3266
21.5635
27.6442
23.3743
22.4422
22.5980
28.3130
26.3724
19.9104
22.7618
20.0510
27.2547
20.7085
24.0978
21.9867
22.0735
26.7998
27.7240
28.1248
24.5306
22.3794
25.6335
20.9772
24.1782
28.8835
19.3941
21.7660
26.1865
24.3261
19.1166
31.6564
25.5520
24.7301
21.5458
17.3629
33.4040
29.9673
27.9334
28.3375
26.4707
31.1583
19.8708
21.1212
25.9950
24.5457
25.2460
16.3344
24.4609
22.6133
18.4820
26.2262
21.5824
24.3543
27.0257
24.6688
27.2895
17.2777
24.6981
22.4467
17.5393
16.8576
29.0938
24.5958
26.0959
27.5577
25.6788
27.4340
17.1813
25.1673
25.2913
30.0117
23.2448
26.4015
22.1964
26.4008
30.0078
24.2518
22.3984
22.5057
26.6095
25.7006
19.0077
24.8981
22.0800
25.3944
19.2133
19.6895
28.6562
31.7796
31.1770
20.2068
20.3680
22.8070
24.6323
26.0853
22.1528
20.8177
19.6957
22.1867
22.0709
16.9601
23.2750
32.7794
25.2473
22.5115
30.4068
22.6741
22.6025
26.0322
27.8994
26.6261
33.1051
29.1395
19.3362
29.6270
25.7343
29.4111
28.0734
18.0038
32.4160
25.1672
26.3281
20.0561
24.3282
21.4868
22.3004
30.4262
28.2818
27.6653
22.9957
27.7758
20.5304
29.8021
26.4262
28.7509
21.0545
26.8135
24.3543
30.6074
23.2220
20.7049
32.6663
23.5367
29.8471
23.5494
17.1705
24.8641
24.1059
25.0709
18.1129
26.2846
18.9158
20.5552
25.1240
27.4006
26.3286
25.7654
15.6547
27.4297
20.7260
31.8610
17.6589
18.7500
18.0564
24.1730
17.6574
23.7149
28.8404
26.2835
22.0574
22.3533
18.2040
19.1560
28.1433
31.6417
22.3701
25.3315
20.8732
28.4438
24.2532
24.7977
21.0091
22.0193
17.9543
36.4539
24.0110
25.4651
23.7134
18.4902
18.6232
26.3579
28.4861
23.2424
20.7214
25.7346
22.6890
25.2542
27.8212
23.9902
24.9541
31.5162
26.2026
27.4308
32.6182
26.4955
20.7797
23.4774
27.5047
19.9445
26.3477
24.4721
21.7706
18.1350
31.6557
25.0870
23.5473
18.6630
27.5324
26.2098
17.3873
25.9164
33.2388
23.2486
22.5373
31.1834
30.5631
25.2145
17.2749
24.3992
15.8949
20.3958
25.3898
18.6479
27.7352
22.7608
19.3535
21.1557
21.1280
32.7827
24.9286
23.6029
28.3980
21.4823
22.4232
18.1425
24.6079
19.4404
23.7276
24.6960
24.0414
28.0582
23.7048
27.1714
24.1685
28.7517
21.5063
23.0587
29.5377
20.1761
25.4663
27.0489
26.6740
30.1855
29.9890
18.3016
20.6414
26.5298
24.1394
23.6275
29.4510
31.9559
21.4408
28.2978
28.2914
21.2905
27.5588
24.0668
24.9307
22.8454
18.5505
33.8325
29.5599
25.5709
30.2246
27.8089
28.7106
34.5735
27.2690
21.1373
29.9502
23.8550
20.9669
19.9683
18.2418
29.3054
22.8319
23.3774
20.2853
20.3343
18.3405
27.4552
26.6467
24.2564
23.7453
29.9084
30.4503
21.6632
29.0629
20.4189
24.7983
27.6026
27.6360
22.9860
24.7942
19.9821
20.1091
32.3973
25.2620
28.3109
23.9734
20.8369
26.9704
25.3891
21.5265
16.0839
26.6905
28.4246
28.1755
26.1009
21.8012
20.2164
25.9504
24.1096
20.7691
19.8714
18.7685
20.6974
26.7755
26.6619
21.6408
15.7727
27.6396
26.2000
19.5759
25.0503
23.8120
28.1162
27.8407
21.1812
26.1248
20.0127
20.6117
23.9733
29.8474
24.7993
17.5540
20.8648
25.2930
27.4764
20.0659
18.1872
27.1967
21.0457
17.9725
22.0666
23.5267
19.6515
30.7517
29.7640
24.1154
21.1818
26.7832
31.6309
25.0877
24.1227
29.1010
21.4633
20.0628
25.3272
22.6267
24.0792
29.7445
21.8076
21.1896
33.9879
23.7559
18.3205
26.8129
24.0366
19.9698
26.6934
26.8623
34.6635
25.4581
21.6043
35.3201
29.6793
26.3062
16.0344
28.9690
27.0180
21.7999
28.4911
22.6961
30.3449
26.7098
18.5784
17.7853
21.7204
26.8278
23.5838
29.7465
21.8390
22.6652
23.2206
17.0685
18.6355
19.2422
16.6536
21.1868
30.9931
33.4977
28.1159
28.1864
22.4058
23.3055
28.1600
20.2537
24.6906
18.1345
23.6398
22.5834
19.5574
19.6170
24.4201
26.4993
19.9368
19.4614
24.2756
25.7166
16.2676
18.4048
25.6052
22.8058
25.6727
24.4413
32.8331
27.0130
19.0236
20.2556
22.6472
18.9563
16.1714
21.7932
18.7627
32.2778
25.3484
17.2159
24.4289
29.5715
21.2592
22.7226
24.1058
25.3375
25.5124
26.8925
21.6260
19.9192
26.1339
21.0969
24.7790
24.8338
20.4446
22.2579
23.8889
24.7967
21.8908
22.5590
28.2316
32.9259
29.1643
25.2484
17.7416
16.1302
24.9368
19.7024
25.9507
18.0695
18.4204
28.2168
20.3054
25.5657
16.6436
17.7835
24.5773
20.5512
30.2941
17.7631
19.3543
31.4740
29.6048
24.1253
23.6913
26.2651
26.3066
26.0502
21.9187
31.8562
19.2349
17.9546
23.9745
20.9756
25.0048
18.5901
20.4901
24.6664
27.3479
23.1809
21.2444
20.1343
26.6483
20.6188
29.7433
24.8061
28.3662
24.1751
23.9124
24.3155
25.8612
19.8201
22.6533
21.9129
23.8033
16.8365
28.5243
18.8437
21.3532
26.7562
28.6925
26.9104
31.0077
24.3559
17.0306
18.0445
28.8716
16.0879
26.8249
19.3100
21.0544
30.8326
29.3105
18.8832
28.6599
24.4361
25.7531
18.9917
21.1320
28.8924
20.2079
26.6497
22.0049
22.3166
20.2782
15.9542
19.4230
32.2423
26.7191
24.4590
30.6936
29.2060
29.4341
28.4230
25.3267
16.4139
20.3718
32.8166
24.0758
21.1107
28.8635
29.5114
21.2055
28.3117
23.5767
28.3316
26.2494
20.7654
26.3223
20.8164
31.3784
21.6875
20.6271
20.8547
21.6692
32.2858
22.9773
21.4844
29.5473
19.6954
23.4244
19.6466
27.7098
19.2936
25.4698
30.1897
22.3043
27.6274
18.8556
17.9709
21.1698
24.6100
21.9269
19.6912
21.4128
19.6403
28.4418
30.4537
17.1341
23.8437
25.5926
20.1990
25.3092
25.0039
24.6938
23.3449
27.3840
27.7628
24.6273
23.8349
23.7966
27.2590
25.7628
31.4812
26.3425
32.1242
17.9905
26.1459
26.8437
28.0989
27.0061
22.3934
29.2726
23.7383
23.5662
24.6072
28.1488
21.6734
20.1294
20.4480
26.9908
20.9821
22.3258
24.1664
22.1759
22.8596
21.7005
19.3381
21.0714
21.4169
20.0106
19.8866
29.2624
27.6365
25.4173
31.3271
24.0482
18.3946
17.9185
20.2638
21.0051
30.5919
16.8789
21.7250
23.9644
22.1703
25.4951
31.5547
19.8596
28.4190
21.6161
23.5860
27.4122
20.6578
17.3074
17.4391
22.7072
27.7224
31.6263
22.1667
30.0075
22.1571
22.0424
32.1962
19.4687
32.5507
29.5597
28.0446
31.1042
20.5643
19.8102
25.6494
34.0356
17.4516
21.3640
21.4760
21.5318
20.6952
20.9244
26.3756
19.0587
20.1298
18.9927
29.8368
23.6327
27.8454
21.3326
26.0229
20.4016
28.8158
27.3680
20.7594
19.2398
22.9129
19.3569
25.2712
21.3853
26.5372
25.9974
23.3528
19.4129
23.7961
30.2278
25.8502
19.2057
15.9965
28.8280
23.9122
21.2160
22.4365
28.8697
27.4354
19.4323
19.5736
18.4426
24.8369
17.5991
29.4685
23.3706
23.1095
18.5626
18.0507
25.5187
26.4738
25.9383
23.5838
23.7536
21.0339
19.6960
23.4691
23.4677
26.8036
27.7180
22.6077
31.2671
24.3595
23.8068
26.5192
21.2364
21.4422
22.9326
22.6905
29.7434
25.7639
21.3819
22.3357
25.1093
24.3175
24.9089
27.4953
33.3310
25.6756
24.7161
29.4006
18.4063
29.8064
29.4782
21.2716
30.3094
26.0242
29.0333
19.4637
18.0146
26.5848
18.8813
24.0365
24.2271
20.8798
26.8238
22.3717
19.2182
28.2517
25.7602
25.9368
29.2264
23.7117
23.1170
30.7174
21.7000
21.7167
25.3090
30.3742
22.1682
27.7940
24.6701
30.3302
23.2976
19.9253
28.2076
25.8722
22.6511
26.1730
23.5188
30.2856
30.7489
17.6697
24.9412
23.0029
22.0123
31.6713
22.9579
21.9887
25.9900
20.2351
30.9121
24.4052
24.6152
23.4274
21.8275
21.1569
22.0365
18.6291
26.9874
19.1986
19.1940
33.4103
28.4916
21.8784
26.2886
30.7155
27.9484
19.3594
18.9448
31.1127
24.0861
21.7378
21.8072
32.7765
20.6762
23.0594
25.6264
28.5878
23.7478
25.0315
28.9594
19.7433
26.7835
20.4431
31.9140
24.7068
25.9714
25.0727
20.6677
26.6857
21.5685
18.2769
25.4951
27.1104
17.5003
19.3792
16.5906
27.0805
21.4362
20.9088
21.4153
25.0786
29.7385
26.9891
30.1502
26.0990
31.0971
18.4720
26.4587
33.5703
21.1624
21.5995
27.7853
30.2147
20.0415
28.0350
20.2967
32.4819
25.1847
23.1328
22.7025
27.5243
23.5878
21.1714
19.6603
27.8010
18.4813
23.8706
20.9525
20.5455
25.4940
30.2572
22.7516
26.7522
30.3897
24.6776
20.0081
27.4596
22.3659
28.6102
27.6003
26.4689
29.6201
18.0008
17.9816
24.3775
20.4053
27.2716
21.0522
27.3114
21.2220
25.1637
28.0262
24.4713
20.9919
23.1507
25.3136
15.7042
21.4511
22.6316
24.2049
19.7832
27.9805
19.7125
27.8948
20.1837
27.3705
29.8739
21.6152
23.8702
21.2811
15.8842
18.1229
21.0826
17.3327
21.4932
19.5411
21.3660
17.7820
19.3250
17.0304
28.8848
25.1331
24.8310
26.0999
22.7965
28.5713
23.0406
23.2421
25.0969
29.9344
29.9890
22.3211
20.7115
17.8093
16.3897
21.0188
25.3910
28.6272
21.8335
29.1243
20.4897
27.9883
29.4698
19.3563
23.0453
24.9519
21.5669
23.5566
23.5726
20.8055
25.3401
26.0088
27.0941
22.3140
19.6437
24.7830
21.2770
20.4171
23.1444
20.3409
23.7614
19.4747
20.1655
20.2225
26.5509
30.5261
25.8996
26.5545
23.2620
19.4996
21.7733
24.7002
21.5588
28.0570
23.7129
21.6744
32.1358
20.4381
27.4186
22.8796
22.9431
20.0826
23.8352
29.1531
20.8091
19.3875
19.2010
23.9002
19.7311
24.8338
30.4976
25.0605
28.2594
19.4452
20.3477
31.1349
27.2794
20.0115
24.8657
24.9098
25.8031
20.7912
24.3368
21.5955
25.9171
23.2482
23.1677
33.4939
33.8280
16.7691
25.7208
27.8512
19.8255
24.8641
20.1693
27.6413
26.0860
30.7273
19.2184
25.7016
21.0818
19.9928
19.6477
20.5537
32.5823
32.1344
22.7720
16.9808
23.1559
19.8925
17.8520
28.1802
20.9125
25.1801
21.6632
21.5374
26.4982
20.9821
17.8012
24.2831
22.6853
26.4978
22.2036
20.7037
16.7352
17.3063
18.1657
21.0808
22.2266
30.1132
27.1971
28.8105
30.4855
29.5319
24.5789
32.0473
25.6259
27.3256
27.7924
16.9702
15.8971
25.1642
25.5222
21.4621
23.6766
20.5762
26.3432
22.4454
29.5037
34.4145
17.1594
20.6089
29.2857
23.2152
24.1235
23.6331
31.0282
20.8624
27.7544
22.2156
21.3929
23.9766
18.7861
27.6771
24.4500
28.7678
23.3929
21.2466
22.9005
24.0096
27.5606
19.6250
26.5399
14.8949
24.6584
24.4190
33.2436
31.1651
21.3164
26.6422
30.2301
22.7068
21.5074
22.7134
24.4248
19.7707
21.5017
27.3870
24.0461
22.0176
20.7104
19.4558
28.7863
22.7779
24.5539
30.2265
24.5073
25.6051
33.1470
33.4909
30.2218
20.8503
21.6555
34.1116
19.8392
27.4947
23.5637
27.1074
25.9711
26.1828
21.0101
24.6025
23.1515
22.5148
28.2256
26.5812
27.0887
20.4221
31.8643
26.2302
23.3163
19.6368
19.1501
21.0544
23.9713
23.8656
23.8878
20.8448
21.4753
19.6316
18.3943
19.5552
25.3533
23.9904
22.0329
22.3290
28.1815
23.3135
26.4321
24.5795
23.7237
25.9155
18.5754
28.1873
25.4802
30.8495
30.3383
23.9895
22.9181
26.4278
30.7061
18.2815
26.6050
25.1367
20.8884
24.2407
26.9769
26.5979
28.0899
26.0616
31.5220
25.9193
25.0270
30.2479
27.2465
29.6311
30.4574
25.5760
28.2854
27.8940
20.1504
27.0576
26.0436
28.6184
26.4357
25.9902
30.4637
27.3948
26.4367
32.3400
24.1100
24.8653
16.5042
24.3281
25.6105
27.7906
27.4984
21.7333
23.8746
24.1316
33.1938
28.8177
24.9403
25.1756
28.2869
16.7949
20.9613
19.1462
18.6781
19.1258
25.0115
18.2297
18.8668
23.3519
19.4415
29.4565
26.0342
34.0835
27.8711
20.4083
25.9190
19.3532
21.8523
21.7913
25.8286
23.2044
25.7655
27.6741
23.4249
22.9827
24.4961
24.7180
25.2833
25.6825
17.3808
26.3457
22.1653
24.4214
26.5120
21.2081
18.1563
19.5614
25.2557
24.5207
20.5490
21.7412
29.6656
27.1146
18.3264
21.6423
19.4887
22.7809
23.6325
19.7658
24.8905
29.1846
19.9696
32.6703
16.7604
25.6250
28.3045
16.3865
22.9004
25.7296
26.7922
29.6929
34.8374
16.5319
31.0492
26.7074
27.4088
28.4850
21.9217
31.7667
17.0239
23.3792
24.2540
29.1861
28.0957
22.6772
24.4486
24.0579
18.3318
17.0383
16.9659
22.5653
26.7634
24.8650
20.4409
26.8964
23.8536
33.2730
22.7306
30.9092
27.2361
25.9087
24.1674
28.8750
24.1683
21.6757
19.5331
28.4315
17.5007
25.1905
32.8387
31.0069
25.1913
29.2037
23.0367
28.4951
20.3547
22.2758
26.3754
24.2032
25.8555
27.2589
21.1379
33.7603
26.3031
19.7630
18.0462
23.2981
17.2892
21.2887
18.5881
28.0196
23.1824
26.4927
29.0410
17.9034
29.8702
28.9790
19.3671
24.5017
27.2953
18.8978
23.4292
18.4757
29.5273
21.8935
26.6557
21.5125
24.1299
21.6098
27.2247
22.8049
27.0604
26.1609
17.6447
30.4731
17.9635
25.5191
28.2898
35.6745
29.0629
16.6864
25.9645
28.4635
25.5052
19.6721
19.4691
19.1309
22.3019
27.4308
24.9924
24.5646
17.4800
18.6028
19.8791
24.7002
33.0129
28.0768
24.2964
30.7408
18.1127
30.1639
29.1155
21.1195
21.5005
23.2520
23.9649
25.1523
19.1694
28.0154
30.5427
24.9389
26.6274
22.7288
24.4156
20.1727
23.4512
26.1619
31.8524
18.6260
19.0240
35.5622
19.9222
29.6003
26.8779
22.3441
25.0711
21.0532
22.6506
27.0390
21.9813
19.1893
18.7614
25.1640
20.0564
19.1145
26.6417
29.6478
21.1653
30.2241
24.1261
21.2591
18.2438
29.2245
21.8292
24.4102
30.6523
28.0376
26.2348
20.8454
17.5935
19.7709
24.3301
25.7975
18.8390
19.6884
21.5415
23.9213
30.5501
25.4444
22.7742
31.9561
19.9635
19.4762
21.7245
24.0116
20.1095
22.6671
19.4380
27.7781
26.9367
20.5864
34.0539
24.1848
22.6501
19.6007
29.4475
22.8638
30.5068
26.3266
22.0806
30.9671
20.6754
22.1132
28.2495
15.6175
28.0904
23.1783
22.6304
23.3856
31.4276
31.3245
25.4033
25.9534
25.9341
32.0410
30.4095
18.1320
27.4084
25.5605
20.6550
23.5506
22.5402
23.4635
27.3020
22.8389
24.8344
21.4628
16.5985
29.5330
29.5948
25.4215
35.2654
18.5235
21.0853
15.3839
24.0879
19.5956
20.0249
28.6021
29.2665
28.7954
18.5258
27.7189
28.6739
27.0791
22.3045
28.7203
25.2538
23.5235
28.4238
20.5025
18.1010
24.8238
25.5475
28.3503
21.6200
23.7637
32.4858
26.8735
26.7241
22.0208
25.5027
18.0754
26.5744
21.6136
23.9745
21.7389
19.5640
28.6502
19.8425
18.6509
28.5031
28.3291
20.1538
27.0296
29.1074
26.6178
28.1517
36.0696
31.8004
21.4137
23.6984
26.4261
30.0039
19.8659
27.8299
21.9303
27.5310
23.7324
30.7079
25.1564
20.8574
22.9456
28.3887
21.9369
26.5176
26.1407
23.8421
24.5231
24.8413
26.0635
25.8165
25.0396
27.9958
20.6213
25.7146
26.2962
21.0118
24.8167
19.5363
19.7380
21.4017
27.0143
30.3681
25.3735
27.7982
33.6365
25.6812
27.7546
34.6387
19.3737
17.9250
38.8345
19.8598
19.5506
21.8673
20.3572
27.1387
18.4907
23.4741
25.9893
30.6094
26.5035
22.2080
20.8767
31.8795
29.2879
23.8846
24.1221
26.6556
29.2196
32.1636
19.6895
26.0707
28.9127
25.5617
27.1582
29.4790
29.1222
19.0412
20.5945
25.4244
23.1637
32.2399
25.2360
31.3427
21.0621
32.2722
17.2038
25.1927
30.8792
21.3842
15.2314
19.4073
27.8582
17.5445
29.3717
22.0464
17.8874
21.7689
23.9508
24.5052
19.9174
24.9634
26.6297
27.7036
25.4469
23.6402
19.5902
26.1131
27.7104
26.2196
30.0397
28.3561
33.8080
19.0460
