22.8374
24.1835
23.8850
15.0306
24.8071
18.3001
15.2983
21.1780
18.7065
29.3104
27.2498
22.7335
23.1911
17.8615
33.9756
16.2182
26.5075
23.1807
26.8643
22.9494
19.7020
26.0120
25.7528
24.8118
28.4574
20.8195
20.5748
23.8067
23.7988
27.2676
28.9317
23.7218
21.1554
21.6993
23.8497
20.8086
20.6639
31.7039
25.7021
29.1754
17.5754
28.4335
33.1532
19.1090
18.5039
21.8236
29.3369
30.0399
19.7843
21.3404
23.8592
23.8347
24.4850
29.5009
24.9678
22.5640
19.3283
24.2500
21.3377
23.5254
25.4970
24.6085
25.1929
23.9218
26.2056
23.3128
26.6155
18.2439
27.4032
19.1813
24.7101
29.5591
24.8142
22.3966
24.5827
22.6115
21.6112
31.2151
31.2282
25.0119
24.2119
24.4606
23.5381
22.3297
26.4447
29.5573
19.9048
26.9535
30.9445
28.9384
26.7805
23.0833
31.6010
23.2146
24.5722
29.3449
27.8946
26.9069
27.4323
29.5224
27.8262
32.9505
21.5951
29.4160
23.3836
25.4147
22.3522
19.4236
20.8517
23.7519
17.1269
21.5580
24.4944
18.6910
21.2532
30.4081
21.7223
20.3852
20.6606
24.8176
28.4207
20.2784
22.7141
31.0582
23.8806
19.4255
32.5492
26.1492
24.5939
28.3275
29.0942
23.1199
24.0675
24.1099
32.8814
20.9932
27.7985
30.6475
17.6526
28.7457
22.7558
20.5666
26.9251
20.8989
19.7409
16.9897
19.5981
30.1220
28.3815
26.8455
20.7132
26.5406
21.9123
28.9597
35.5800
29.6917
34.0552
25.7954
28.3564
22.6817
28.6973
23.9642
17.1819
18.5245
23.3046
27.2357
18.5510
23.1948
21.0640
33.9382
22.0938
19.0797
28.3130
27.1229
23.9942
20.3959
26.8684
28.0546
28.2667
23.8891
22.4530
20.9258
20.5288
31.5795
27.2540
17.9516
20.1810
20.4830
21.6409
21.4093
29.9850
20.6253
22.1684
25.6354
26.4295
29.7817
21.7095
29.7733
20.1365
29.2436
24.5061
29.6493
19.2587
23.1307
25.2898
18.5920
22.3847
31.2349
21.8904
29.6949
30.3824
24.3374
26.1517
26.7915
23.0378
23.5390
29.6311
20.3756
19.7495
26.7204
21.6425
24.4896
22.8194
23.1720
25.6315
26.5780
19.1149
19.4936
27.6590
24.1187
21.2747
19.3732
18.8862
19.2824
22.4798
26.4747
27.5311
28.4215
20.9800
26.7955
30.9838
25.6944
25.4646
26.7187
21.6297
24.6819
24.6703
18.7714
28.1595
32.5400
30.9214
23.4860
30.9001
24.4984
31.7001
32.3739
25.6985
30.2261
28.1933
26.2240
24.6221
23.2680
21.8848
22.3795
26.1386
20.7821
23.4012
25.5748
27.1302
22.1326
17.1294
29.6432
28.3884
30.4712
28.2107
31.2861
27.2632
32.4468
22.5940
24.8491
28.0448
27.4892
27.0123
22.7275
25.6348
29.8967
28.4677
22.9048
25.6225
23.4070
28.2155
27.0159
19.6918
24.2406
18.6025
25.5383
19.7355
20.4678
22.6781
25.9930
25.3841
24.6464
17.9774
27.0752
21.1846
24.5931
22.2417
21.1589
21.2537
23.7849
19.4837
21.8917
23.3204
30.7311
22.4387
30.4606
20.7468
20.1089
30.4727
16.9492
18.8604
27.3126
31.1004
28.0395
22.5455
36.4529
23.7806
17.5015
20.3908
19.0369
25.7566
24.7319
20.0967
28.6054
25.8245
28.8278
19.6149
21.2763
19.8533
37.4720
22.3980
21.2309
23.9378
20.5830
24.9364
17.3208
23.8087
18.7513
27.0439
24.3487
22.4289
25.5989
31.3329
21.5048
27.7070
21.3462
23.4917
19.9432
19.7666
29.5710
27.7958
16.7863
16.1895
24.3588
33.1638
26.3036
22.9379
25.5207
23.5523
28.4148
24.9677
29.6590
21.7192
18.0639
21.7655
21.7941
18.5835
19.4551
27.8453
20.6352
27.1964
22.1834
27.3393
30.3828
24.2468
21.9190
21.5953
20.7778
26.1153
25.3054
25.7008
36.7922
17.9438
22.8878
19.6426
22.4977
18.6342
19.8744
23.6406
23.5168
25.6624
15.9573
17.8390
25.7106
24.1596
21.4687
25.5144
25.1837
30.1705
21.7179
25.7256
21.3339
22.9356
30.3821
22.4107
24.0041
22.1932
23.1167
25.0999
19.0745
29.9778
26.7496
33.0000
27.6123
28.3260
25.3583
28.9683
18.8849
27.0509
25.3243
17.5273
20.1675
20.7741
21.8737
21.5238
24.6575
34.3165
29.5332
24.2372
25.2396
24.6848
25.9195
21.7602
23.2022
20.3871
31.0062
20.8708
23.5181
24.2828
25.4251
25.3607
28.8613
23.1009
21.6230
29.8250
29.4101
24.8871
20.7875
25.7703
22.3617
26.2508
19.7944
26.2900
25.4146
29.8665
24.2902
17.1879
24.8149
27.8234
33.5503
32.5260
24.1030
30.0492
19.7426
20.8286
20.4439
21.6196
26.2582
34.1760
17.5481
25.0300
21.4893
22.3474
20.0613
23.0708
29.0794
27.0212
26.8958
22.0837
19.2263
19.3264
34.6323
26.9867
31.4313
26.2789
32.2753
26.8675
26.3487
23.7743
22.5785
21.7447
20.2400
26.5496
19.8189
25.4574
23.5658
24.9408
30.0056
16.0582
19.9511
25.2745
26.5562
25.6300
18.6799
27.5593
25.6840
31.0653
25.8873
22.7484
22.4517
29.1689
22.6464
20.8491
21.8489
20.1861
22.0855
24.8243
24.0543
28.5298
29.1797
29.5360
31.7160
28.4074
25.6468
22.4972
23.6921
19.9861
20.4671
25.4251
20.1532
18.6996
28.8261
24.0981
31.5957
24.3335
20.8655
25.9937
18.6713
23.3564
20.6875
23.5926
22.0873
25.5064
21.6023
19.2500
18.0635
26.6468
31.6671
31.7589
30.5792
25.0728
27.9581
25.7891
20.6259
26.7149
22.9233
19.3112
30.1349
25.5100
18.9670
31.0855
24.4754
24.1071
26.6829
21.3757
29.8640
21.1979
23.6858
29.1167
19.4306
22.2047
21.4570
21.1242
25.5098
26.6606
26.6963
31.0252
28.7804
23.3947
29.9422
24.8011
21.7892
24.9713
18.1330
24.7764
28.1030
23.6484
23.8594
25.9156
28.6597
25.3003
20.5538
26.5681
25.0583
18.5668
22.0549
26.2741
34.2477
15.6692
20.9832
27.8259
25.9938
20.1462
34.8316
29.6676
23.9293
23.9776
22.1197
20.3863
25.9517
24.1332
26.6609
24.8398
25.4995
23.2156
20.8008
21.5426
26.3955
27.9150
19.6246
28.6439
26.3429
21.1489
24.6026
24.9419
23.8005
30.6757
25.5081
26.9562
18.2576
23.9709
18.6294
24.2340
19.1020
19.2927
28.5961
31.0767
28.9073
25.3308
24.2615
26.4925
24.6636
24.7531
28.1355
26.3986
25.3787
19.5495
31.8670
34.0443
28.3247
26.9939
26.9448
24.1673
28.4846
29.9459
25.7033
28.3422
29.2782
16.5446
21.1740
22.4577
23.0930
32.0405
32.4202
26.7452
29.1745
24.0258
24.0377
19.3111
25.2979
23.3642
22.9357
25.3928
28.9453
32.3375
19.9132
30.7514
21.5555
23.6479
20.6140
23.4303
23.1803
26.3755
22.8782
31.5456
20.6690
23.8947
28.4738
25.5603
28.8416
32.3908
22.4308
25.3604
21.8245
22.7413
21.9969
24.3282
31.0053
21.9355
23.7302
34.7703
27.2701
22.9678
24.8191
19.5368
23.7522
23.9438
26.6015
24.4904
24.2410
25.9841
27.7547
25.9476
30.4814
27.4470
27.9558
23.5369
18.1994
25.1194
30.2458
22.4617
24.5942
18.8142
21.0820
26.1379
21.2039
28.5324
33.7164
33.3564
26.1649
29.1932
20.3193
26.7446
24.7991
24.2469
23.8466
20.1318
21.4179
21.6497
27.4137
25.8074
27.9572
22.5146
28.2566
18.6508
27.5601
28.1999
25.7197
27.1606
21.5205
26.5455
27.5834
25.2110
36.0630
23.3962
21.2348
19.6897
24.5005
27.6052
23.8582
25.6475
20.2906
22.4470
30.5564
22.9887
18.3911
22.0003
21.9327
20.6383
26.7656
21.6748
29.0153
21.4743
18.5114
26.0929
19.0602
23.7491
27.7055
22.9834
30.1942
28.8669
20.7598
22.6628
29.3112
32.6090
23.6978
28.2831
19.2501
24.4110
29.7264
28.8413
21.5732
28.8136
24.4182
17.2754
21.5282
24.5117
30.3495
23.7149
28.8344
29.7510
23.5234
27.3253
25.4396
20.6693
28.3165
22.6441
25.3415
29.4404
30.6917
29.1976
37.1007
26.7507
23.4121
26.3564
21.7682
20.0543
24.2184
20.3288
19.6500
26.9490
26.6830
21.5437
27.0205
36.9501
23.4503
25.2363
26.1427
27.8317
18.6508
24.6303
27.6375
23.2798
19.1608
26.1596
21.9189
25.1824
30.8948
22.2805
28.0672
19.6556
22.1283
25.4513
24.0093
23.2878
25.4357
27.5870
22.2927
27.9492
25.6863
25.0610
25.5160
22.3656
24.9227
26.5457
22.7005
23.5609
19.1574
28.2360
25.8401
28.7135
27.0084
21.6360
25.3392
23.1825
30.4237
26.4572
31.5225
29.4884
20.0166
23.1963
23.4634
24.5425
24.0333
25.4747
19.5226
28.7776
27.4000
22.7816
26.1489
20.7512
20.5885
26.5851
24.9799
29.3024
25.7039
23.5116
28.9718
23.8073
22.5777
19.9276
25.3657
15.0586
22.7593
22.8099
24.4489
19.0618
23.8564
18.4674
24.1683
20.7548
16.3574
24.2603
20.0978
25.4666
25.7515
26.3287
19.6984
19.9001
19.2338
22.1123
18.3841
25.6913
26.7673
21.8471
20.3052
23.5061
32.2243
29.3233
22.1357
25.5394
33.6188
21.6379
28.7563
29.8921
19.7193
23.6758
22.2213
34.8070
18.5324
25.3763
27.4440
15.6891
27.5939
28.2894
24.0772
22.6906
19.7953
25.3720
27.7063
26.7531
23.2780
23.2522
19.5843
25.6095
32.2043
18.6429
24.2042
28.1098
18.9090
17.9409
24.0133
25.1727
25.1132
25.8554
31.0894
24.0444
17.4597
19.3837
21.0127
22.7882
23.1541
22.2643
21.1480
28.2383
21.0562
24.9661
22.5480
25.0245
25.4644
24.6131
22.8891
28.1438
30.1979
28.7790
22.4808
24.0542
29.7433
33.1424
26.1994
23.0768
16.1207
23.6008
20.5323
25.4447
24.9070
19.7995
28.3480
18.7871
22.5177
25.6914
21.3601
23.5746
17.3816
30.4099
26.1488
29.2507
22.5412
21.7757
25.3078
28.4959
27.9660
20.4369
25.4153
27.3154
27.3194
26.7276
20.7366
24.9392
32.2182
18.7174
23.8445
22.2240
19.3379
23.5379
26.4883
23.7183
28.1946
22.6958
24.0708
22.2303
28.7372
22.4962
17.9323
20.0397
35.5931
25.4917
24.2580
23.0510
24.6003
21.9721
17.6225
28.5110
27.9926
24.8916
21.3456
20.4532
18.5689
25.1008
16.4403
21.5939
28.0022
29.4428
24.1444
22.2451
19.9205
24.3483
26.7770
20.2566
23.6717
21.9384
21.9297
19.2953
26.1890
20.0058
29.2650
30.6412
33.0823
19.8564
29.9610
22.7321
28.3285
18.7566
28.8231
26.2990
26.8690
21.2732
22.3473
20.5710
25.0008
27.5977
25.4466
27.8071
29.2020
21.1715
26.8786
26.8817
25.0545
22.7219
22.5946
25.4879
30.3578
21.5769
24.6103
19.7478
32.3923
28.9441
22.3911
27.3658
21.5043
17.0727
24.5345
24.8582
24.8346
22.8388
29.5184
20.0671
26.0864
21.8944
29.7643
33.1800
23.1833
32.0768
22.6999
20.7962
26.4946
31.2986
24.5000
22.2417
20.7042
20.0453
23.3057
26.5253
23.3346
26.7855
29.4680
26.7125
25.3063
24.1626
25.0000
26.5651
23.6458
23.4593
25.4175
23.7871
27.3265
21.6290
24.0542
25.7060
23.4683
22.8504
22.0667
25.0427
18.5453
22.0790
31.2712
27.6493
23.5768
23.6812
27.8065
21.8874
26.0918
29.5520
20.3074
19.6659
20.2045
24.5864
26.8819
23.5448
25.6994
26.7088
25.7634
27.3727
33.0384
28.7255
27.5453
16.6784
26.3409
18.2923
16.5750
21.4870
21.8305
32.7438
18.7811
28.5949
24.9449
16.4228
30.5832
32.8159
22.8882
27.5702
25.8520
26.2401
29.3424
21.1103
24.0501
22.8749
18.7623
26.1139
28.8046
22.7933
22.4697
24.6400
30.6257
20.3038
23.5780
22.9430
24.0802
25.5360
16.7008
30.1214
24.6205
22.2416
25.9962
25.4473
22.0322
23.2741
22.2431
24.5600
18.5808
27.1447
17.9442
25.1639
29.4377
20.5599
27.7591
25.7772
25.0511
19.4844
26.4606
26.3461
25.2913
28.4990
26.4719
29.2123
21.2008
26.5713
20.0126
24.2051
30.6789
20.3180
18.8458
20.0533
28.0049
29.3900
23.7945
25.4148
21.3164
23.2427
23.1464
28.7990
21.9035
22.4683
28.2172
33.7547
22.0336
30.8215
17.5944
21.9323
19.3757
22.2783
21.8535
21.8435
28.0712
25.1494
26.7000
33.3144
18.0224
17.6820
20.4897
18.6504
23.1810
28.0490
24.3151
21.8611
27.9791
21.9804
23.5248
26.0906
26.5299
23.5068
25.6900
20.9609
22.0595
33.0169
20.0826
25.8631
24.8396
26.9242
21.0655
30.5513
20.1539
28.0976
24.2369
19.8369
18.2278
23.4692
21.4133
29.0915
24.5718
30.8926
25.0070
24.2403
23.3637
29.3472
23.9940
25.2520
23.6205
24.9762
28.2172
25.6247
20.4154
29.7182
20.3420
24.1310
22.2853
26.1045
18.4662
19.9613
26.3223
21.2120
19.4497
17.3409
18.9170
20.5420
17.8996
20.4500
19.2569
24.8118
20.6391
27.5838
29.3014
20.1827
20.4884
19.8129
22.3922
23.4089
28.7916
27.0089
22.8271
26.8459
27.2787
19.7365
22.4747
24.0216
26.9502
33.5344
21.3195
20.7289
21.2165
30.2873
30.0269
25.5925
20.2048
22.2562
18.7461
27.5822
21.4218
19.6791
28.1830
29.3947
16.0566
19.3991
20.6613
25.1402
23.3757
30.2066
27.1886
22.2643
20.9440
25.8644
30.3601
30.5931
21.7520
30.6698
19.1906
20.1040
22.5749
25.0881
24.1385
23.6633
19.9895
21.8778
26.0974
20.1662
30.0848
22.4289
30.7261
22.3776
28.5128
23.2578
23.2093
25.1409
23.5157
19.4312
32.6323
23.9707
21.4335
29.1911
28.2597
18.3080
21.6523
34.7831
17.5412
26.4575
23.8422
20.3809
23.0057
31.2211
30.4831
19.0743
31.3782
21.2451
24.1048
23.3087
17.7240
21.7758
27.2970
27.7727
17.9527
17.9046
25.4755
24.8357
25.8210
27.8001
21.2156
18.3746
21.1706
29.5246
18.8113
27.1742
31.1870
17.9244
24.4139
21.6325
23.9552
21.0614
22.1888
19.7676
27.3764
23.9236
19.9549
17.9731
27.2168
28.2274
25.5695
25.8314
28.5311
25.1076
20.3203
28.3198
24.9070
26.7592
23.3456
26.2749
22.0332
21.5837
19.0317
21.7920
18.8067
26.8976
20.6963
23.1753
26.5636
27.2955
20.0324
26.0714
27.8851
27.0002
22.5884
27.6788
22.2988
19.4555
18.6055
24.6469
20.0838
26.2878
21.4160
26.2710
27.3243
30.0867
25.4169
21.0811
28.4929
21.6474
23.9943
22.2579
22.6281
20.2768
27.3848
26.0846
20.5294
23.6427
23.2438
20.6886
28.0746
25.0268
26.1435
30.8290
32.7413
30.0544
30.7282
25.1169
31.9928
19.7514
23.7106
25.3111
21.4995
20.2928
21.7407
24.4573
29.2992
22.4856
22.7005
31.8341
28.7803
26.3070
24.1274
21.2797
19.4351
27.6780
22.9275
26.6179
17.1946
27.6829
24.6899
22.6785
28.3047
23.1508
19.0115
23.9974
24.8705
22.8064
22.2325
31.8620
32.7033
18.8700
24.8503
17.7197
25.1738
20.0184
26.9610
20.2677
23.2102
31.2183
23.4891
25.2748
21.9114
19.9866
19.8036
27.6402
30.6672
28.8682
20.5815
22.2361
15.6955
23.2536
26.1401
25.5923
19.8336
29.8611
27.3689
24.4641
23.8126
19.5875
29.7014
23.5511
17.4176
20.0181
27.6839
22.7509
22.4612
29.5388
24.6526
25.4062
17.8952
22.3772
22.0964
19.5414
30.8368
16.6660
21.4320
28.4894
25.5955
22.4558
23.7197
20.9572
17.6393
28.2598
18.8344
26.8025
35.7532
23.7673
28.1982
34.6722
23.4223
26.6389
31.7340
25.2139
25.2984
21.5068
23.3867
32.0510
25.0070
22.8685
30.1466
18.9635
31.1714
27.4824
21.5156
29.1519
26.1058
26.0051
22.6994
27.7419
17.9849
29.3864
22.9301
27.9711
23.8346
17.0846
18.5848
26.7472
19.2759
24.7664
22.5533
29.3590
21.5147
32.8466
22.8451
24.2404
27.0415
21.5415
27.4330
19.2064
20.0833
25.3551
27.5625
23.2204
20.8564
30.8219
25.6091
25.8259
24.4292
32.6443
29.3633
28.1785
20.9955
22.8115
18.4378
19.8767
27.6809
28.8933
23.6853
24.5481
21.7244
29.7019
28.4288
29.6941
24.0082
23.5129
24.6608
30.3832
20.6473
22.6256
21.2785
26.4816
20.7969
27.9661
24.9909
26.1209
26.0743
23.3729
27.7760
29.0038
19.7346
24.6301
17.5758
26.7980
26.4292
20.0746
22.8991
20.9547
24.6547
20.4858
22.9216
28.9161
29.4215
19.3055
20.4365
21.6027
19.6684
20.1054
31.9472
22.3483
23.6866
22.1355
19.3722
22.6253
23.9493
19.7890
21.2794
29.1342
29.1199
27.0398
21.7245
23.8148
24.4190
22.1601
31.3535
25.9129
26.1822
27.6672
21.7425
22.5769
27.0951
20.1205
23.8079
25.0219
21.9413
29.6985
15.6983
25.6027
29.1378
28.1324
18.9216
21.2516
24.0834
22.3787
32.3101
21.5997
18.7092
30.0155
25.8270
28.4447
24.9899
25.8808
24.3398
27.0701
19.3935
28.8825
23.2767
29.5663
27.2353
24.8256
20.6260
23.2546
22.5553
24.7377
20.0132
26.3616
26.9238
23.9380
24.8263
25.2639
25.8834
22.3584
31.3898
20.9247
21.8218
34.8719
22.1556
25.5527
25.9671
20.8587
33.5121
21.7331
25.9084
27.7472
21.4447
28.9012
23.0764
19.7843
20.2327
22.5836
27.0197
23.2705
25.9407
27.9606
27.3833
23.6914
24.3382
19.9618
23.1994
28.3898
31.3759
27.2139
18.2439
32.6070
17.7003
21.5201
25.1443
20.9923
21.8250
28.4758
24.3276
30.1214
24.2256
21.8936
22.9684
30.8236
22.1858
26.2046
21.7082
23.1920
21.7115
21.3972
24.2678
21.6683
26.7215
28.3015
27.5871
18.0382
30.9209
26.1737
20.7583
17.8381
21.6460
23.5297
27.4134
26.1501
23.0390
24.3305
26.9276
21.8066
26.9174
26.5122
21.7751
24.9601
30.9178
18.4844
17.2572
31.2620
21.8415
25.1723
24.5805
27.4997
18.8362
17.3312
24.5951
24.2372
25.9644
23.6004
25.5690
28.1442
20.8967
26.9834
18.3342
25.0138
22.1104
22.5926
27.8422
28.2828
17.7899
22.5911
27.2440
26.0906
22.5968
28.5381
24.6370
31.7775
24.9339
25.8378
29.2178
23.9400
25.8977
25.3942
18.5368
31.3371
24.6546
21.2772
20.3136
18.4818
18.5090
20.6442
27.5626
29.7200
31.3621
33.5577
17.4481
26.0563
27.0232
20.5326
17.3161
20.0377
33.0929
28.7484
32.5255
23.1775
23.6441
28.0056
28.8544
19.9008
23.1753
22.4726
26.5525
17.8725
24.9704
19.2924
23.4655
25.1486
24.3972
23.0529
21.4976
22.4176
28.6210
19.7548
31.5196
22.5827
28.7771
17.9417
31.0601
32.2181
22.6486
19.0577
20.3922
31.9148
30.0899
23.1077
25.3058
20.8426
29.8556
33.1919
23.3414
18.4945
30.2295
30.9556
23.1180
24.7995
25.0057
25.0551
24.3102
29.2676
21.6629
23.1680
23.4837
20.5033
24.0436
23.2341
19.6044
22.1199
29.2472
21.2654
27.5707
21.5460
31.5718
38.5180
26.1332
28.1951
23.6996
27.3166
29.1265
34.2025
21.0234
23.5878
27.1347
26.1550
21.8445
26.5978
23.9088
23.0160
21.7433
20.4243
19.0531
24.1130
29.3520
22.3766
21.2985
24.2615
30.8775
20.2853
18.7734
25.7248
20.1507
28.2537
35.1640
19.3389
24.6111
26.8075
32.0404
24.1967
27.8104
25.3732
23.4461
30.1228
23.4786
24.6988
22.4390
32.6094
27.0983
24.6416
24.9816
30.6347
25.9696
18.8867
20.2515
25.2988
24.5119
18.4995
27.6637
24.7609
21.3910
27.7559
26.4212
19.7412
28.4803
22.4771
27.5422
34.9829
28.3909
19.1471
19.8420
28.0381
21.7993
22.1595
28.5921
22.6642
25.8573
27.3805
21.6669
22.0648
19.0741
25.4345
28.2252
29.2968
25.5219
26.3665
21.5386
23.2224
26.5647
21.9694
24.3596
19.5171
24.0652
20.4731
22.3091
23.5291
25.3056
21.6975
28.1138
20.5125
24.2368
21.8582
20.7851
23.6732
20.3044
21.5023
28.3888
17.8684
31.8856
20.1842
24.4354
20.7437
29.8776
19.8984
21.0709
19.3595
22.5100
26.0125
22.5770
23.2748
18.7838
24.3586
21.0199
22.1333
30.3870
21.4496
18.7121
18.5058
27.3926
30.5563
24.6957
31.2913
25.5015
24.8953
22.9828
25.2746
25.1386
27.4977
28.1244
29.2412
30.1332
22.6163
26.7015
28.3692
23.6845
20.3575
26.7096
24.7380
24.3798
25.1253
27.4832
23.2389
20.0280
25.2758
24.8998
23.0378
20.8916
22.3114
18.4785
23.6876
26.6488
23.1702
24.6031
22.4613
28.1036
19.9593
24.5779
32.0069
27.2100
25.2950
22.1349
23.6431
19.3928
23.9854
26.1915
21.7681
26.5499
27.9421
26.1683
25.8178
21.6837
20.9515
33.5133
28.5070
24.0167
24.3324
24.4003
25.8313
20.9280
22.9909
22.1856
26.3472
30.0003
26.8188
26.3620
21.9758
19.0974
21.9123
30.4061
24.3155
26.2252
23.4944
23.8822
27.6902
23.2893
21.9248
28.9825
28.8941
24.6638
29.5732
24.7580
25.7710
19.3082
23.1860
25.6649
20.7842
19.3352
24.0127
24.8951
27.8692
24.6938
25.3222
25.0591
21.4408
27.1459
20.1484
16.8361
22.7540
23.8459
23.5643
20.7486
22.7497
26.4863
19.6037
28.3834
23.1058
18.1864
24.8895
23.9097
22.2013
28.2315
18.8190
23.0920
31.2171
34.5965
28.7749
25.6475
25.4258
27.7859
21.1944
25.9334
26.9811
19.1423
27.6799
19.9974
18.5431
21.2940
31.5212
34.6719
24.5713
25.3443
21.6792
24.3541
26.9341
20.7877
25.7982
31.6775
18.5791
23.0788
18.9549
26.0997
24.3984
27.1428
18.8393
28.4065
23.3080
26.7019
18.3802
28.0607
29.5709
30.0560
24.7757
23.8619
23.6706
25.2271
30.4292
25.7697
22.9606
25.8038
26.2977
20.6841
27.4555
27.0497
28.7839
25.4414
24.7470
29.8840
29.3392
19.7909
25.7647
24.5995
21.2190
31.1688
21.2465
20.7958
19.9060
30.5851
21.8747
18.5365
23.7423
24.6862
20.1705
29.5900
25.4049
20.4440
23.8660
27.8023
20.0893
27.9810
26.5002
23.6466
25.7532
26.1045
25.1811
34.7977
17.9165
21.3827
26.7448
26.6486
25.4720
21.8376
21.1853
31.1939
24.7968
20.6524
21.5054
23.2729
25.1034
24.2622
23.3514
23.0853
31.8699
26.4783
26.3152
31.7611
18.8608
22.3971
24.5016
28.4943
30.8136
24.7737
23.5297
27.2213
27.5127
33.9627
23.9099
28.1636
22.5264
24.0120
18.9400
21.4467
25.7559
30.3805
23.2943
28.7568
20.2491
19.7179
24.5091
24.3413
27.8753
19.9269
23.3796
31.9477
20.2262
22.5222
21.2828
29.5622
20.2008
22.3543
31.6509
25.8150
23.4897
17.7002
29.2255
20.6415
20.8481
20.3477
25.9451
23.5400
23.7489
25.7373
25.0533
24.8308
27.1245
23.8803
27.2548
19.5257
29.5300
21.1733
23.5885
29.0829
22.9479
32.3418
30.1109
26.6697
23.8934
21.2822
18.9754
18.4028
18.6065
33.4174
28.6194
21.5276
24.7536
31.2469
26.2415
25.9864
20.3060
23.9267
29.2587
22.3478
26.0364
23.2581
27.2433
21.8002
20.7428
25.0862
34.1090
22.7237
21.8944
23.6219
30.6692
23.1618
19.9456
27.8335
19.5920
26.8603
23.1600
23.6174
22.1517
28.3111
24.3778
28.2197
28.1334
26.2094
19.1684
19.9488
27.6795
30.1420
23.0561
28.5540
17.3061
20.9183
27.6387
29.4784
26.9063
25.6524
22.8878
23.7444
16.7585
33.5926
29.5183
23.3377
25.0288
32.7443
30.7443
34.7897
16.9769
23.6922
23.5754
23.2769
26.6482
23.5305
30.7055
21.9652
21.0657
22.3408
26.6761
29.5034
28.6826
21.5483
19.3143
23.7350
20.4906
17.0973
27.0572
19.1561
32.9167
29.5250
22.3602
25.5145
23.4789
23.4905
24.4552
24.1970
31.2143
33.2977
19.8461
23.6417
27.8974
23.5891
20.0815
18.1960
28.2440
23.9449
24.4791
35.0564
24.0856
22.6790
21.1201
17.6091
23.9541
25.4105
20.2702
28.2689
23.6275
21.2326
17.5569
24.7729
21.0651
32.9929
27.4762
28.9512
21.1236
19.3941
23.0003
21.6145
21.4804
25.7820
20.7619
19.1996
24.6987
20.6359
21.2441
21.9000
19.4305
24.7014
23.1697
27.1010
22.1690
25.6781
24.5168
24.5398
23.7649
28.3667
29.1244
22.0400
25.0311
24.2242
24.7635
32.0073
19.3741
21.4650
19.9256
20.8531
27.1691
24.2435
19.4181
18.9334
20.4810
23.4870
28.7120
25.8748
30.5661
22.3514
31.0803
20.1235
27.1213
29.2323
31.1044
26.3796
26.6077
26.5995
27.1152
23.6574
20.7804
27.3765
29.3561
21.6480
18.6006
31.5088
20.6686
17.6011
19.3957
25.8318
23.7758
22.7960
22.0529
22.7343
26.6079
20.0504
26.1959
27.5581
19.6305
30.1603
25.3469
18.3459
25.2356
24.5341
35.1966
21.2738
19.4185
18.2899
27.0158
22.4580
24.7596
20.6339
27.1803
26.7527
26.4507
23.7588
19.9894
22.9987
20.6337
21.7609
20.0660
20.3709
23.0359
24.8602
28.9954
26.9402
22.8069
24.7553
27.7762
26.2441
28.6299
27.0881
22.4899
18.3138
23.5440
22.8322
24.5021
21.5803
20.9392
26.5372
22.8354
19.3113
20.2225
21.6093
21.8818
20.5244
26.3731
28.7064
24.7009
21.3027
23.0272
19.0629
19.1317
22.9651
22.4415
23.8778
27.9397
30.3391
28.3658
21.4508
23.6631
27.0104
23.2875
22.2380
20.8963
29.5587
25.0008
26.8098
18.9101
21.6270
20.8826
21.9250
24.2209
21.9853
23.5072
26.5171
26.8159
26.6943
29.4749
25.7356
20.0486
24.2578
24.4808
22.8376
24.1893
24.1846
24.0775
18.8684
30.7580
21.0299
20.7211
23.0176
25.9998
27.7324
27.3655
23.6696
24.7062
24.6422
26.2014
22.0356
22.2380
18.4102
28.4303
17.4482
29.6255
24.1659
22.8284
29.8131
21.6021
25.1133
20.4722
17.4947
23.8166
18.7847
31.0196
20.0918
22.1312
24.3557
27.0638
24.8871
28.7528
27.1774
17.5092
24.3316
23.9486
19.4009
25.3414
16.7064
21.9317
23.0854
18.1256
17.6255
17.4802
18.1531
19.2037
25.1827
24.8508
18.7453
27.1503
19.4028
29.6290
18.3798
22.8537
23.2881
21.2578
21.8111
26.2795
26.3304
32.0230
19.7324
25.7566
26.8728
21.0376
32.1105
27.2757
20.6385
26.9722
26.8535
24.7258
20.8836
28.8632
31.2184
26.4080
23.4135
24.4436
25.0397
25.0690
21.0437
20.3585
18.4011
21.4067
29.6467
23.8128
18.2848
22.0217
29.9210
25.2257
25.1430
18.8713
25.1171
22.0436
18.2381
24.1697
23.9531
23.9750
27.7263
26.2753
32.6602
23.4015
20.3120
29.7770
19.4720
30.5319
26.6543
27.3670
23.5562
19.9243
22.3922
27.3061
29.2569
31.0428
19.6558
25.2910
26.7591
21.1693
23.8071
26.7275
25.1033
28.7378
24.5831
28.2924
29.7487
25.1468
24.7456
28.0912
16.8321
24.3545
31.2089
28.7983
27.1138
25.6701
30.8311
28.2985
31.3211
27.2440
25.4951
20.8113
22.0691
30.5136
22.3833
25.7261
17.2073
27.4676
17.6886
20.4484
20.8124
23.3463
25.3835
20.4841
26.6019
22.9568
24.2892
27.8812
26.2998
23.8256
26.8594
19.5672
26.9375
18.3131
27.5799
30.3724
26.4061
25.6680
25.2499
26.7028
19.1817
22.7531
22.2571
23.3833
23.9075
24.1363
24.9486
26.7932
27.9504
20.5681
27.1104
27.6789
25.7978
30.1101
27.6839
21.1280
33.6753
23.0719
37.5106
33.8960
22.6302
21.5436
23.7086
31.8694
25.5358
26.6395
30.0166
25.0522
22.3997
25.9277
26.8648
27.2181
20.5325
26.4242
30.1404
23.3391
18.8125
25.9997
24.7616
26.8833
30.2440
21.4499
16.9014
27.2293
29.6344
21.9457
26.3657
20.3726
19.8154
26.5295
25.7843
23.8606
19.2778
20.6182
21.3265
26.8882
24.6174
22.1798
19.5799
26.9010
27.8005
20.0741
24.9986
19.2114
25.9218
24.3073
21.7249
24.1610
31.6805
22.8616
21.9761
21.4000
26.5724
22.2335
25.0699
18.7717
23.9624
37.9101
22.9724
19.0946
23.9904
20.9693
22.9518
22.5402
27.1092
22.4285
21.6311
22.1355
21.2677
26.4913
28.8581
22.0571
24.8662
24.5275
22.9263
21.9283
23.0957
29.8575
24.1572
28.5662
19.0261
30.0515
27.6845
27.8185
25.6844
31.4960
27.2012
27.4736
23.1361
22.9557
22.4671
24.2294
29.0684
28.7477
23.9192
26.1279
23.4531
27.5929
21.8113
20.7026
19.7170
26.8960
23.1823
24.9999
24.9608
22.4164
27.7693
30.7198
20.3663
20.7201
17.2544
28.8620
30.0588
23.5416
28.5506
19.6291
27.1104
24.8718
23.0777
23.7641
23.6047
24.6330
18.9953
27.5547
23.0409
27.6214
27.4401
18.9112
20.6332
20.8057
23.8246
17.2215
19.8061
19.0264
22.0111
29.5751
28.6903
20.2796
24.6568
19.8723
25.4688
19.8098
25.4716
20.7175
28.0488
28.9291
22.9917
31.5570
24.1597
27.4257
24.9122
24.0969
28.0326
26.4703
24.9959
24.3081
23.7168
26.9265
23.8062
26.9278
27.3740
22.8363
25.2192
26.1232
19.2361
25.6312
23.7189
26.2244
27.3343
25.3811
24.6531
24.0800
24.8205
16.0417
16.8872
16.5516
21.4913
28.4405
30.9334
17.4609
29.3938
19.7760
22.6474
23.0125
23.8973
27.8070
16.1650
22.9469
18.2395
21.2509
22.5119
22.6496
17.3450
20.1873
22.1427
20.6301
29.4724
24.0460
19.3065
25.8041
20.7038
29.5752
25.4500
21.2966
21.7861
26.5538
26.5211
18.1062
38.3800
21.3998
21.2410
30.4392
24.4026
20.5643
37.7137
24.5302
25.3377
28.1568
23.5385
21.3361
21.7221
24.3088
19.4436
23.0335
25.1029
21.2999
26.3342
25.5774
22.7062
26.6843
28.0895
21.7119
27.4832
27.0591
22.7791
27.5616
25.8564
22.1442
30.4806
20.5268
30.1529
29.9464
23.8415
29.0265
20.4649
26.0118
21.7423
20.3409
23.0864
26.2458
23.5991
22.0983
23.3713
20.7454
22.6008
18.3115
15.4867
25.5149
18.9385
24.1820
19.9230
23.8208
21.0663
22.4708
28.8598
22.0395
22.9833
27.2936
35.3424
22.1249
19.0844
24.3892
19.7085
26.7155
21.7801
16.7386
23.8358
23.5281
22.3176
30.4513
27.4479
21.4100
24.2512
22.9302
30.7469
31.7687
24.1803
26.7794
29.5294
21.0280
22.1861
24.3994
22.0256
28.0017
27.5851
29.3036
24.7879
24.9507
19.9863
20.4578
25.0236
29.1890
31.5819
20.2520
21.4736
24.6951
22.5554
26.4911
25.0293
24.3760
22.7018
22.3377
21.8943
21.7967
29.4118
24.1031
18.5023
25.2147
26.6921
25.7808
26.0239
24.1907
25.5152
21.2985
29.1502
19.7073
18.4549
21.1518
22.6769
18.5770
22.0388
25.9686
20.0364
32.5207
20.7594
20.6884
24.6493
22.0951
28.9684
25.8165
26.1378
23.4305
23.4574
23.6967
28.2592
22.8524
25.8404
24.1701
28.5552
33.3834
27.2616
20.3099
25.6302
19.5799
20.7319
20.0226
25.0561
19.0729
22.7263
23.9982
28.0801
23.0762
29.2560
22.3654
17.9961
27.0401
17.6020
20.9656
30.9295
27.0095
32.4075
28.1684
26.5381
19.6584
27.2029
22.8129
25.7805
20.0262
26.5362
24.1542
24.5692
28.6541
19.3501
27.4823
28.8050
25.2631
24.5733
32.0564
24.0502
26.1502
24.3697
30.3890
26.9644
26.3206
27.5295
22.6943
26.4183
29.9573
20.5336
25.7636
25.4031
27.3045
23.5726
18.9037
22.2441
23.7717
35.1810
20.8810
18.3477
24.0923
20.4847
18.9293
24.6856
28.2742
22.8136
21.7878
27.8330
18.1715
28.0141
24.5783
21.6008
19.0601
22.2715
26.0924
27.2027
15.0347
24.2921
27.6328
19.7352
24.2660
18.2414
21.3736
23.8080
15.9604
34.0342
30.9871
29.1054
28.3198
28.4379
36.8993
22.5516
24.8870
23.8069
18.9432
24.1332
24.0046
16.8740
25.3188
31.7784
16.8238
17.5578
27.7870
25.5722
20.1227
23.2588
23.0501
18.0157
22.3759
18.7514
31.4020
27.2478
23.2057
18.4576
32.9286
27.4467
25.3161
17.5858
27.9296
17.4451
27.9460
19.5317
27.6414
22.8644
19.2747
26.8973
22.1871
23.7621
23.5991
27.7734
30.7381
24.5332
25.2424
19.9377
29.9609
21.4087
24.6264
27.2508
24.9584
27.0054
23.6238
23.3740
20.6211
21.9518
18.9523
25.6015
25.2944
20.5731
29.2338
24.7278
24.4396
21.6281
27.0800
23.1452
30.1331
25.1953
30.9950
25.8126
26.3167
28.0510
32.1510
27.4248
21.2430
24.6634
23.0491
26.8113
25.7878
25.2060
22.2875
21.3245
26.8561
30.3267
22.1919
29.4400
16.5251
30.3570
21.9269
29.8741
28.3474
22.4477
22.9010
26.8146
27.2188
23.5412
18.0618
31.5414
31.2552
19.2702
27.2093
32.8542
27.6953
25.5087
28.2207
33.6482
27.3093
33.5613
20.5204
27.4771
24.9122
21.7417
24.1463
19.1774
32.0741
27.8817
29.0652
31.1793
25.7675
26.5709
34.1115
21.3560
28.9221
27.3403
25.9890
23.8710
28.4274
23.2037
26.7057
21.4568
21.3142
27.7706
22.3089
32.2746
26.2602
21.1855
24.7122
21.6397
26.4263
26.5823
23.7637
27.4803
28.2980
29.0568
22.6226
33.8860
29.3002
29.7291
26.8940
21.7747
18.8843
21.7255
29.4202
23.8642
19.4367
25.0268
21.6223
16.5140
19.3431
18.9693
25.1092
24.1432
20.5979
23.3863
31.6649
19.6998
28.0721
33.7149
17.9757
19.2566
18.4911
25.2525
27.3644
26.9626
24.1904
30.4854
28.9444
32.1127
27.6385
22.8253
28.9585
25.6665
28.2266
26.0955
22.9217
25.1346
29.4054
24.6351
22.0208
20.8709
22.3767
16.9468
30.5310
19.6417
22.2564
32.3857
25.3439
21.5707
24.5067
25.2890
31.2856
27.4676
29.3265
29.0018
31.7636
20.7610
33.2061
19.7148
21.1163
23.9211
22.7992
19.8158
22.8004
25.1056
21.5198
15.8525
25.8656
21.0515
22.2536
21.6328
27.3390
18.9188
18.5080
29.9068
23.9601
22.4076
18.5471
26.3946
35.6687
23.3312
31.9454
27.7896
23.6715
27.2616
27.9655
24.5642
26.1377
21.3795
21.7226
25.1425
26.4805
29.2295
15.8113
27.7825
17.6414
24.2759
31.0313
17.7761
25.2299
22.6077
21.8549
28.6087
32.2819
24.8272
29.7110
16.6230
32.5098
28.1457
29.6275
23.2852
27.0507
34.1466
19.4894
21.4874
26.1649
30.2013
22.4052
20.1585
27.4684
24.8357
17.4710
23.3483
22.3975
31.5219
23.3822
19.0282
23.1531
26.4564
17.1727
21.3949
29.5335
18.3845
23.6472
24.0675
19.5224
29.8124
37.5060
23.2383
19.6279
28.8449
19.4251
27.9676
23.0052
24.0921
24.8704
30.1537
32.7131
24.7987
21.6507
20.0388
25.7110
26.9886
20.4899
28.9419
27.4755
21.1939
28.0280
28.7746
24.4055
18.2608
24.9755
28.8914
29.6177
28.2673
28.0290
24.2275
21.0018
26.6516
29.4478
17.7004
20.9843
26.2301
19.3983
27.5718
26.8060
21.6754
26.7325
27.9442
28.2811
20.6942
26.4040
26.5963
27.1738
18.6095
25.0616
26.7048
24.7068
18.5350
26.9729
23.8023
25.3433
27.3535
22.6781
26.7915
28.3110
33.7586
32.8215
26.5424
28.8004
27.0869
26.9340
26.1494
21.9925
27.3487
18.9617
30.3397
19.6206
26.6482
30.8074
25.2956
25.4860
22.5544
30.7252
23.5615
28.3202
25.5920
24.4469
28.6540
26.2006
27.3018
20.9602
23.0154
24.7347
31.4273
21.4389
26.9263
23.1611
23.1228
24.4995
23.5705
20.6985
25.5309
22.9527
25.9050
28.6497
34.1453
22.1789
24.0850
32.3779
27.5106
22.9321
19.5204
18.4821
20.0892
29.5433
22.6471
32.4908
24.6908
30.2264
22.5291
27.7074
27.5966
22.8530
31.5992
24.3324
22.6464
28.1749
23.7630
28.1040
29.2262
27.9159
20.0212
29.4138
24.9816
23.6070
28.0494
30.6838
25.1264
24.2119
25.1632
26.2470
26.2728
27.3247
26.0358
24.7137
26.4868
29.3555
21.1341
21.9897
25.5039
27.3374
19.3697
17.6412
29.4281
27.7001
23.0736
18.9891
27.9048
28.5641
23.9817
24.9088
26.4166
24.8012
25.5064
24.2365
30.2515
20.3330
25.2964
20.6290
19.1098
23.1576
30.8360
28.3555
14.7242
23.8868
28.7647
25.2125
21.3326
20.9749
25.4798
19.8277
29.8220
34.3852
25.6593
21.0677
22.4507
22.2345
29.8948
22.7380
32.6903
28.3951
33.3299
30.2702
22.1330
28.0290
22.6042
25.8580
20.6331
26.2941
22.3851
27.2937
26.5751
20.5907
31.9886
17.5897
23.4184
23.0858
26.6268
23.1676
24.9180
26.9558
31.1905
29.8328
21.8293
21.2762
26.1085
22.5073
25.4315
28.6429
18.3133
28.6502
18.8508
27.7381
19.2606
23.2045
17.6729
26.4181
28.3892
23.0003
30.6887
20.5636
27.0360
26.9212
24.4457
26.8332
16.5804
24.3211
24.8259
22.6777
22.2963
27.1109
26.2241
24.3242
25.7851
17.6576
26.3175
32.2972
30.3254
24.4486
20.4194
20.0751
26.6360
30.5824
25.3060
26.9288
27.1744
30.7330
25.9513
29.3806
23.7099
20.8590
20.2536
25.6357
24.1853
26.9631
27.7548
21.3263
23.0038
24.2623
29.6129
31.7215
31.5111
20.0352
24.2579
25.2629
22.3247
32.2543
21.6934
22.9887
23.0876
24.7327
27.2199
20.3462
28.5275
24.9515
16.7208
24.7979
20.7610
26.3647
16.8857
22.8459
28.0406
16.1247
25.3366
30.5597
24.1509
17.6030
21.8848
30.7924
20.3878
18.7234
24.4765
25.1871
24.7881
27.8066
22.6958
31.7101
20.9033
25.9029
25.2260
18.7805
22.2890
24.5594
32.3801
19.8648
28.7588
24.7167
28.0630
18.5306
33.5796
18.5062
23.0249
20.9921
25.1190
23.9031
19.3766
22.4882
27.1437
25.4231
26.6758
22.0964
27.8648
26.5139
26.0616
21.3150
24.3759
27.8235
29.6059
24.1723
28.8447
18.3439
30.5811
24.6323
23.4859
24.9322
31.2322
21.4421
25.4362
22.7502
24.7346
25.1933
26.9155
27.2378
27.8240
19.7554
26.3602
23.4169
24.8155
18.3409
26.0139
20.7979
27.3982
22.8345
22.7188
24.5770
24.0699
24.0786
30.7446
25.1347
28.4672
23.3892
25.2469
17.6290
29.1197
19.0787
22.1361
19.8161
31.9152
25.0619
27.5532
19.5089
25.3274
20.7921
30.0771
26.4743
23.9351
22.5923
23.0285
25.6455
22.5285
19.6316
18.4081
21.5534
23.2538
26.7540
27.0754
18.8426
18.9176
33.6271
25.3693
25.3452
27.2728
26.3301
28.2801
28.2507
26.0794
21.8732
27.4555
25.9173
23.3559
18.6980
18.5344
22.9640
27.1204
31.4841
25.9614
24.3150
23.6641
28.7844
27.6790
19.3999
22.9021
24.1472
25.9035
28.6418
22.6421
26.4391
24.3853
26.4384
24.6766
24.8480
20.4004
24.8554
25.1645
21.8896
17.4832
21.0727
23.3120
25.7510
22.4566
29.2867
26.4271
31.4605
27.6657
22.2380
29.0123
28.2226
22.8473
23.9893
20.5408
26.9910
20.3219
30.6368
23.3281
22.7350
20.8564
33.7343
23.7569
32.0765
27.1001
23.6384
24.2962
24.0996
30.7341
27.0624
23.3305
21.8374
24.2052
22.1702
23.0833
26.9106
22.1460
25.2178
18.9426
22.8100
23.1783
25.5257
28.9457
21.0767
19.0466
25.0622
26.7918
22.3559
18.9458
31.9428
25.8748
19.4465
23.7942
20.7525
21.6102
22.5191
25.8877
23.1012
24.5430
24.1728
21.1467
29.6058
24.5371
23.5031
21.4848
26.2942
27.8378
27.9909
19.4261
20.5748
27.7649
23.5788
22.3144
23.3122
17.0297
27.2241
31.0203
23.6083
29.7641
24.7935
27.0569
26.7291
22.1626
31.3531
30.4485
25.0507
22.3450
24.9143
22.2744
20.6699
19.9266
26.7164
19.6824
22.0851
26.5966
23.9313
22.4621
25.4920
25.9091
22.0607
25.9884
27.7870
23.3566
18.8337
16.0066
30.2390
22.0770
24.7543
21.7563
23.5269
25.6854
32.5484
26.5625
18.7343
21.7223
28.2376
24.7175
34.3141
32.3473
28.2270
21.3567
28.1519
29.3000
24.2915
20.7869
27.0838
22.5516
22.8235
21.4295
22.2621
25.8624
25.6481
24.8504
18.8222
21.5868
20.1025
21.4721
21.6965
23.4348
22.7698
23.1103
18.6029
27.9212
25.6344
21.1526
18.6139
26.5346
25.5999
20.7841
24.5564
23.6710
27.6967
19.1599
24.4504
26.9410
26.1130
21.7679
22.6785
22.5309
26.9474
20.2672
20.6996
23.7994
24.9084
22.4017
31.6743
27.2657
31.7266
26.5520
21.6980
31.3467
27.6729
20.8036
27.1204
20.8939
30.2747
20.0225
28.1767
25.2997
23.4881
22.1242
19.2363
26.5155
29.6660
27.6456
30.5409
29.7251
27.5949
27.5537
24.2568
24.4590
22.0985
20.1881
27.7316
24.6865
25.2157
20.4127
21.3208
27.4276
26.5727
23.4219
20.0844
26.7367
27.2100
26.8408
20.0932
36.2573
22.6077
30.0423
18.5758
21.0282
20.8165
26.7060
21.5716
30.8048
17.8037
24.2590
24.6580
23.8220
25.2746
21.9526
18.6441
18.3973
20.9948
18.9558
26.5822
22.0706
21.2606
19.0747
28.7504
21.5665
26.9613
29.3411
24.2729
19.8973
29.5195
25.1843
20.3003
26.0736
35.6591
23.5122
23.9680
24.1435
20.6692
25.1863
26.1656
27.8759
24.6785
22.0298
28.6982
21.6218
23.0449
21.4785
23.6286
26.1174
22.2921
20.2244
25.0108
25.7887
19.5934
23.5195
31.9850
23.6736
31.8176
22.7477
31.5922
27.6469
23.4304
21.7195
31.4683
28.0378
32.4706
25.7698
26.8278
27.0040
28.2364
25.3031
26.3052
21.2006
23.7549
29.4538
25.6869
27.4807
27.5998
25.3014
34.5291
29.9958
27.5540
21.2306
20.1228
23.7098
30.9628
24.7277
26.8385
27.0605
22.3209
15.1698
22.6726
17.6186
24.0245
27.7145
24.6389
27.0364
23.3193
26.8279
26.6385
31.2761
20.1306
28.9318
29.0721
27.5076
26.5098
24.7137
23.7429
25.5741
21.8178
21.5432
29.0563
25.7346
26.7524
26.7935
27.2165
21.8141
20.2854
25.7436
32.9894
18.6942
21.7683
21.5862
25.5260
30.2135
26.4392
30.8616
23.2095
19.9472
20.6685
21.4676
29.7905
21.2393
21.7448
27.2884
24.0276
28.5699
33.4283
26.3909
24.7553
29.6371
22.3237
26.5459
23.1058
20.3193
28.9120
24.9934
26.0283
31.0666
26.0361
26.4341
20.9629
23.6155
27.0107
19.9097
27.9528
25.3351
21.9401
26.6821
22.5351
19.8674
25.7114
26.7160
23.3603
25.5505
24.6997
23.3624
16.8427
24.5228
28.5365
34.3410
22.2006
28.5478
25.1131
24.6358
28.8918
27.4857
27.2380
33.6106
27.4815
29.6298
30.6040
22.9361
23.0075
21.2214
28.3057
22.9141
30.9324
24.5078
27.8044
29.4762
25.8020
21.1437
26.2718
16.1879
21.0639
27.8498
20.6403
20.3349
24.3655
24.2265
24.7174
22.6117
21.9036
20.1700
30.0677
29.2823
23.5115
23.2819
28.6305
28.7534
24.4638
20.3123
23.1071
22.1691
25.0052
19.6704
23.1837
25.2614
21.2149
22.2378
29.1159
21.4664
33.8038
27.1392
20.6698
28.9173
20.7164
22.6915
25.9180
22.1628
23.3254
19.1459
25.0951
26.4302
22.8154
19.5780
19.2279
33.3713
24.1444
21.9000
19.6671
23.9455
20.5749
21.7399
19.2561
27.1250
23.7146
31.9649
23.3042
23.5947
27.1378
22.2147
30.9662
28.2866
26.4165
17.2123
26.7965
20.2309
16.6635
26.4522
23.2282
31.2426
22.5027
18.2639
23.0457
31.1691
21.6599
27.0794
21.8338
20.8080
24.6694
27.4391
22.5185
21.3646
25.4039
27.8687
19.9144
26.0852
22.4615
23.6432
29.9325
20.4295
26.9424
28.4076
20.0352
28.7287
24.7704
21.1372
26.7747
31.3112
30.3924
23.0065
23.4019
22.5113
27.6230
21.2992
22.4691
21.2905
24.5602
21.3548
28.7801
22.5682
27.8143
23.5254
31.1999
26.2874
25.5953
21.6588
18.8523
33.4951
29.3216
18.0526
22.0674
24.1163
27.6593
30.8841
25.1115
21.2259
21.9393
25.6007
27.6328
29.3237
25.4564
30.3588
25.4679
26.0024
25.1805
31.2034
22.6453
22.5818
22.0955
22.5690
28.0842
21.2658
20.2537
27.6332
23.0816
27.4027
28.8619
25.6750
22.8494
20.2770
18.6801
19.3983
28.3611
20.1994
23.1487
25.1862
19.5753
21.7090
22.2900
21.9122
20.2938
19.7327
23.5331
24.1602
24.3573
21.5630
27.5152
21.9895
32.3066
26.7929
19.8650
19.2923
22.6370
27.6861
26.0558
21.0933
23.0989
21.4167
26.6103
24.9388
26.2215
22.5374
26.9932
22.2705
21.7619
21.0345
22.3394
24.7913
32.1341
26.5178
23.2965
28.0885
27.7450
24.8669
30.4356
25.9877
26.0485
25.5473
24.4284
29.6153
22.6729
22.4563
23.3596
20.0608
26.2020
23.9430
27.5587
28.4836
28.4266
29.0787
30.4038
25.7645
21.1318
24.2214
21.4314
23.0841
28.5405
18.3405
29.9764
23.4923
24.7867
24.4127
22.6433
28.8125
23.2579
30.0552
23.9829
22.7442
20.8872
25.6064
23.0367
25.9757
21.6970
25.1456
22.2722
27.6314
27.1772
26.3041
33.1128
28.8333
29.5928
16.8329
24.9001
23.3079
20.1007
28.0925
18.2489
26.1480
24.4546
32.0647
20.7368
20.0959
29.3022
19.0633
19.4066
15.0226
24.2330
26.0409
24.5591
23.8063
22.7598
19.9118
26.7974
20.4521
28.6601
25.4252
23.9912
34.6645
19.6721
28.5318
23.6645
21.1551
25.8399
27.4518
23.5662
22.7652
24.9009
27.9733
25.5239
24.3358
23.9573
20.6787
24.7676
23.8771
25.4244
22.3326
22.2384
23.8616
19.9358
28.1913
22.4761
28.2221
27.3249
22.2634
25.2151
20.7239
28.2457
19.5226
20.9641
24.5726
27.3937
25.5020
24.2718
18.8513
27.6410
20.2765
28.4206
31.0311
22.0755
22.7931
20.3867
23.8956
19.6188
23.4396
22.6598
27.5267
20.5073
20.9791
29.4786
31.1113
22.1882
24.8646
18.0616
21.4835
20.5272
24.5806
21.1401
26.4815
21.3730
30.7404
29.6555
22.6424
25.1134
27.0070
21.3121
23.3270
19.7811
22.4930
31.0435
29.2723
16.6625
22.9649
30.9527
26.0518
31.0487
22.2746
27.3486
24.9507
20.8495
25.6197
28.0683
29.5384
20.5511
29.2032
27.1501
31.4418
21.3693
23.7820
22.6923
26.5272
26.8003
23.6524
27.3146
22.5419
30.9199
18.7234
18.6791
25.4461
24.9726
18.9903
24.6471
21.4517
25.0675
33.9158
21.1438
27.6494
19.7986
19.6749
24.7280
26.6130
30.0635
29.5416
29.7698
32.8398
24.1941
28.4149
30.4609
27.3422
27.1278
29.2584
22.7025
21.4399
24.8360
19.2068
18.8021
27.5760
36.3744
16.4866
29.6579
29.0048
27.6216
28.3767
25.0651
18.4464
22.6421
23.6033
19.2076
25.7393
25.2222
20.0851
31.1834
20.3676
21.6526
28.1933
27.4830
22.6655
23.2954
22.8404
26.0846
23.4002
27.4697
19.9193
21.5689
20.2158
19.3889
28.9345
35.0731
23.3109
22.9473
27.7019
29.7521
21.3197
20.3806
24.3691
18.6441
26.4976
24.9621
22.5498
24.3498
30.3346
24.7645
21.2441
29.9021
20.9152
27.1064
24.2563
22.9661
23.7756
24.3454
25.8220
24.5984
24.2240
28.9961
31.2441
22.5262
31.1744
33.7809
20.8007
23.1310
26.9392
26.6112
22.5786
30.0307
26.5307
20.3391
28.5077
20.3071
34.9945
29.4895
23.3314
23.2473
27.6646
30.4090
24.3980
23.7137
24.4291
30.7537
26.0303
20.3583
32.2573
28.3697
28.7668
25.5452
23.1964
21.8104
24.0336
24.0748
22.2380
18.6805
16.1787
24.2096
26.6554
25.4889
30.2134
18.8617
26.2849
32.6559
21.0431
24.7451
21.5634
18.4681
26.1629
22.4286
21.6679
25.5658
23.7134
24.4479
25.9698
19.3012
24.2144
30.9737
32.9228
33.1796
23.0057
22.4634
27.4567
25.3833
31.0644
19.4578
27.9682
24.1970
21.9310
20.0040
32.3044
24.1764
31.5175
24.4679
19.7072
26.6544
26.2577
17.8839
18.6765
20.7821
21.3622
22.6790
23.2074
24.9710
27.0292
19.6700
16.5804
29.5884
34.0808
27.5185
25.4917
23.6095
22.7356
18.5520
27.1862
21.5390
23.6593
20.5076
29.5438
23.9590
21.7364
27.6293
25.0482
20.9965
17.3240
26.9528
17.9071
29.4167
29.6307
18.4767
29.7901
21.7832
28.0345
23.6975
25.2046
23.8309
20.0357
30.4546
20.8661
21.0634
26.8550
27.5353
26.9062
24.9399
21.6765
23.1652
25.7112
24.4801
27.7642
26.8575
27.2350
22.7386
32.0992
31.9212
16.7802
30.7334
20.1603
29.8719
27.7639
25.2264
26.4021
23.3728
20.6053
31.4487
26.1018
21.8127
20.7424
29.5956
23.9234
27.7078
24.6894
29.9875
25.2040
23.8345
25.3356
26.2893
35.4841
26.7481
30.5738
25.5707
20.9146
27.3833
21.5592
28.7522
20.6306
22.5238
22.5702
24.1762
22.4298
23.5314
18.4772
26.1420
25.1801
29.2254
29.5990
26.5239
22.0365
23.8795
21.3963
21.0565
26.9501
24.8779
31.6135
24.5013
22.1404
31.7774
21.5995
23.8146
25.8631
23.5261
20.7300
31.7943
28.8926
17.9605
22.0838
28.1073
26.7055
20.6018
26.4772
27.6184
30.4928
27.9394
26.7583
21.9236
22.9911
33.9192
25.9312
30.5974
27.3124
24.4387
26.4670
23.8429
29.0790
20.6378
30.9184
28.4838
22.9508
26.9147
26.5870
28.4701
26.1409
17.6826
32.2508
26.2967
23.4300
19.1219
22.0667
32.2206
20.3557
30.2109
30.4461
26.0053
23.9567
27.3930
20.1835
26.8601
28.5300
30.0534
19.1368
24.0358
26.1792
27.7879
23.2567
26.1319
25.7767
24.3638
32.0191
25.8577
32.9139
26.9162
21.6435
30.4868
25.1391
19.9871
29.5566
20.9235
21.0429
21.8096
26.1080
31.5312
26.8836
22.0142
29.5613
32.6330
22.1846
22.2156
26.0046
28.4822
31.0921
18.1915
24.6439
24.4704
31.8402
26.6523
17.5414
20.3259
22.0846
30.9414
20.8846
28.6757
30.3958
18.9991
18.6773
23.1510
27.1576
16.8981
34.7961
30.7459
17.2177
27.7780
24.0290
26.7759
30.7378
18.5295
24.3704
31.8327
18.1935
25.3440
22.6951
20.7013
27.7844
29.3956
28.7904
23.4607
22.9185
20.7593
25.6001
26.9833
27.1512
23.0716
22.8992
25.2152
27.2280
22.9555
25.8982
34.2057
32.6545
18.8372
17.8613
24.2567
26.8213
20.1711
18.9642
21.8304
23.9072
19.3251
17.8771
27.8094
20.7292
18.5705
26.1008
21.2028
18.2744
24.5725
23.5199
20.5322
23.3037
25.9572
20.1978
25.1731
21.8462
23.0014
29.2528
25.8798
23.4018
19.3964
22.9249
22.3384
25.5610
25.1553
27.4326
28.6481
22.8877
19.7296
21.8556
26.8802
25.9462
21.8031
33.3476
21.7094
19.6994
21.3860
19.8843
23.5778
17.8129
28.7661
20.3074
18.4184
24.3277
23.7245
30.0117
25.0141
20.2974
29.0444
24.3442
27.5095
28.3376
29.7206
27.0290
30.1278
22.1771
26.1021
31.1277
26.6886
25.2103
19.0352
21.9816
21.3090
20.7543
25.3661
24.6547
23.4057
18.7327
23.4528
27.8464
21.6283
20.4457
22.1920
24.2607
20.2595
23.0418
33.2037
20.4083
25.2535
18.8040
26.1315
25.4959
21.8318
31.7625
18.9002
23.5923
26.8950
27.0794
23.2563
21.8116
23.6661
26.5055
27.5108
19.8066
28.3909
25.1948
17.9646
29.0361
22.5717
21.8759
26.8915
21.7488
26.4974
17.0885
24.5258
25.3090
20.6387
27.5144
21.3193
26.0204
21.8196
25.9654
20.8586
21.2571
26.9790
23.1307
25.5262
24.9988
23.7446
25.5746
27.4790
21.0370
31.2404
29.4653
21.6869
21.0872
23.9455
35.7977
21.5094
24.3411
24.7177
21.3866
31.3912
24.6783
16.9448
27.2423
28.2831
22.1639
28.2674
21.5926
23.0729
25.7764
23.6256
27.6889
28.4372
21.1918
26.4796
26.8252
23.4197
27.0591
20.8340
25.0731
28.9331
30.3641
23.0394
21.8755
26.6046
25.0235
34.8863
21.3238
21.4576
23.2155
27.0342
24.4107
20.2190
22.9285
23.5432
31.3109
31.3711
21.7929
25.2112
21.6696
24.2425
20.3544
30.0680
26.9171
19.6209
27.1276
19.5391
24.0623
30.9689
23.5366
33.6229
26.6689
20.3006
27.7942
23.7260
20.2022
31.3504
28.9682
24.4454
23.4070
20.4734
19.8851
21.2367
21.1376
25.7139
27.6308
24.2481
23.7942
24.5516
35.2122
24.8969
22.2464
20.7344
23.8575
20.3626
22.3980
22.3738
30.8358
20.0233
21.2372
27.9095
25.6978
21.4746
23.5717
28.8003
22.6543
30.4717
26.3085
32.5857
34.1960
19.1753
25.9616
26.1894
20.9759
23.2836
18.4565
25.1739
22.5519
26.9891
25.8158
27.8302
20.5749
23.3124
28.8230
33.6023
22.0481
28.9542
28.9915
22.9802
27.4137
24.2017
23.7951
26.8376
22.1998
19.7835
20.1849
24.8189
28.5282
22.4973
31.3412
19.7881
23.5903
25.2974
26.4611
23.3344
20.9331
21.4579
19.2260
22.4895
26.1134
25.2344
22.1931
29.8878
21.6274
21.3660
21.7338
24.5475
23.7711
27.8877
23.0613
24.6532
28.1496
26.0550
20.4713
22.2079
26.2973
25.2760
22.1768
20.2068
20.8657
25.0305
28.4649
22.9402
24.2482
21.7456
27.4807
24.3160
28.0161
20.3784
24.6749
25.3882
22.8312
24.9203
28.4683
24.0127
26.0919
25.2037
27.2131
20.7611
21.5749
33.8932
27.7769
30.1502
26.3759
23.0360
23.2552
21.3553
28.2602
16.5937
29.9977
21.0862
32.0642
22.7627
24.5784
25.1271
21.4705
33.6287
28.6062
23.5771
27.4163
22.8895
19.4562
21.8762
30.4952
23.1316
25.4167
28.1949
19.3821
27.4365
25.5437
26.1552
19.5773
20.5953
30.3975
21.0613
30.6372
27.8024
22.3930
23.5292
18.7303
24.6858
32.4152
27.7852
22.2798
21.1057
16.9876
21.7388
27.2953
28.8252
25.3768
24.9387
18.8964
27.1426
26.0818
30.9879
26.7648
21.4004
23.7074
27.8557
20.0461
32.4002
24.4409
20.7312
25.8543
20.5529
17.9726
18.3672
23.1120
19.8698
27.0697
27.3994
20.5472
31.4799
21.0511
25.6107
25.0559
27.1307
32.2373
21.4658
25.7511
24.5871
28.2293
28.4313
28.5764
21.9330
26.4769
22.7678
17.4872
23.1254
23.7782
23.2874
26.1404
18.8086
26.7049
24.2757
20.5883
24.0339
20.3726
21.7135
21.8907
25.7378
28.5001
23.3559
20.9871
20.7546
21.6822
25.3476
27.3980
25.9614
31.2244
22.4617
28.1215
25.1422
22.6705
25.3841
20.8708
21.3994
24.3649
24.4684
23.5270
19.9064
36.8088
15.6975
24.7193
25.4157
26.7268
26.0159
28.4915
24.9273
22.2162
28.2365
22.7380
24.4498
25.6734
25.6143
26.7971
26.7575
22.8818
17.2904
28.8888
20.7707
23.8828
27.9136
24.1769
19.3925
19.8415
26.9009
21.5406
23.4654
18.6581
33.9167
21.6218
23.7829
21.8292
27.1840
21.8147
21.9362
32.1499
25.7411
28.6509
22.9757
25.9553
21.0235
33.7042
20.9826
27.1477
24.2312
21.4454
21.5267
25.1770
28.9593
30.3746
25.8620
22.8816
16.6795
21.4528
27.2917
23.3674
26.4282
32.1972
20.5085
26.7492
32.3981
35.7235
23.5029
26.3989
19.6569
23.3658
27.5502
25.0914
27.8601
24.6486
30.5693
31.7137
21.2088
20.6394
23.0463
22.1387
27.7221
26.5073
27.3974
23.3644
23.7785
24.1079
30.1033
19.8160
26.7042
28.9119
17.9184
17.8874
20.3825
21.9766
28.0947
16.8758
22.0172
24.4565
27.9816
29.2110
20.9832
21.7310
32.3373
26.1963
18.8931
23.5945
23.0117
22.3144
23.6249
16.9541
24.9627
26.3450
21.7757
25.8221
21.7226
26.7402
24.4045
26.6704
23.0925
22.4855
27.6595
28.1510
23.2917
21.5049
22.5742
22.4362
26.2285
29.4315
24.2577
20.2789
30.1814
25.2241
22.1858
29.6874
28.4273
18.1080
29.7903
31.0925
25.4379
27.5393
24.7365
21.7410
19.5225
27.9865
23.0443
25.1799
22.1472
29.2275
26.6453
21.5622
21.7699
19.1116
27.9075
19.5141
24.3984
20.5030
22.5288
25.8406
24.3645
21.0518
21.0353
20.7363
30.2604
26.4940
21.0057
27.3679
20.7855
28.0744
18.7278
24.8680
18.9014
25.7675
22.5957
26.7889
19.0695
23.6747
29.0364
26.5876
28.7781
29.1254
28.2345
22.1497
24.7543
21.7598
20.3574
23.6064
24.6920
25.4033
27.7014
18.7231
24.9246
29.7857
29.7286
23.8997
29.1132
29.0975
25.7680
22.1196
27.8825
23.8227
26.5303
24.6460
19.2554
28.6053
27.2263
28.3272
28.5256
28.8651
18.9626
31.1878
22.9367
27.7867
27.1839
18.8941
21.1769
29.7917
23.7867
26.1045
18.4976
25.4175
24.7480
22.1305
22.4359
21.1594
21.5066
31.1088
25.1613
21.4532
22.7612
29.9512
33.0424
19.7589
26.0362
26.9765
21.4699
24.6000
20.9983
27.6778
28.6134
27.6867
23.8655
22.8661
21.7764
23.6895
22.5125
25.2215
22.5187
29.4766
22.9571
31.6340
21.1828
25.3506
32.1869
30.3736
25.2861
20.3266
16.8872
23.5640
19.6320
24.0950
22.1106
23.3014
28.1965
24.4910
21.2877
31.4781
28.3634
19.6285
26.8291
22.7259
25.3268
23.7018
29.7136
26.3601
20.9529
21.4864
33.3872
25.1120
29.5327
19.4864
25.9714
26.1263
29.9307
25.3916
24.9816
32.6339
25.3091
24.4353
25.5228
29.0543
25.5528
20.4167
24.5425
19.6022
25.9788
24.2171
24.8484
21.4928
23.8271
20.1197
30.4009
29.6581
21.5919
23.7910
21.1706
22.7420
30.8797
23.9785
28.3160
23.6224
18.1551
25.3614
20.3240
29.6413
25.2576
23.9038
17.6702
24.0317
31.6878
23.4110
23.5000
28.3254
21.1643
24.8053
28.0915
19.3030
19.1271
26.9285
22.2984
23.5662
32.6551
26.1019
20.6290
32.5431
18.5415
30.6584
29.8817
21.7260
22.0470
20.4080
30.8571
27.7954
21.2024
25.3268
23.7436
26.7480
22.5348
18.3386
32.7255
28.2914
19.9269
25.6269
29.4488
19.3516
25.2793
23.7273
21.7409
20.5969
28.7756
27.7581
25.6668
20.2127
20.2485
30.9404
20.1306
18.7642
28.2752
29.4716
20.8653
29.4752
17.9359
21.4402
20.0469
24.4809
21.7684
24.7291
28.8792
34.5786
26.9599
29.5684
20.7699
23.2686
22.2134
18.7079
20.4911
20.0833
25.2118
22.7392
20.1912
19.7372
24.5259
16.8867
21.3312
32.4370
29.8890
24.1851
22.6789
26.6780
27.1820
29.4934
23.3275
26.9273
18.9173
24.7093
25.4908
25.0053
20.0501
28.0945
22.2610
29.7181
27.0701
25.1156
24.7445
21.0623
26.7520
22.9625
23.1395
24.6597
26.2132
20.5430
29.8130
28.1906
24.9256
28.9411
20.7283
24.8621
25.6555
31.1588
25.9483
23.6199
35.3673
19.3015
21.3391
23.0515
27.2835
18.4702
32.8159
20.1462
21.7810
29.5460
29.3932
25.5970
21.1389
29.1077
31.9685
21.1561
29.4830
18.4471
24.4683
32.5112
19.9629
33.1962
25.3935
16.6847
27.1129
25.6263
27.5995
22.0659
31.4655
26.8652
30.0564
27.7019
26.3385
29.0504
27.8565
27.6567
25.2448
22.0794
27.0668
22.3145
21.4738
21.5905
22.1536
26.9826
24.8564
22.7261
17.7106
22.9971
27.0606
35.0338
16.3818
23.9577
25.8022
28.2331
31.9719
26.6283
25.4417
25.1979
23.4827
27.3513
21.1296
26.0311
19.8067
19.2900
16.4245
28.0167
30.8201
19.5201
25.9721
23.4860
24.3548
22.1655
23.5859
27.7578
21.2011
16.9538
24.5133
26.4415
28.5962
22.8266
28.4660
25.0666
26.9006
31.0906
30.7471
18.6537
33.6106
24.1436
23.6889
25.6743
18.8295
31.4883
17.5514
21.5778
25.8442
23.1963
22.7549
31.6263
27.2250
18.2255
27.2459
21.8101
29.0454
25.3057
27.7800
15.7955
28.4554
22.1407
27.5033
25.6594
23.7577
28.1344
25.4668
15.8624
21.0626
22.9239
34.7219
24.7699
36.0161
27.7222
28.3157
19.5528
30.1476
25.0230
24.1330
20.5379
20.8465
28.4801
23.7820
25.8988
27.6454
28.1177
22.1449
24.1519
16.2943
26.5132
26.7627
20.8993
24.5411
28.1155
22.4139
25.7193
25.7654
22.1517
30.9008
25.1871
26.8052
26.8535
19.6608
25.5834
23.8985
21.4241
22.2555
22.6712
19.2218
22.8526
20.7717
29.3422
28.9611
23.5030
19.7410
22.0243
27.6835
25.7732
20.3051
19.7910
18.4834
25.5696
21.0868
22.3396
26.7154
28.3084
23.3780
20.6971
27.5953
23.2447
23.7628
19.9432
30.2716
23.1471
28.4157
24.8473
21.3254
23.5786
25.2175
17.1017
26.4125
25.2621
34.9927
17.5790
23.4149
27.8936
27.1152
29.0413
22.3602
27.5046
17.9394
18.9976
23.0236
22.9631
20.5811
21.2761
24.2107
27.4758
20.8819
19.4344
20.8454
26.2812
23.8017
24.8409
24.5127
21.7774
26.3610
20.9148
27.2653
20.3962
23.2656
27.9928
22.7155
20.0872
18.5447
21.8360
22.9914
16.6540
20.6630
29.8865
28.1248
26.9250
19.3781
28.1097
25.7434
26.3329
27.3047
25.9221
18.8925
26.2795
28.0197
28.8847
23.9900
22.4160
24.5117
23.0260
26.9138
36.0246
23.6813
22.9241
19.6360
25.4435
22.3356
19.3027
27.5609
20.7024
22.2023
23.5961
18.4698
18.6921
27.9540
25.1665
18.7595
20.9057
23.7690
23.9775
23.1388
19.3763
22.2754
28.6227
33.4699
25.7102
20.3064
17.4158
28.5343
25.4420
20.0601
29.0155
28.7755
30.5830
19.5109
21.9213
20.2865
23.3064
23.5539
19.2433
19.5700
23.5050
23.2802
27.8463
22.1682
19.2446
27.8573
21.2129
18.7723
34.2432
26.4525
18.9960
21.3619
25.5879
30.7437
20.6994
21.4682
21.9256
24.5004
22.3059
22.9558
26.1954
23.9510
19.5899
21.9427
24.2544
23.2115
20.6349
26.0785
29.7091
20.5235
19.1976
27.6792
21.5803
21.9610
24.4361
20.9649
27.6454
27.6538
19.0231
26.7396
23.9064
21.8435
26.4174
24.7965
34.3109
30.5552
19.7149
19.0398
23.7035
29.5534
23.7762
23.9278
21.3501
26.2547
24.1784
26.6450
18.8025
30.1694
27.9434
22.4213
25.9076
26.1989
22.8855
27.0598
24.2955
28.0494
16.9498
19.9561
24.1812
25.1695
23.9660
25.1230
24.0248
28.0902
25.7950
18.8242
19.6549
21.3316
21.9658
21.5695
20.5210
23.8890
20.7270
23.0281
30.4634
30.3534
30.5781
22.1234
22.8395
32.9398
28.5813
16.9402
27.3837
22.8321
25.8626
26.5512
25.6163
24.2600
24.7554
27.9059
27.6288
25.8633
20.9092
20.4811
23.0089
23.5962
31.3141
22.8780
24.6655
32.7729
24.9811
26.6239
25.4906
21.4867
20.1375
28.3320
33.8176
19.0895
27.6605
23.5748
25.6391
24.4112
31.7655
19.1736
25.3468
27.8809
21.4953
23.4459
20.2264
28.4385
24.9903
21.3774
23.4511
32.2643
23.1478
22.5825
19.6137
28.2029
35.8284
24.9349
24.1210
21.7840
30.5132
25.6606
27.0819
31.6296
25.2084
28.3312
22.8162
24.3726
19.0303
24.6706
23.5564
27.2409
19.0676
26.8701
20.2647
20.1848
27.9914
24.6370
20.5214
17.0581
17.9750
19.8205
23.6620
28.4449
33.4921
21.3678
19.6800
25.0138
24.8114
22.2295
25.4397
22.3547
21.7325
19.7884
23.3415
25.1759
16.4225
24.2232
23.4568
23.0868
22.0186
25.0893
26.5252
24.8451
27.8694
17.6358
21.4627
26.2697
18.4466
24.2950
22.1348
26.7378
22.7301
29.7979
27.7186
29.2879
25.8502
24.8417
19.6707
28.5815
20.6464
32.9038
24.8466
23.4866
25.1845
32.2210
30.7199
20.4021
28.7226
27.3423
27.0397
19.4209
26.6865
19.2347
27.1003
17.2205
26.5339
19.7319
25.8346
27.5832
29.1090
35.6689
21.6613
27.0288
23.0341
21.5006
27.2767
34.2347
29.4509
28.3199
27.8182
22.5230
26.0725
20.3885
25.0410
25.9168
27.0699
21.4960
20.8327
25.0395
22.0291
26.5468
25.9075
24.9534
20.6361
27.4481
19.3573
25.8958
19.4690
22.5165
24.2405
24.1928
26.9751
22.2464
24.8059
27.4026
29.4010
24.4933
30.8953
25.8925
22.1814
32.2200
26.9911
23.0213
29.7790
28.6302
28.5022
23.5033
28.5985
23.0732
21.8852
32.6601
17.0181
24.2762
19.9442
22.1794
25.4836
26.3202
35.1536
28.9118
26.1010
24.0489
21.8037
30.3861
21.2796
22.0986
20.0169
28.1939
24.6082
21.1239
23.4246
27.1465
22.3353
25.7055
24.7339
26.0863
23.7169
26.4130
25.0840
27.7511
23.3349
21.4680
18.8600
21.6907
27.1865
20.6397
21.8150
27.0312
23.5774
25.5581
23.8015
20.9884
26.4375
27.8842
26.6247
22.6956
27.0035
25.0035
26.0970
26.5838
35.4324
28.9179
23.2252
22.9075
25.6649
23.4021
21.2800
26.5847
24.6643
28.0838
28.5816
21.9330
20.2346
30.2962
20.9408
23.5836
17.0192
20.3940
28.0326
30.7192
21.8086
21.4357
26.3974
24.3634
26.7631
24.1933
23.3770
24.0754
28.2955
24.2776
25.4751
38.9728
18.9223
22.5527
26.9003
25.1357
27.2978
20.6238
27.0614
27.7923
23.1494
21.7108
19.7687
24.5149
27.4701
19.1652
30.9334
25.3813
23.9096
25.5148
26.8561
17.8110
23.4219
20.4817
20.1618
31.3558
24.9448
22.1836
24.8917
21.3615
27.4974
25.1207
33.6447
24.2129
19.3025
16.7182
23.9300
24.9185
24.1689
31.8346
19.4400
24.1345
26.3235
31.8105
29.7440
29.7909
20.4746
21.5681
27.2744
19.6685
28.3655
25.0609
22.6360
21.6154
22.1939
24.0918
20.5593
26.2614
25.2611
24.2933
22.2575
25.1732
22.8110
26.3135
24.2123
20.2348
27.3350
29.3711
28.7685
20.0236
19.8160
24.6634
24.9352
22.1559
22.5854
28.9701
25.6265
24.9081
24.0997
25.0756
22.4232
25.0643
20.2880
16.0945
21.4076
23.5466
21.5516
20.7734
19.3565
16.6543
28.8489
24.1840
16.5307
18.8777
23.4122
22.6356
27.6725
22.6266
32.0398
26.8544
20.4639
28.7799
26.3453
24.9957
26.2163
28.7930
26.6174
27.8615
28.1569
27.9404
25.9631
20.7055
20.6051
21.2073
29.9871
24.9318
25.4162
27.9736
18.3065
25.9269
23.2807
28.7284
32.6591
28.5028
23.1745
23.0806
33.9619
24.9242
29.3615
31.3169
32.1396
26.5426
23.3245
25.0913
19.9985
20.3737
26.8509
25.3291
22.7417
16.4376
22.7922
30.5148
17.6511
30.0827
26.5961
26.6652
25.1675
21.5400
23.3721
29.2616
28.3348
20.4458
20.1195
26.7538
27.0762
24.1375
20.9734
22.3791
24.0211
21.4494
18.4243
26.2507
29.7922
22.8484
25.5439
23.1183
26.8303
27.5871
22.3508
17.3937
21.5707
22.4167
25.5160
26.4835
21.5726
22.2185
19.4723
30.5708
24.4952
24.5467
22.5727
29.9931
27.1357
29.7172
24.5572
19.0004
19.6441
23.0413
25.6535
18.8386
18.4758
21.3830
23.3033
26.4319
29.3799
30.5959
25.6020
19.1049
26.8133
22.2961
27.0509
28.8766
28.4391
24.6271
23.5136
28.0125
18.9209
24.9897
25.7693
23.3475
24.0850
22.4699
36.0539
20.6820
33.3971
23.3824
30.5712
28.8487
24.2536
23.4828
23.9123
26.4756
23.5645
23.7155
31.0733
23.9131
21.5956
24.8120
27.5173
32.8952
22.9477
29.4091
28.8670
25.7265
26.4162
23.5274
29.9472
27.5494
33.8736
21.7698
21.9534
23.8297
21.0398
27.2941
19.9260
25.0640
21.3590
26.2146
26.6354
32.0491
20.2872
19.8394
21.1742
23.6992
21.4293
23.5874
27.6759
20.5294
24.0863
24.8664
21.3128
22.0835
20.1689
18.6825
22.2278
27.9740
20.2178
18.1405
21.8939
27.0720
20.3583
29.2308
20.1021
18.1014
27.9393
21.7865
24.1527
29.1601
17.8402
27.0742
31.4665
30.6591
28.7819
20.5893
30.3239
25.1746
24.7505
21.1277
30.0614
26.1840
23.7619
22.4462
28.3881
24.8306
22.6921
29.0491
23.9418
23.4244
17.2279
21.3132
27.4575
21.4407
26.4892
21.3179
22.7855
25.9541
22.4282
23.8929
26.3183
17.6410
27.7924
20.1112
29.6106
27.1391
22.7309
21.6037
26.5130
28.2809
30.1981
21.5858
30.1408
22.3711
18.2878
30.5525
23.7529
28.5879
22.6016
20.9994
25.9843
23.8376
23.0321
24.3028
22.2273
24.3679
26.8364
23.6656
28.8519
28.3792
25.0609
26.7740
24.9988
23.4506
20.9476
18.3582
26.6872
33.4537
27.5849
19.4484
21.8771
24.2719
30.4640
22.6209
26.6002
23.8327
26.3795
25.1173
18.0317
33.6302
23.9839
27.4410
21.7726
25.8062
19.0976
24.1871
29.5161
23.4146
18.5431
29.0513
25.3922
26.2159
26.2766
21.0897
21.5646
26.8588
21.6453
22.1107
27.7877
15.9700
22.6769
25.5984
21.6671
24.6884
23.1485
24.8823
17.1484
17.5161
29.7830
27.4299
29.0470
22.5373
24.4041
27.9537
25.9248
29.8993
22.5022
26.9230
21.8936
23.5636
20.4898
19.5739
19.9201
23.3247
20.6785
20.2605
31.3195
18.6128
22.2017
25.8038
27.0554
25.4180
25.7625
29.4608
26.7214
24.8750
24.0726
19.8506
24.0022
32.4034
21.3682
17.4697
27.4994
27.3906
25.3771
24.7210
24.4715
31.0905
29.1784
27.0949
22.0198
24.4236
20.2731
21.7244
23.4640
31.4347
30.7380
22.0784
30.9520
23.5603
18.0767
31.4712
17.0432
19.9870
26.2594
23.5836
25.9410
24.3222
29.3143
23.9630
18.6154
21.4324
30.4683
30.4465
23.9071
30.5746
25.5648
19.7218
27.6565
25.5502
26.2380
28.2372
20.7098
27.7056
21.4829
19.7768
30.1586
20.7053
26.9702
26.9207
29.2289
26.5017
22.6110
26.8078
19.5828
26.8445
30.1831
25.3477
28.4519
27.2605
18.0056
25.1495
32.6494
21.0066
27.3380
21.5337
26.1202
25.7476
21.0102
24.2405
23.1023
20.8521
20.6375
25.9586
31.9984
29.4032
24.8608
27.2375
27.4109
28.1850
24.2648
19.2900
23.4910
31.5591
23.0328
28.4707
25.0693
24.2421
17.5934
24.7226
23.6514
23.9861
21.3263
25.9880
18.6261
20.2431
19.2856
21.4114
24.7037
25.9966
28.0554
25.8066
23.1928
25.9963
27.3080
18.1649
22.2152
19.7564
21.0407
25.3207
19.5782
28.6776
16.9147
31.1002
21.9823
20.4692
27.7406
16.2888
21.2705
20.8472
24.7603
29.1882
20.3856
22.5515
19.8495
31.7767
25.8404
23.8958
30.0431
27.4353
22.7828
20.8281
16.1396
20.9531
29.6273
26.2726
15.4666
27.0077
30.6084
28.4191
22.4223
23.8174
23.5616
24.6883
25.7466
21.7493
26.5125
35.9700
25.7271
23.6820
18.1687
21.8188
23.4111
23.3346
24.3563
29.9559
29.5229
20.5700
25.1562
17.4229
18.4930
20.4702
21.5355
23.3619
25.6942
27.6515
26.3285
30.3711
27.3680
27.7269
29.0265
26.3738
25.6378
22.4059
22.2928
26.4092
31.4151
28.5901
25.6604
18.5044
27.9279
28.6153
21.0381
22.6420
32.9504
29.7699
21.5178
29.6599
21.5235
23.1888
32.1705
20.4747
26.3754
34.9165
25.6130
25.1169
23.7727
24.7865
18.4989
24.2735
22.6032
27.7034
22.9784
26.3508
24.2888
20.6605
21.6774
21.8031
26.0328
21.6590
23.9915
23.4309
23.0643
28.9152
28.1543
24.7140
24.0277
20.4931
19.5296
25.2747
18.6749
24.4698
19.6422
29.8418
29.5048
28.2015
26.2142
17.9105
29.1144
28.7624
27.4456
22.4180
29.9888
21.4969
32.5768
26.5692
27.4153
29.5081
19.2640
21.2473
22.1979
26.6348
23.6229
24.7719
22.8307
20.2208
18.1914
30.5899
31.6708
27.9162
21.9434
33.8178
22.2307
23.0865
21.2633
25.4685
22.6622
31.9436
28.3172
19.8575
22.6968
25.3109
24.9138
30.0864
31.4784
35.0808
21.3693
26.0780
26.7192
19.5235
19.9627
24.6832
19.4153
23.0221
31.5101
23.7997
22.3304
23.0373
25.9079
19.2306
25.6617
28.1951
26.5890
25.0626
26.0684
29.7349
30.7238
30.6026
25.1393
25.1997
28.0627
25.7795
27.1762
21.1617
23.7753
23.6567
30.4529
19.9111
29.8594
34.9396
20.7321
23.8251
27.6825
25.5624
27.5607
20.6048
19.1178
28.9633
25.6354
26.7054
20.4127
24.2988
24.2134
25.9076
28.5450
23.8990
28.6029
26.4107
30.4056
26.9173
29.7263
26.6731
31.6156
25.1812
23.3875
21.2944
25.0280
24.0526
22.3449
22.0074
22.1351
29.1744
19.8528
30.2657
30.4788
19.4132
24.0472
31.3101
22.8279
18.2288
24.7707
19.4190
23.2935
25.9074
24.4135
19.0810
19.9275
21.2718
19.7714
27.3887
26.7465
23.7096
16.9936
26.8702
19.6869
25.8144
34.7681
23.8328
25.1849
19.4704
22.0915
24.8509
22.3195
20.8728
27.6836
32.2984
28.9165
22.3615
31.0556
23.8757
18.8071
20.7420
21.1745
29.5495
24.7097
30.9225
29.0424
24.3515
23.6003
16.8637
18.0670
20.4351
28.5923
23.3687
30.6118
29.4594
25.5628
23.9668
25.5316
27.2324
31.8313
29.7889
34.2537
27.0753
23.3965
17.5509
28.7676
34.1534
20.9170
23.9601
25.4901
28.4032
19.7279
22.4888
19.4647
28.1105
26.0796
21.6172
24.6668
28.4567
23.2691
25.3096
21.2713
22.4906
25.8462
24.6306
22.8433
24.1385
26.4106
19.8964
32.9354
21.4703
19.7915
27.6435
22.2033
34.1343
20.8211
23.3391
29.7567
24.3014
20.5037
21.4516
19.4373
20.3163
21.2428
32.0965
21.7533
29.4600
21.5428
30.2928
20.8123
22.4472
22.4360
20.5272
17.8153
24.5952
23.9376
30.2695
27.6783
21.0462
27.9919
26.0712
22.4067
25.4174
20.5631
23.5169
24.1697
28.6503
20.9707
26.0567
23.0139
24.3051
27.2485
27.0283
24.8852
25.4455
30.3797
24.0789
21.2237
26.7998
22.6274
20.0966
28.9433
28.1825
24.7789
25.0839
21.3154
22.5899
25.5783
21.7148
26.3997
20.0027
29.2234
20.3842
21.5269
23.2671
22.3391
28.6278
23.8327
19.0802
27.7522
21.7625
19.1236
22.1140
26.8466
24.4213
27.8366
22.5598
23.0119
21.3525
24.2205
31.6903
23.8035
27.9822
24.6335
30.4979
22.0578
21.0118
29.9492
27.1649
16.4219
17.0939
18.8731
21.0885
23.2299
19.9667
25.0460
29.2342
22.0064
22.0994
24.6450
21.6410
23.6851
24.6884
29.7140
23.2209
26.7713
21.3173
23.9939
32.1298
32.0793
19.2745
30.9076
27.8472
27.0237
27.0645
26.3537
24.3221
24.9642
25.0721
20.7495
18.0526
23.6525
18.0087
24.7079
26.7938
18.9763
21.8271
28.8241
26.0488
26.6004
18.5223
26.1049
28.8130
23.6749
17.6704
22.0973
25.6939
25.9011
17.5098
23.0110
19.6265
32.5795
20.7440
26.2526
25.9293
26.3628
31.5456
26.9537
22.6467
26.9390
27.4170
28.8045
22.9198
27.0014
29.3561
19.3507
26.8535
21.5048
29.9664
17.9788
28.6299
22.3646
22.1069
21.7348
31.8291
31.7284
26.1124
24.7630
23.1501
17.9810
22.9644
25.7735
24.8084
23.4542
22.6717
20.8734
21.0493
18.2358
22.8956
34.5160
28.6476
20.4712
21.4591
24.3763
22.6481
19.1806
25.4178
19.2564
20.9268
22.1970
15.4935
24.4850
27.9667
30.7976
28.6300
29.3114
23.9910
21.7840
16.6769
20.0949
24.5949
26.1240
24.4761
23.7999
24.1525
30.6756
21.5108
32.2121
23.8731
27.5237
26.2258
27.2801
30.4330
23.2379
33.0300
28.5960
19.3690
26.4594
17.3070
28.9369
25.7629
28.2810
34.6236
27.5207
20.3207
22.5845
27.9010
21.6656
19.9992
25.9894
26.5073
17.7953
24.8531
24.2325
25.0561
24.2592
27.5490
32.5153
25.6505
33.2618
30.5290
25.0976
30.7116
20.3097
30.4869
26.7810
24.3251
25.4416
30.8172
31.0517
24.3201
20.4886
32.7994
27.0636
23.4490
30.8139
21.4445
25.0282
20.7314
24.0246
24.1008
23.2827
25.2608
28.0684
20.2071
27.9898
23.0831
28.8494
23.3050
22.1260
22.0220
28.9035
26.3495
23.4993
23.4489
26.1690
23.3808
28.3880
24.9012
19.8674
23.2813
23.2265
25.2124
20.2012
21.3855
23.5341
22.6759
25.2288
27.7549
24.4129
23.4487
27.4530
28.3968
26.4139
30.8913
27.5814
21.2112
21.4964
26.4681
25.6985
29.5181
26.2845
23.8393
34.4240
24.8129
29.6578
20.4356
24.7958
26.9331
25.7544
22.8090
30.1691
26.3991
22.3470
21.9001
26.5890
33.1135
24.0069
25.3729
27.5712
18.6326
32.4367
19.5874
23.8243
22.7694
21.5477
16.3532
23.9371
25.9047
20.4949
33.2149
23.2383
27.5615
23.4994
20.6099
24.7105
24.3075
24.2197
22.1881
32.8750
19.4409
24.8769
21.3184
27.0749
24.5260
25.1526
25.6884
23.8370
24.1042
26.0160
25.7467
17.8566
31.0840
28.3817
28.9427
32.8256
27.2587
24.3487
19.2076
32.6826
18.4077
22.8490
23.6327
31.1276
20.0802
27.0216
21.5158
21.6442
29.1598
27.8214
23.6446
21.8171
20.8133
27.0457
24.9095
24.5764
32.9790
29.0556
17.6130
27.1110
22.9524
28.6100
20.9243
19.8468
24.6554
19.7657
27.8805
21.4410
35.3515
24.6266
26.9409
25.8315
33.0858
31.4669
29.9361
29.9169
25.5405
28.1032
25.3643
26.5031
26.3307
20.9384
26.7043
26.4117
23.0981
32.1380
18.3428
34.4534
28.5001
18.5703
23.8229
36.2228
29.1495
19.8141
22.6142
30.7355
19.1744
24.7604
20.2297
18.2962
26.6987
22.6783
26.8498
17.0644
31.2578
17.4549
19.4158
30.2973
24.1532
23.3259
26.7386
28.0689
22.7205
19.2506
23.1685
27.7672
25.3180
23.1307
31.5320
18.3771
28.1166
25.9395
27.9908
28.0115
25.5729
24.8588
25.6510
24.1300
22.1843
24.9444
27.1599
24.4433
23.2782
29.3630
29.8521
22.2761
23.9978
27.3512
25.3974
21.5718
25.1170
20.2129
28.6326
21.0569
22.5724
28.6492
21.5519
27.1305
25.1704
23.2662
17.7947
28.9024
18.4595
28.1587
23.2386
31.9229
21.2849
29.5112
21.6532
23.7328
34.5505
21.5802
25.9019
24.9096
24.4299
23.5967
29.1138
26.3616
23.6075
26.1702
20.7478
30.3184
20.3665
18.5909
28.9405
21.1124
23.8480
29.8967
31.1434
20.5937
27.6146
23.2127
24.5790
36.0174
22.7552
24.9247
21.4751
23.3163
21.9911
28.2562
32.4496
32.2222
25.2440
28.4362
27.3131
29.1631
22.4009
20.9379
23.0619
24.3283
27.2236
27.1446
23.8450
23.8642
21.6897
29.0153
31.1416
29.4735
21.3409
27.9052
22.5545
28.2473
30.6015
26.6679
25.8176
25.5938
19.4178
25.4002
19.3110
19.4991
30.6143
20.5318
27.2561
19.3208
20.4101
30.1163
23.2903
28.7081
26.1485
21.1392
25.8875
22.7630
19.8399
24.5257
27.0845
24.3335
21.2367
22.2842
19.6884
24.6451
21.8061
36.3736
29.1723
23.0787
25.8067
24.4954
21.0337
21.6051
30.6838
21.0661
25.1698
26.7961
19.8395
23.1310
22.1160
21.2809
24.2806
29.5768
27.6584
18.1673
29.4999
21.5387
24.3620
21.4792
23.9250
27.4610
21.2898
26.8346
20.2134
23.0913
19.3331
20.3096
27.0247
20.4166
25.8036
36.2382
26.1969
20.2759
22.9295
25.0800
17.1318
22.7531
24.0765
22.1615
24.2548
20.6437
24.9404
18.5062
24.2518
26.2187
26.6524
24.8099
20.8890
20.4550
22.3778
28.9993
26.2584
26.2913
18.7690
19.2288
24.2748
24.3535
28.6682
25.2442
20.5988
20.2363
24.0314
24.5428
26.6755
31.9509
20.4586
21.4359
20.3991
22.1052
22.8019
19.2930
22.9300
36.9092
23.2007
24.4977
30.0585
29.3645
27.5986
23.4271
22.9126
22.8510
27.8251
23.7269
22.2903
23.2262
30.8883
23.0304
21.8707
23.1231
20.9927
27.8460
21.6159
26.3305
25.4639
28.8721
21.1530
24.5501
27.8472
20.3223
20.1541
24.5543
34.0963
27.8814
24.4081
22.9865
23.0644
31.5426
20.6219
27.0774
24.3658
33.6751
27.8535
24.6934
33.9618
26.9257
27.6381
33.3039
27.3472
20.8745
21.7480
23.6411
23.9526
23.3843
28.2969
27.4659
26.2755
27.4737
28.2279
20.5421
26.2218
26.8004
24.5932
18.7266
20.1262
19.8964
24.9650
21.4734
27.6003
26.8945
23.2869
30.0747
26.7175
27.6325
20.8624
20.6954
28.1823
20.9121
21.1454
33.2049
29.8817
31.3656
26.1478
23.2998
22.6748
26.5297
23.7094
24.0538
27.3282
25.2310
27.7205
23.6252
21.5303
26.0744
27.2577
25.5876
22.4237
24.7856
20.7496
21.7889
36.6040
24.8007
23.1053
29.5245
22.8509
28.1641
28.3607
29.7679
22.1604
21.5275
27.1590
26.5280
25.4258
31.1997
30.9514
18.6807
24.1106
25.6096
22.6540
22.7223
21.0036
23.2128
19.2319
26.4433
25.6457
18.4187
25.9602
22.8230
24.7483
23.8411
26.1418
30.4009
23.4651
20.7507
28.5704
24.6969
22.2742
22.2707
31.1642
28.1959
23.4350
27.1266
21.5340
28.7471
20.0998
19.5502
22.8482
26.6088
23.6283
23.9849
22.5389
18.2414
23.6979
18.4151
29.4132
34.2825
21.8715
27.1547
19.9937
33.3043
22.6075
23.0415
19.2239
16.2061
24.3459
28.6839
25.6340
29.0776
24.1705
30.8284
34.3664
21.7036
23.2709
28.1187
22.7881
28.4514
21.2854
31.9863
21.5886
21.0256
23.8252
32.3233
23.5759
30.9387
20.1781
18.4046
25.0819
23.7203
24.3343
20.0839
28.8132
26.8372
22.8470
27.7648
25.3339
29.4543
20.4982
28.4671
26.2350
18.2244
27.6687
22.0526
29.8060
19.0949
28.0037
25.7428
28.6244
22.8912
20.8680
21.3036
22.8589
25.0878
23.6733
21.3118
29.2682
24.1868
20.7073
20.5284
25.7004
31.2548
26.0428
32.9929
32.2560
22.0623
23.2736
30.1304
23.5276
22.4046
30.0070
29.3336
26.5543
22.5259
24.6345
27.5361
29.1197
22.4707
23.9547
22.5910
26.8988
32.1663
17.9530
23.7195
17.4316
24.4842
25.1346
27.6948
26.2290
23.6246
27.4757
24.3200
19.8863
24.5188
23.3326
23.0424
27.1184
23.3646
19.4525
20.2583
17.9800
22.3011
25.2346
26.8362
23.3728
23.9283
27.0207
24.6968
19.9066
21.8054
23.9544
18.7435
27.4703
31.7688
29.7244
26.2931
31.8445
23.5657
36.5076
27.3861
21.4622
30.1969
25.0032
24.3420
23.7397
21.3682
27.0134
25.3101
21.4736
27.2032
17.9302
18.9443
26.1382
24.6743
23.6316
27.7869
26.6193
20.2735
22.1783
19.6470
22.7987
26.0326
22.5149
26.1371
26.2907
26.2779
21.5922
27.7234
18.6781
25.3657
25.7778
23.8775
21.5129
23.5322
22.6237
32.8607
23.1243
23.7086
29.4165
25.3486
19.8374
23.4856
17.2249
27.1218
20.1079
28.0416
28.3294
19.6535
22.9552
22.1175
25.8057
28.0502
26.5444
21.1332
24.7022
25.4468
22.4075
29.4443
20.6054
28.3740
29.5095
19.0041
25.0098
27.8157
23.5644
18.9542
21.5968
23.1792
31.7273
26.2925
20.5193
22.8655
31.1940
24.6261
27.5064
22.0361
20.4081
29.7805
19.7107
17.2278
17.7946
18.5311
22.5551
22.2636
26.5738
23.6369
21.2623
20.3910
20.5386
22.9167
25.9165
22.6294
29.2493
20.8874
32.7205
26.8067
26.1042
26.7383
20.1008
17.7261
22.7933
24.3325
32.0629
24.8680
19.0594
29.7749
29.1851
23.3854
30.9587
22.9703
24.7323
25.6314
21.2166
22.2690
29.6267
21.7779
19.9132
21.4130
18.8645
20.3618
21.3333
19.3354
24.7416
23.7570
28.6702
32.3805
24.8259
20.1127
19.4777
31.1233
23.0332
20.7536
29.1468
31.1225
25.2733
23.8612
24.3475
35.2385
21.1424
32.1434
30.4978
31.6834
27.2055
30.7056
21.9000
29.0501
26.4831
27.3653
26.1658
21.8085
25.1080
23.3179
25.3257
21.6185
22.6552
18.1304
20.6267
25.7241
20.7645
29.3366
21.0861
24.0800
28.6584
29.0965
19.7486
26.1783
30.8218
27.7948
23.2962
20.0969
19.3053
14.9169
19.7262
29.8892
24.7527
24.2327
24.0824
19.1918
25.9304
20.8840
25.0997
19.1892
34.1698
21.5148
30.6236
28.5291
16.9056
25.8672
24.1301
28.3741
26.2015
25.2171
28.7433
18.7752
27.0429
24.8246
23.1438
18.9802
16.2216
31.7074
26.7522
22.5067
27.6941
25.0374
27.3411
20.6207
26.0324
26.0162
23.2848
19.1062
22.4067
23.1730
22.3476
28.9144
27.5308
21.7141
24.1949
16.2264
21.2682
21.4673
27.3186
28.9814
25.6924
18.7890
21.1974
19.0567
23.3491
19.5443
22.3470
25.9208
30.4319
24.6725
26.0105
30.6276
25.2819
26.2936
21.4379
24.4296
22.0832
24.0755
20.8986
24.5135
23.1453
26.2810
20.5558
21.6975
26.2053
24.9220
23.6286
30.6051
24.1959
19.3947
18.5326
27.9754
21.1280
17.3533
24.4323
20.7223
29.3473
20.8114
19.2853
28.1334
26.2310
28.3178
19.8645
27.2340
29.8868
26.5079
21.2781
23.9261
20.8276
26.0159
23.0562
19.0059
20.3492
18.8798
28.8515
24.5126
25.5952
21.0515
19.8161
25.5797
23.4265
27.3666
22.3734
21.1927
26.1305
27.7776
26.9202
29.3851
22.4831
23.9237
19.6392
19.5970
23.6441
33.8624
25.6733
22.3535
22.2212
23.6069
21.8640
28.9851
23.0099
21.4193
30.8788
22.1790
27.4095
26.8130
18.0611
31.0857
27.0016
19.4558
20.0416
17.5337
22.6289
19.9287
23.6648
20.4267
27.2443
31.1899
27.2732
17.6734
22.5876
27.4919
22.2105
22.5337
28.4328
21.4919
22.2195
23.6455
25.0469
20.5156
34.6146
27.2449
23.9566
21.6779
23.4515
33.2932
31.1479
30.6904
17.6620
25.0698
25.2551
29.1551
23.8881
30.8291
23.5742
20.8470
29.9029
21.5538
30.5272
23.8274
19.9843
23.9426
22.9426
26.8732
22.8007
18.8075
29.9556
25.3398
20.4080
22.5723
33.5453
27.1078
30.3731
20.2986
18.6253
22.9475
32.6745
19.9368
21.5626
19.6489
21.2354
23.5959
21.7783
30.7458
28.5552
26.8480
20.1448
30.0060
24.3745
23.4529
26.1177
22.6236
22.8164
22.6890
19.6554
22.8603
26.0406
23.9127
28.5686
33.0026
20.1938
28.9138
20.0727
26.7301
21.7913
30.0483
24.7871
26.4388
19.5278
20.7520
25.5674
26.0219
32.6320
21.2584
19.4117
25.5489
21.0868
23.0165
16.1281
28.4495
21.2445
31.0926
26.0903
22.3296
26.7249
24.9921
25.8469
22.9457
37.8110
24.2483
24.6954
22.9812
24.9247
20.9987
25.5702
26.2826
27.0873
23.7727
26.0039
34.3084
23.9873
28.9073
31.7374
22.6419
29.9961
27.3370
28.4306
28.9323
21.5587
19.7845
23.5412
22.0190
20.6494
25.6520
26.9111
27.3957
24.8298
26.3326
32.3055
24.4555
24.8911
25.8730
22.9178
20.4185
27.8485
23.2289
25.9288
23.4456
28.7388
27.8272
25.2437
33.8304
24.1292
27.7420
29.5384
18.2405
23.6085
28.0361
26.1792
22.6871
20.7943
26.0228
17.8043
20.2950
22.1966
25.6226
22.5937
23.0460
26.0510
23.5057
27.5867
24.2490
21.9824
24.8249
27.8014
22.0628
19.3435
24.3054
26.3586
25.1531
26.0669
21.6663
25.6495
27.5755
25.4814
21.4935
25.2981
20.2751
22.1418
22.3879
18.4458
26.0552
23.6499
21.4716
20.0175
19.1019
21.9815
20.6156
25.8057
30.7226
28.4041
31.0514
18.6389
23.2084
19.1288
31.8693
22.7605
27.2748
26.5115
20.6409
24.9607
27.9785
27.6802
24.1169
26.4745
25.5654
20.8780
25.1625
26.9262
29.9610
18.3205
22.7693
18.9703
30.6301
20.5035
28.6371
31.2071
31.1785
24.3219
20.4119
18.6113
31.2805
26.6679
19.7729
21.2829
26.4707
22.6831
23.6355
20.5773
28.5749
23.4953
23.6905
20.3587
18.4154
24.1455
20.1033
25.2460
23.0836
21.6337
19.6687
22.5445
20.0063
31.8694
24.2388
29.5673
22.3537
28.2077
27.5930
23.8804
22.6489
17.8831
32.3290
25.1706
18.3510
23.8038
23.5793
23.7428
17.3902
28.2134
29.4294
21.4469
16.9652
23.4562
28.1785
30.6535
20.4020
24.1143
20.1766
24.6467
28.2986
23.6921
28.1005
22.2163
21.4090
25.9348
18.7944
21.1934
24.9229
24.5649
21.9296
33.1246
32.3556
25.6540
20.5176
23.5849
31.2262
23.6528
24.8741
25.7532
28.2082
27.3739
18.9904
21.8427
21.6380
20.1142
22.9702
37.1409
30.0450
27.0363
23.5157
24.2948
20.8692
18.1041
30.4562
26.0137
23.0070
24.5097
25.9558
19.6438
25.5061
23.5413
25.2871
28.7541
18.9090
20.1683
22.3251
26.3470
27.5620
18.8784
19.8019
26.1035
24.5780
30.1071
20.3196
20.7594
23.2973
26.4616
21.2314
26.4000
22.9732
33.8232
32.5821
28.9728
30.8985
28.8451
24.6629
21.9865
28.8971
26.4222
31.4568
19.9189
20.7528
19.7371
25.7963
21.9900
27.6891
24.2675
26.6270
26.0779
25.7986
22.6453
21.8639
26.1582
27.2256
23.7113
26.3539
31.2616
20.4748
28.7442
18.4493
25.0471
28.7932
20.9276
27.0070
30.2355
24.6708
20.8497
24.5613
23.2731
23.8018
21.1503
24.6883
23.1289
29.6121
34.0515
29.9160
22.1230
22.5806
22.1345
30.0330
21.8539
21.3756
23.0196
30.5383
27.5836
23.8794
34.2438
25.2815
29.9030
29.5768
18.9510
16.8166
24.3141
26.7884
30.5432
22.7780
24.8920
26.9547
27.0806
31.2541
25.5602
30.6973
30.3798
25.5583
28.5647
27.4508
20.2352
19.2326
17.8812
16.8702
21.5638
23.2326
24.3288
26.1159
27.1177
26.6720
26.7175
22.8488
25.2029
24.5264
29.9122
23.3664
24.3606
29.9487
21.8686
28.2787
32.7807
27.7105
23.9383
27.0775
32.6648
22.8383
31.2349
26.4377
23.5603
22.5928
24.9968
23.5059
21.7562
20.1087
27.7588
26.5739
29.9212
29.5430
26.0425
27.3724
31.3062
19.1793
28.0610
20.8209
22.5392
26.0627
32.1049
20.9165
18.9566
21.8400
27.7980
29.8535
29.6687
27.2569
23.0540
32.1687
19.4746
22.5979
22.8481
22.6269
32.3809
21.4544
23.1271
20.6156
22.0054
20.1996
28.1040
22.8740
24.6936
30.0046
20.8753
30.1397
32.4266
26.7551
22.7686
22.7383
28.5007
22.9950
22.4108
24.4778
26.1774
25.0799
19.3386
19.1800
28.4099
23.2155
23.7053
16.5917
17.4087
21.0205
20.5158
24.6990
25.1012
19.7545
24.0557
28.9252
24.8831
26.9534
25.6072
25.5798
17.2032
19.8429
23.7397
19.5864
25.4977
24.9636
27.3470
20.4190
27.8588
25.6033
31.6157
17.4803
31.9419
25.9722
26.6297
20.8852
18.8076
27.7773
24.6667
29.2986
23.7644
23.0182
19.4702
29.9330
27.3769
24.4597
25.5833
25.6657
18.6009
24.9596
19.6073
26.0621
29.3798
23.3635
20.4731
20.9412
27.4583
22.8468
23.8486
31.6303
21.0829
20.0244
25.9353
28.9442
30.7192
20.1515
19.7129
26.1812
27.4593
22.0727
21.6455
25.2953
21.5695
22.6071
25.1857
27.5101
29.6023
20.5252
18.0053
22.1732
23.9845
22.1142
25.2794
24.1527
23.4320
24.7033
30.3905
28.8162
23.1891
20.9749
25.8003
22.4648
21.8864
28.0341
21.8451
21.9534
21.5768
18.8532
25.8743
22.1649
26.4978
21.1051
24.3380
28.5877
21.1405
23.8103
22.0464
31.5730
22.3320
19.9268
20.7444
20.3841
27.0155
20.8856
20.4299
22.7087
31.6167
26.5604
19.2205
17.7370
20.9750
33.9708
23.9290
24.6159
20.4785
23.3898
20.7310
31.0610
16.7323
26.8746
34.7963
22.1101
22.1929
17.3483
29.2319
23.7885
23.2490
22.9653
22.4008
20.7594
28.9090
25.2293
29.9191
21.4430
24.5177
19.8547
23.6818
22.3540
22.1031
31.0976
26.1831
26.5756
26.4565
27.9635
22.2184
25.3620
24.6153
27.1409
27.3817
22.1299
22.4211
15.5494
27.4919
25.3687
16.4736
26.8638
30.8683
22.6849
23.6620
24.3344
22.8293
27.0184
26.5241
28.0582
19.3775
23.2913
20.5613
27.9125
23.0919
24.3018
29.7970
29.1583
25.9297
21.2117
20.2000
26.8383
25.3537
20.5243
24.6753
26.5281
22.5064
19.1932
21.8503
27.4996
33.7297
23.3063
22.9363
28.8698
25.9792
30.0429
22.3677
23.4642
29.3745
19.1900
19.5233
25.6583
30.6589
20.3286
24.9050
25.0846
23.1522
24.0714
24.7949
30.1499
25.1982
22.4292
31.0108
22.9566
19.5376
22.7012
23.1005
24.2784
21.8990
32.4540
20.5085
27.3033
15.8559
21.0125
24.7452
35.5220
22.0117
21.3912
24.8112
23.9994
27.5918
24.8610
22.9285
33.6474
23.5308
23.4605
29.2078
27.0322
19.6165
21.3453
22.9578
20.2658
25.7708
29.1938
31.2000
29.0981
21.5996
24.4262
22.8186
19.7618
22.4515
23.3203
25.8408
26.1849
20.1052
21.7954
28.1365
24.1226
24.4607
23.6917
22.7330
25.5873
18.1481
24.2666
18.6787
16.8076
26.3112
27.0914
21.7272
19.3407
24.0699
30.9420
27.7964
27.0078
16.5083
20.0787
19.3969
31.0240
21.4708
33.5275
20.3928
29.1590
31.6670
19.6424
31.1756
25.6856
20.2694
17.4153
32.3533
23.6719
29.6999
23.7529
21.0501
33.4699
27.0595
27.4081
18.0981
22.2730
25.6079
16.3184
32.4186
26.9830
22.2871
19.1749
33.3699
23.5843
26.6293
22.6316
27.0067
27.0170
23.1538
20.7965
24.8485
22.8264
20.9768
19.3661
19.6317
23.5387
34.1064
23.4715
29.9316
30.3767
22.1464
26.5833
18.9305
31.6965
29.9039
19.3352
21.7452
29.3953
24.3003
22.3657
28.4741
25.3229
30.3132
28.6522
24.3950
24.3873
25.8539
27.6876
24.1588
24.3555
32.4902
20.8496
20.0292
29.5880
20.6110
30.6743
27.5091
30.0125
25.1415
20.4428
22.7360
21.7463
28.1954
20.4850
21.1747
29.9830
25.3003
20.6164
21.6179
27.7397
25.4862
19.0019
27.7820
27.1975
21.2149
20.9557
27.4429
18.7347
36.1004
19.7812
25.8145
36.0802
30.2497
28.8659
25.9991
20.9323
25.3782
17.3130
22.4983
24.2645
19.7923
26.9701
24.0002
24.2509
20.4757
28.6945
23.1792
19.8566
25.2411
31.4198
29.2865
26.6568
27.8496
21.4364
30.0498
20.9074
25.1268
20.6530
22.2727
25.7396
22.0893
30.7542
27.9299
26.2274
24.6522
25.9921
17.1688
26.3167
26.1811
21.7858
25.0635
24.4552
24.5367
24.5720
33.8210
28.5428
32.3318
20.8992
17.2557
23.8143
20.4952
21.5620
28.5493
30.8778
22.1803
24.7781
28.5226
24.0229
19.8577
19.1377
22.4897
28.1053
30.4124
32.0138
21.6486
17.1321
24.3208
20.7651
26.0998
26.3672
19.8573
22.2563
24.4587
22.9547
23.1076
22.3818
26.1357
22.0625
21.9294
22.6674
19.0744
35.1900
20.7447
21.7659
28.0845
23.7120
25.1400
16.9682
24.1303
18.9847
20.9232
20.6042
24.2388
20.5568
21.2108
22.8374
21.7113
20.2763
22.7227
26.6187
25.3312
26.0205
29.9991
21.1539
25.7444
21.3964
21.3362
24.8858
20.1964
25.5708
28.9820
19.3725
23.3042
28.9041
33.3705
24.1640
24.7051
21.2060
24.2947
27.2006
30.0118
29.0182
24.0377
22.3928
19.5465
25.7694
21.6210
29.1898
22.5732
22.5071
29.1219
21.1286
20.7131
20.7139
24.5922
21.0156
28.0233
24.8427
20.1938
20.8278
19.7458
20.7529
24.4810
37.3736
32.4132
29.4473
23.8929
22.7328
28.8882
25.2067
28.3967
23.0343
24.9966
23.1514
28.6887
22.1416
19.3304
17.8629
26.4461
30.5295
19.6123
17.6609
18.3291
29.0927
21.3490
28.8808
26.0729
23.8231
19.1385
20.2735
25.0612
24.8301
24.8620
23.6569
29.9900
26.5206
23.6154
21.3421
27.4620
24.7152
22.3090
20.1619
19.6386
29.8706
26.2166
26.3938
24.4446
24.9398
20.1796
28.8245
23.1509
23.1851
31.5759
25.1830
30.3481
21.2279
20.6004
21.4821
33.1934
23.8140
26.5337
25.1833
26.4558
29.5090
25.0398
32.9981
34.0855
24.7964
26.5029
26.9951
24.7810
20.1988
26.9672
23.5772
31.1043
28.3947
23.4079
20.1970
21.3316
24.1985
24.2913
19.6729
31.0720
24.4998
28.5526
20.3129
17.5119
22.8915
20.1115
24.4612
26.0041
23.7530
28.9255
22.8333
22.9780
20.2854
21.4429
27.1750
17.9099
24.2165
21.2504
18.1620
25.2460
24.3341
25.4339
21.5294
25.9224
24.5277
24.4872
31.4823
28.7869
28.8510
23.2289
23.2065
27.4704
20.4522
21.7238
26.0924
19.5607
22.9701
23.1199
23.3233
21.6496
25.4768
29.3069
27.9513
36.0191
35.0395
17.0613
22.7950
21.2115
18.8372
24.6513
22.0517
29.0128
24.4756
23.3428
25.4996
25.0445
30.9053
28.3880
19.0296
19.8728
28.5878
24.7892
26.4692
21.8400
22.3278
17.3006
25.4401
22.2443
32.7585
26.8289
20.0262
34.0879
17.8322
26.2457
22.3944
23.0880
23.5311
29.2488
19.5703
25.9654
20.8973
25.4054
29.2207
24.2278
25.0049
28.7124
28.1159
16.0992
26.1584
32.6433
28.9854
23.1730
21.3365
29.7300
22.0426
32.0972
29.1811
29.2690
30.4449
30.2148
24.8134
21.7195
21.1193
29.6667
28.0734
23.1104
21.0708
34.2177
30.4762
30.0956
29.6021
24.4455
29.1938
27.5560
25.5728
24.8908
27.3799
23.8409
22.2042
21.4167
23.8444
30.2413
29.2996
32.2714
19.1910
30.0228
27.2316
26.4781
28.6499
20.7931
28.4534
32.3182
21.5554
27.2252
18.4468
23.9949
21.8226
18.8698
23.4307
32.6573
28.9372
20.8102
30.9108
19.6000
27.6446
27.7846
27.7027
22.5107
19.0867
29.2474
26.4454
21.7732
29.8448
32.6472
25.7882
22.6201
20.1333
18.5381
22.8678
21.0827
19.3923
25.3399
25.3518
18.3452
18.1663
21.8285
24.7133
25.1202
22.6232
25.1946
31.3658
24.7789
25.7642
30.0078
19.5683
23.7725
32.0835
24.3359
26.0642
25.1833
23.7055
28.5697
21.2219
24.8741
21.9709
26.4269
24.4065
31.9493
22.2043
32.1322
35.3887
24.0099
25.2318
29.8012
27.4017
19.7049
30.5160
21.3607
24.8431
26.6717
23.9295
30.7951
21.9530
21.7920
27.7988
26.0981
25.4021
21.0862
22.1940
25.1139
23.4860
26.3958
22.7787
26.0515
28.8060
24.8688
29.2268
23.7317
23.6654
19.4301
19.7417
17.4190
18.9616
23.4364
22.4100
27.4826
23.5915
23.0419
25.5272
30.2707
23.0525
20.0408
23.4469
26.9383
23.3839
27.6046
27.6474
24.1074
21.5020
19.2726
22.1311
20.0797
25.0504
21.1576
25.2291
17.2499
23.2954
23.4722
22.3440
20.4793
26.3908
24.2698
25.2654
26.5947
20.5207
26.9238
28.7120
23.1221
30.1142
28.6676
23.4037
24.3725
25.9235
24.3906
24.2787
26.5819
34.2510
21.7041
21.3508
16.4368
22.4583
24.2347
21.9715
21.5967
31.6238
20.1504
24.0488
23.5625
31.8818
32.6118
30.8963
19.3312
22.8326
20.9346
24.4302
23.4011
22.0687
21.8094
22.5418
25.7817
26.4587
27.8189
25.4766
31.2324
22.9753
26.0984
21.7537
23.1941
23.4735
33.9243
20.3512
26.3398
24.0455
28.7892
18.9938
20.3724
20.8370
28.7989
24.2105
28.2043
19.5628
25.6625
19.0308
27.6619
17.1380
20.4147
28.0878
22.3639
24.7364
18.7307
24.9142
22.6260
29.9321
32.0460
32.5490
28.2948
28.5746
26.4263
24.0334
34.8678
23.9405
17.8293
28.4349
20.6999
33.2737
22.0058
27.4025
22.3650
19.1067
26.4373
23.3622
19.5132
21.5647
24.3363
23.1937
28.0986
24.0700
29.8074
22.4244
26.3275
25.5696
29.3343
22.4263
26.8774
24.1446
16.7384
26.0269
24.8781
28.0903
20.1515
23.6936
23.9975
23.9271
28.9042
18.3268
22.1263
18.1692
25.2046
25.6495
29.4519
18.8085
19.9452
23.9472
23.1771
26.1474
26.6369
24.6358
30.5929
30.6321
31.8783
19.0479
17.9348
28.4667
30.9119
25.7841
22.5646
30.1607
21.3888
27.3134
22.5070
22.2671
26.6492
25.4866
26.5660
23.2502
31.0656
32.1930
20.5175
23.0978
24.8602
21.7072
27.0149
20.5869
28.3871
22.8361
21.8648
26.9920
17.4020
21.9976
27.0345
17.3079
27.1280
31.8047
30.5248
30.3647
22.6682
29.4871
27.9164
27.5629
23.6418
22.7852
26.1168
29.2021
22.7691
21.6582
26.4846
20.8629
30.5480
21.5598
21.3900
16.0522
26.1605
19.5253
21.3476
25.4767
27.8137
21.5078
32.6710
28.4539
19.4029
20.6367
23.3360
25.9072
25.0102
26.8206
27.2983
31.9364
23.0312
21.6567
20.1308
22.6816
20.2393
25.2459
27.3568
19.4277
22.5792
26.7069
21.5654
27.5044
25.6146
22.7415
21.8682
24.4640
31.3770
33.5565
23.7607
31.7309
28.9927
29.9941
25.3099
21.6574
26.1102
22.5976
20.5884
22.7318
21.6423
21.6168
21.5523
26.2660
28.0419
25.3339
29.0002
27.5885
26.7213
26.8712
21.3305
24.3601
25.6994
27.1534
22.4853
27.3013
26.2421
23.2580
30.4921
21.8305
19.5470
19.1822
23.5358
25.1511
24.3292
23.8765
27.3958
24.0379
22.2031
23.7337
27.2136
21.9310
21.7372
27.3259
23.9850
21.4821
24.4716
28.5779
21.8325
22.7524
26.9926
20.5211
31.5974
21.7334
29.1067
19.4281
26.1454
28.1593
19.9420
26.1027
25.0917
26.9639
27.1562
31.2031
19.3693
23.1258
29.3428
19.3354
18.7645
26.6056
30.7732
26.3773
21.2831
26.7993
24.4940
25.4474
28.2794
30.6791
30.3325
27.0724
20.9784
29.6351
20.5941
31.4829
22.4256
20.7341
29.4811
19.4096
22.5651
25.0107
27.2594
31.2234
23.4030
28.2831
29.4347
22.2562
29.7556
29.9449
23.1516
27.4544
29.9956
23.5489
24.6109
21.1570
23.7158
25.1859
22.3114
27.1922
25.1320
26.5044
17.3020
27.3468
25.7308
30.4115
25.6754
22.6333
23.0178
26.4621
26.0117
30.9179
25.6262
23.7112
23.5061
26.9701
21.8221
35.0419
26.7252
22.2484
22.0451
18.9045
23.8386
28.9564
23.5468
21.9775
28.5173
20.3932
28.8240
24.8900
25.4742
19.4221
26.1511
22.6171
27.1489
22.1260
21.3427
18.8810
22.7067
19.9333
28.7956
24.0005
26.4697
23.9241
20.3617
21.1920
19.8120
28.0850
23.8669
26.0318
25.6013
20.4242
18.6211
19.6445
24.8175
21.3934
27.3378
28.2637
20.0971
26.9191
30.4920
30.3336
21.3887
26.3098
21.0716
24.5720
19.2742
23.0013
20.0772
26.1880
23.0030
31.0540
23.7593
24.1677
28.0225
22.5784
26.5535
18.3379
26.1802
23.2470
26.8200
27.8574
24.1442
23.5122
31.3005
20.8442
26.1990
23.4842
31.8521
25.7565
18.3313
18.5299
29.4112
22.5869
21.4790
25.3297
20.6566
26.3335
23.4282
26.3175
20.2819
27.8297
19.6414
26.8882
28.0145
19.0973
36.8291
27.1567
22.5287
32.7535
27.2776
23.2001
30.5432
27.0654
22.4904
18.7169
29.0490
27.4082
27.1773
22.1487
