Orientation_Correlation_Function
0.559927496588881
0.3389370912304377
0.20221426312949464
0.12028815116414407
0.07203422114276926
0.04374488007187453
0.026580021684545645
0.01585282413494116
0.010010739034469782
0.0060873830496991285
0.004238723705369496
0.003102114317224914
0.0026730612246831393
0.002511176607633776
0.0025164717228464907
0.0022302216033704947
0.0017108849832725172
0.0011528144572624782
0.0011594461425903865
0.0009960351229119503
0.0008798215285041078
0.0005572459537309381
0.0002681909543228964
0.0003941078652726719
0.00012355865445106852
0.00010949341258320297
0.00017318864235644772
0.0001275795260258019
0.0
0.0
Avg P-P distance: 5.477391726930336
