26.9920
29.1321
23.1971
18.3762
23.1914
23.9363
31.6443
21.1751
18.0214
24.1962
19.9403
24.0644
21.2699
29.2432
25.3407
20.3730
26.2918
33.4720
19.9016
32.4595
25.5454
20.4506
23.7226
22.2533
28.9039
25.9724
22.4863
24.2565
29.1119
21.8303
19.2668
26.2976
16.0075
24.8998
25.6562
26.5970
19.6403
26.5617
21.3344
31.1389
28.8069
24.4752
18.4966
27.4617
30.1372
20.6722
26.0149
26.0980
20.6985
24.7992
25.7375
30.3015
22.3741
19.3236
24.6430
28.0716
20.8092
27.6777
27.3620
24.4114
18.3561
19.5080
24.8386
24.3534
30.2122
24.4109
23.9526
19.4371
25.1673
18.9160
32.9279
17.3661
30.5326
28.4169
23.8835
20.8464
20.1156
24.8591
26.0707
28.1857
23.8814
21.3718
22.8465
25.2524
28.3833
22.0874
24.7067
23.1325
30.0804
24.6512
23.7461
24.8093
25.6935
28.2185
24.0228
23.0191
20.7396
22.2742
31.8519
27.4864
25.1970
21.8405
19.6435
28.3413
24.1849
24.7962
29.2711
19.1764
20.8590
32.1628
20.6606
25.9576
31.8613
28.1111
23.3817
29.2915
26.4472
24.7764
28.4888
27.7208
24.0885
29.7423
18.4097
25.2980
21.5016
33.7458
22.5877
25.8803
25.4263
21.4513
18.1239
20.5210
21.7529
23.6848
25.3837
21.8608
27.4271
20.7252
21.0346
26.0332
26.4970
20.1586
21.9274
20.9551
26.9413
18.6039
20.8781
24.1653
18.1538
25.6842
19.4114
22.8834
22.1387
28.7623
20.5277
32.2255
21.2340
21.0742
29.0979
25.8931
24.0184
27.6580
24.6694
27.7391
26.2813
26.3578
28.5971
23.2065
30.2681
24.9350
28.4929
23.1400
26.2729
29.5520
30.3248
20.2879
24.7549
27.8738
18.7342
34.8612
23.5928
23.4084
22.6581
24.2545
26.7518
29.0347
27.2173
24.3855
24.4554
24.7825
23.7809
19.6059
30.4802
30.1499
21.6608
24.5162
28.8422
26.3819
22.8813
25.0591
36.4617
23.5980
33.5097
22.4535
21.3353
32.6413
18.9186
22.8445
28.1682
29.8671
34.3427
26.2293
27.8442
21.6562
25.7726
31.1811
27.7264
22.1445
15.5830
29.3899
27.2186
20.7634
34.2210
25.4475
33.6253
27.2258
21.7834
21.6556
19.6015
22.0668
19.7811
25.6541
29.5408
16.9252
27.1016
25.6427
22.4832
23.0040
18.9403
33.0766
19.7997
28.9284
32.9170
23.0465
23.0736
26.8163
31.1919
28.1636
24.6989
26.2811
21.7835
28.8892
32.7966
20.6571
23.3464
26.1792
27.4546
27.5440
25.2878
20.0362
26.7117
21.6248
26.7713
24.7443
22.6277
30.2687
31.8701
27.6481
32.4610
25.6687
28.2093
22.1986
18.0783
24.4771
30.1397
30.5452
26.1729
21.9156
21.4601
22.8038
23.7523
22.0754
21.5052
26.5085
23.5632
22.2618
25.0482
26.1586
26.1848
21.9494
24.9061
31.2848
21.9374
23.6144
27.0221
25.9053
24.1217
20.0876
21.4730
22.3090
30.4170
22.8601
33.7211
34.3494
21.7524
23.9836
25.7167
24.3356
21.2044
19.9877
28.6190
31.1264
24.5079
31.1203
20.0371
28.9873
19.4847
24.3663
21.5877
24.3385
22.3884
23.5311
21.8995
32.3750
27.6391
22.7213
28.9579
19.0428
27.1070
27.7826
24.8366
19.5057
29.6830
25.4152
19.4340
25.0588
25.3258
22.7967
23.1564
26.2150
24.6522
22.8628
26.7926
25.1921
29.3341
33.6286
21.8346
26.9861
21.4455
28.0844
30.1138
25.6446
19.9216
21.8587
28.9947
29.1407
29.1415
24.8655
28.7299
25.0765
21.3191
21.5511
24.4174
23.6354
18.1853
21.2258
20.1255
27.6059
27.2049
27.4706
21.1027
19.0100
20.0491
22.7933
28.1803
28.5243
28.3328
18.6658
18.1570
18.6265
24.2746
32.2208
25.7659
20.3658
19.2796
16.7882
22.8330
25.3298
23.1303
29.3878
21.9423
27.7784
17.9107
26.9155
23.5135
30.1884
32.6235
26.0087
22.4849
26.2539
26.7789
22.1984
32.3054
18.8016
26.4061
23.8648
33.3018
18.8628
28.1289
29.3625
25.0276
23.5008
25.0119
22.5723
28.8328
26.5508
21.3952
20.7643
25.3368
29.1868
22.4911
26.3505
25.1055
30.8032
20.9417
28.1939
25.9843
25.1937
27.3101
32.4261
29.5606
22.5866
28.0546
20.7033
23.7008
19.0416
19.7315
25.5749
26.7579
27.5956
33.9184
28.0256
20.4100
30.3458
22.5846
26.6408
24.4624
26.0475
24.8619
27.0415
28.2281
27.4537
21.4248
31.0511
21.5958
23.2646
25.3478
22.8607
25.3113
27.0874
29.9152
22.0343
24.4466
24.9232
22.3404
33.6517
28.1028
25.6523
18.6517
21.3880
27.2424
21.3470
34.6498
27.4927
22.1859
23.1199
24.3539
22.8613
31.8097
24.1067
26.4886
24.7405
24.2013
16.6978
25.7546
27.3752
18.3183
20.8236
24.8303
27.8444
24.5930
18.0307
24.7794
30.7192
24.6960
24.5712
28.7651
19.4875
24.0559
33.8452
27.9520
31.1875
19.5730
29.0664
22.0956
26.2150
29.2782
24.3958
19.7109
26.7693
22.9325
29.1986
22.7307
21.2903
32.1626
28.0507
17.4546
29.6216
26.0197
21.1597
30.5837
21.3596
20.9282
23.7842
19.0413
19.2027
27.3348
25.0794
22.2183
23.9530
17.9116
23.2627
24.0895
24.3970
19.1715
25.1382
26.8515
26.3143
23.4822
28.4923
20.2816
27.8188
30.3509
31.5251
21.9794
25.9119
26.5736
24.8040
28.2173
23.8682
23.5541
31.7159
26.1844
33.5010
20.4396
20.5134
27.0533
21.2218
20.5478
22.6068
22.2895
22.0098
24.0878
23.6644
33.2935
21.4736
30.8555
24.0431
30.0794
29.1315
23.8101
18.9294
24.2447
27.3249
24.7017
24.5838
29.7211
26.8210
26.1529
29.2443
19.1698
29.6031
30.1644
34.7490
24.9926
28.2882
17.0523
20.6414
19.3650
20.8838
22.2082
20.2754
22.3233
30.5492
23.1288
22.9465
21.2988
21.6201
26.9241
24.3689
25.7817
23.0673
22.6988
26.1854
25.0439
24.0596
29.9036
26.7840
27.4439
20.2196
27.8844
19.7850
18.6220
17.8313
21.6406
25.2134
30.6842
33.4296
23.0418
26.8070
19.6109
28.6214
25.1634
26.7697
20.4025
26.6161
25.9057
23.2604
28.1220
19.7753
30.4723
24.4331
22.9572
25.4076
24.6678
23.1630
25.0753
27.4381
32.0991
28.6420
24.1812
25.7506
29.7040
21.5960
21.3085
29.6483
24.9298
24.1406
20.3745
26.0831
35.7055
18.7236
22.7784
29.7953
25.9409
18.7340
33.0706
22.7886
24.6819
24.6323
23.4706
22.0027
26.1394
28.7411
34.9994
26.3573
31.6192
32.5537
26.7598
27.3480
28.2767
27.7100
30.1002
27.4200
30.8375
26.0113
28.2500
19.8970
20.2332
30.2795
27.7295
20.6868
28.8975
21.7547
31.4517
19.9789
23.3661
30.5787
22.2213
20.6615
26.1507
25.9686
20.1613
28.2103
21.8011
28.8093
19.5648
28.1801
22.5760
20.9690
18.2934
21.3499
20.5797
18.7576
24.8674
25.6248
20.1657
22.6571
24.6165
27.1324
27.9497
18.5962
24.4258
24.5684
35.3994
29.4910
30.0949
27.7017
28.5220
29.7763
33.1655
27.5360
23.0329
24.9690
33.4260
22.5874
26.0417
24.0178
24.4703
29.8598
28.5087
30.0284
32.9381
19.6713
27.3487
21.0482
21.8655
26.4942
23.7279
23.0348
22.7330
17.1333
25.2109
28.4142
22.8583
20.3411
24.6504
20.9882
18.7245
23.7258
32.4614
20.2197
21.4323
28.9109
25.7440
27.3450
25.4532
33.1373
23.0249
30.1078
22.1216
26.0388
20.4736
23.9246
18.9093
19.6732
28.0617
20.0799
20.0654
35.3293
16.8936
26.5024
19.8102
23.8384
22.3089
24.8041
21.9895
25.0395
17.9354
19.4207
24.5075
23.9071
23.0294
28.0221
27.7758
25.7766
23.6434
25.7321
22.6254
24.0528
28.1580
29.6959
27.7859
27.2027
22.4345
33.3730
25.3175
30.0208
27.9108
27.8458
28.1656
31.6769
28.3487
25.1894
27.1992
25.6242
22.8975
20.7873
29.9747
21.0534
25.5480
24.1039
25.1884
31.1281
26.9324
21.2158
17.9458
19.3389
21.7072
29.8646
29.8664
22.4892
27.7723
24.2468
30.8959
24.7002
25.4252
15.2393
24.8361
23.2493
23.2970
23.6913
31.2435
25.8182
20.5886
24.9428
31.0634
30.8448
27.1037
30.7709
34.0288
20.1530
18.8966
23.7842
25.8937
25.3809
20.1716
27.6456
23.4169
18.6022
25.8706
27.3280
25.0581
21.8473
23.9914
30.9520
18.3802
29.8012
19.3388
20.9313
30.5374
30.1831
28.1475
24.5988
29.7517
22.2511
24.3583
22.2426
18.9656
19.5226
29.7743
28.0074
28.0591
23.6417
25.1792
22.9919
24.4730
20.3945
22.5977
25.7974
31.2710
22.1627
33.6090
23.5141
26.1255
24.6993
30.6190
26.2032
24.8567
22.2556
30.4392
20.2255
20.8986
25.0622
28.0252
26.8187
17.2205
17.5644
29.7073
30.2415
20.0275
25.6094
25.6365
30.6223
28.1863
30.6806
23.1486
17.8945
26.6821
19.9192
24.0393
17.0666
26.4611
28.0801
27.7798
23.4007
23.0647
23.1205
22.1351
27.4277
29.1338
22.3266
23.0982
36.8174
25.6413
25.3919
21.7411
23.3332
27.0559
23.0265
31.3709
20.3998
28.2714
18.7663
29.6906
21.9789
21.9880
32.8030
25.6994
22.6375
26.9430
22.7037
35.1619
29.3121
20.4382
19.7562
24.7702
16.9611
25.2673
27.6117
27.8223
23.7045
18.3033
20.3707
26.7553
24.0941
19.3762
32.0530
29.3693
22.3316
26.8867
23.3368
31.3327
19.3412
25.4042
26.0259
32.7448
27.7850
24.5690
19.7044
30.7218
31.4247
26.8910
23.3901
18.6822
30.6459
25.9746
30.0855
21.9179
29.0330
26.0339
25.5249
32.4292
23.0237
24.1002
34.3398
26.1644
19.8447
26.2743
23.5733
20.5405
20.7979
29.8308
21.6978
27.8402
30.1374
28.8026
27.2479
24.4528
19.5809
22.8762
23.0852
30.2229
23.3694
22.4753
22.9129
32.1360
23.8413
30.3960
28.0786
20.3128
17.9524
19.2468
28.9310
22.7487
33.5644
25.9059
27.2183
24.6318
18.2575
26.2610
20.6459
26.1673
25.2655
28.1625
32.7460
26.1775
29.2596
25.9848
21.8447
26.1011
22.0367
25.4103
26.1383
29.3532
18.0640
33.7965
21.1999
21.0326
30.9597
18.8063
33.1846
16.9403
26.5281
24.7553
21.2404
29.9925
25.1614
19.1172
26.4653
23.7788
26.4093
25.0442
21.6511
20.8131
18.6595
29.9750
24.4296
28.2889
28.9331
31.9466
19.3115
28.6733
24.1926
21.4602
26.0819
22.9011
23.6450
31.6210
24.7969
24.5467
26.6543
26.7596
25.9162
28.6769
25.7302
22.8940
22.1036
28.3344
19.2117
22.2883
23.5510
29.3524
21.1789
30.7152
17.0857
18.1910
25.6830
28.3186
23.6552
28.0390
30.9575
27.2105
23.6121
28.3511
30.6874
32.4159
34.2808
33.2242
26.7203
32.7298
26.9768
22.7338
20.4947
20.4542
24.1496
30.5986
27.6222
16.2501
23.6861
19.8752
24.1308
26.5633
30.4697
24.1904
25.7737
29.6594
28.8388
29.7183
17.7147
23.1735
24.2307
27.8267
25.9172
30.8013
32.4485
21.3899
19.9422
19.8799
21.6728
23.1190
19.6345
31.7306
28.2128
23.9244
27.0720
23.3001
32.2099
22.6529
27.3111
21.7607
27.6921
24.3891
29.8676
22.5810
24.2339
17.9685
18.4792
26.5706
24.9720
25.9109
24.6350
30.5813
25.3359
23.6284
30.0605
24.3415
22.9328
24.3146
21.9984
33.0897
25.0922
20.4762
28.9926
24.6285
28.8341
27.8480
24.9628
21.5382
23.2802
30.5218
25.4157
23.2949
17.9620
22.2742
29.1072
18.4897
29.4261
20.4303
24.9076
24.9870
29.1343
20.5422
26.1587
20.1173
27.3454
28.8125
21.8643
31.5401
28.8329
22.1981
28.1539
18.4097
24.1474
19.0122
25.3502
22.3838
23.8668
25.1535
22.1985
31.2914
20.6120
18.0981
23.8927
26.3093
27.6550
34.2367
22.4711
23.0508
17.3708
22.6689
20.5939
29.7521
19.5499
25.0731
26.6778
24.0153
16.0246
28.9199
22.1870
26.1827
27.1997
20.4421
15.2611
31.6401
23.5202
20.3101
26.6713
21.7092
23.2715
27.6285
21.0254
21.5038
21.5571
24.6606
25.8062
24.0585
24.5567
31.0633
22.1839
25.5660
24.1195
28.5883
20.6049
28.7413
28.2871
22.1921
22.8735
26.8539
20.4209
28.4966
25.3608
20.5048
25.2747
27.8957
26.6356
21.5576
27.8979
26.0556
19.9251
20.2779
27.1401
30.5321
28.5172
20.4063
21.1089
24.4325
18.9863
31.4487
23.7499
25.2821
23.9499
26.5112
25.6215
21.5466
20.5561
22.7842
28.5761
30.1149
24.7417
22.4753
24.5485
28.5291
24.7397
34.1932
26.4770
20.3411
16.6278
17.8169
21.4159
17.5131
36.9282
26.1106
22.7308
23.3535
27.2550
22.1020
24.7370
25.5023
19.7295
25.2425
25.6977
20.8403
25.9143
27.1393
29.5199
32.7520
21.1370
28.1988
25.1503
19.0126
29.0125
23.6803
28.9705
26.2718
28.0359
25.6155
21.5069
27.3651
29.6966
21.7775
28.0431
29.3030
28.0713
21.8330
26.9628
27.5964
26.4410
25.2828
22.4352
21.4188
22.2976
26.9987
23.1869
21.2376
28.0113
24.1718
24.6708
25.3731
18.5692
26.6443
21.1553
19.1637
26.3662
25.4290
20.5663
28.0949
16.9017
23.3718
25.5510
22.7135
20.0147
23.7575
25.5338
30.6767
25.7424
22.4354
28.8066
19.9316
23.3955
30.0993
24.0117
21.7074
32.5359
20.0318
24.6255
17.6099
27.8340
17.1896
30.2008
30.2147
29.2527
28.5757
26.8114
35.0647
26.0173
29.4681
23.2427
33.3162
28.3538
19.6691
21.5355
18.5997
24.4348
22.1885
21.4731
24.3539
29.4736
28.4138
25.4308
24.3554
25.2863
21.9978
22.4002
27.2875
19.1777
22.6956
22.1221
25.8626
23.1962
25.8923
25.1841
26.9185
21.9895
26.6306
23.1998
18.3161
32.4806
27.2083
27.6474
26.3642
25.5584
21.2081
34.4777
26.0970
35.8910
29.1692
21.9249
26.5110
25.6155
31.6778
20.4594
22.0245
28.0366
27.8917
28.7678
28.7934
27.3968
21.5493
30.7452
27.0069
22.4656
20.0614
33.9708
28.4477
21.2707
26.0816
18.5871
27.6865
14.5865
17.5745
32.4881
27.5401
27.4299
24.0094
19.9939
24.6356
22.9981
18.4782
28.2528
25.4577
35.0349
24.4927
23.2445
18.1029
23.2478
31.8027
24.5749
30.3061
28.3615
22.3706
25.2076
28.9397
35.1799
21.1383
28.1011
29.7862
28.5851
20.8631
27.9281
29.0163
21.5703
34.5450
29.1624
35.2706
25.4425
21.5529
24.8928
22.9701
23.9769
24.6408
20.9892
16.8306
29.4298
25.9953
20.6786
30.7969
20.8247
23.6366
29.9841
27.5668
27.9610
18.4844
30.1715
22.5621
30.9816
31.0905
21.7024
27.3792
28.2445
29.3084
29.0460
22.2182
32.7992
19.0933
18.1420
28.8540
27.2955
21.2342
23.1223
20.1346
23.5264
16.9856
22.5924
21.0724
34.2554
25.1401
20.7016
27.9752
28.0654
26.9763
32.4957
31.0579
23.3947
28.6467
20.4407
27.6563
21.0190
25.1504
29.9188
26.2855
20.5976
22.7180
24.5720
34.1727
23.2280
20.5384
24.1915
26.6036
25.6750
21.0228
25.2018
22.1592
26.5816
29.4372
23.5416
32.4611
19.6718
33.0298
28.4412
23.9321
27.5958
24.9786
22.0370
21.8233
29.6632
32.3813
32.6580
26.4677
21.6088
29.9944
29.3708
21.3615
32.6242
22.5983
22.2640
21.4079
25.6077
18.2799
22.1751
21.8439
20.1913
26.1990
25.6214
28.7392
27.8454
23.3657
19.0961
22.7448
25.7919
30.3067
26.6389
34.2643
22.2170
25.0056
25.1322
17.8598
21.9106
28.3707
34.2107
24.9274
28.0808
31.0469
29.7468
22.2241
27.8302
21.2928
22.2135
27.6054
24.3679
25.5280
32.5506
25.3527
24.7220
25.9402
19.4019
20.8338
29.8098
28.7433
18.9755
27.1598
22.6455
35.7975
26.7865
21.1836
28.9997
30.8870
28.8116
21.4381
20.4290
17.3389
20.1209
32.7969
31.3362
23.1338
27.4778
21.7662
26.1496
26.6443
19.2301
29.2853
23.8810
21.4040
24.3362
26.8335
28.8351
21.8401
30.8034
18.9099
22.3036
26.2078
27.4660
21.1710
23.1394
28.4631
25.8239
26.8014
25.6504
23.0257
26.8008
25.0023
29.2391
21.9313
23.1818
20.8876
20.4255
25.0362
21.7811
22.8401
26.0627
19.6455
24.3423
27.0446
24.3490
33.5686
21.9538
23.7297
19.9021
26.0728
29.9638
21.3783
27.4866
25.6193
28.4408
27.5040
20.3848
23.1742
32.6978
25.1911
30.7390
25.1469
31.5311
22.2084
26.4225
17.5547
27.6809
19.8180
20.3151
21.3187
23.8854
22.3213
23.7662
21.2014
24.9233
19.4686
30.2259
25.4150
27.6133
24.5760
27.6060
23.3855
30.5163
25.3286
31.0793
20.0504
27.0919
23.7007
23.5738
23.4702
22.9703
26.9034
28.2594
25.6296
22.0183
28.7280
22.3395
20.8941
21.1747
23.5917
26.3757
24.1958
27.2903
20.0001
30.7491
28.7903
28.5550
26.6105
25.2533
28.6753
24.3628
21.1635
24.7034
25.2279
19.0479
20.9867
21.4851
28.2852
19.9712
18.5051
23.9516
21.7332
31.4168
17.1421
24.4499
21.0692
30.0374
32.4197
33.0827
25.4215
27.1867
24.6707
25.4641
31.3586
27.9987
20.9521
27.3088
38.3774
25.3825
20.2521
18.0641
24.7768
36.8950
31.3864
27.5136
20.5623
20.9788
31.2482
29.3960
16.8134
27.3133
32.9302
17.5594
15.9249
22.2022
25.9106
21.9708
22.4027
18.9417
17.7550
21.8828
22.6582
18.9370
26.0771
26.1477
32.1778
27.2089
32.5938
31.6207
24.0359
28.9965
19.5175
19.4707
22.8091
26.7033
33.6560
20.6791
29.7948
24.1596
27.4054
23.6269
29.8379
25.4989
31.6158
21.2299
25.7341
25.3239
27.8154
25.8824
20.4757
25.5831
19.8441
22.9860
29.0213
28.2970
27.5416
15.8500
21.7465
22.9938
21.3481
24.1611
24.9249
23.6777
22.5751
23.8006
26.4528
30.0247
31.3793
22.9264
25.9742
22.0738
19.8260
23.1392
17.4543
24.7356
21.9394
17.1923
23.6815
20.9661
26.5041
22.9472
17.2212
28.2185
27.5494
26.0466
25.7846
17.8091
20.6130
22.2815
22.5120
24.8292
33.4018
26.0371
22.7689
21.2885
20.0740
24.7169
18.4967
21.9002
20.4944
20.7713
33.2955
24.5480
22.0415
18.3486
24.7173
21.2543
16.9759
20.9048
32.2668
30.6639
22.0667
23.8998
22.9402
26.5800
33.9324
28.0919
23.5368
30.0299
31.7917
29.0643
26.6648
21.0351
24.3167
24.8285
33.5514
22.4369
20.6077
23.5434
20.0161
28.6753
25.3135
36.0459
27.0310
28.4122
32.1464
25.7994
24.2865
31.5856
29.5689
35.0630
32.9855
28.6928
19.4055
25.3002
37.5881
25.8806
31.7312
22.6555
20.5161
20.0765
22.4595
26.7037
20.3115
28.4851
17.1718
23.6226
37.7343
29.2767
24.5292
28.1167
25.8045
23.5049
27.1538
20.1223
22.8852
30.5894
29.3742
28.9101
27.6106
26.3875
25.8347
31.8172
28.8790
25.6849
31.4947
24.8426
22.2944
21.9851
21.3121
27.6349
25.8765
25.5341
22.6169
21.4128
21.7015
23.0304
24.0738
28.1828
22.9480
28.2053
23.9135
30.1393
27.4193
27.1316
26.8514
31.4518
20.9974
22.4495
25.6024
21.5638
23.8898
29.1755
29.4762
27.5522
28.4744
24.9673
21.1420
22.1294
26.1728
29.7955
18.6435
29.8247
28.0180
25.2866
26.2411
22.2291
25.6744
22.6457
27.9418
21.6577
26.8176
18.4727
21.6552
20.4744
19.5515
24.6973
18.5369
26.3262
28.8239
15.7500
30.4119
30.5135
21.6433
19.1085
23.6752
26.0557
26.3745
30.7793
26.1520
17.2070
18.7912
25.0416
27.0627
25.9519
23.7109
27.5623
18.9277
25.1900
29.7802
19.3420
21.3025
29.8257
24.5804
23.1593
26.0932
26.3932
20.1196
33.0839
23.8206
21.5689
31.5639
27.4339
31.6120
19.8725
25.6529
22.2073
28.5521
19.8944
30.0615
20.7381
20.5848
21.6916
30.7997
23.5946
29.8493
22.9936
20.2481
32.7685
21.4472
29.5005
22.7962
26.7752
24.7441
24.7837
21.3428
21.6445
27.2580
31.6453
27.6626
27.0869
20.4695
31.3032
25.3434
28.6548
31.9038
22.4819
26.6521
26.0094
21.5661
22.7742
24.0091
22.4140
29.8942
25.6521
25.9711
20.9918
23.2998
23.3788
28.6110
24.8498
26.0087
21.6766
25.2338
21.5944
21.6477
22.4859
21.2381
23.1593
27.2981
22.3448
21.3514
26.9610
25.8332
35.0108
23.9667
27.3440
24.2396
27.8866
20.3564
24.0498
22.8796
22.6961
20.5854
24.0661
25.4660
22.6547
24.3790
23.5400
23.6083
23.8891
20.4595
25.0781
22.1630
16.7550
22.4798
26.4187
24.4220
30.5060
21.3497
26.6161
22.1306
24.8805
28.2062
26.2048
17.9124
26.1209
25.0992
24.2393
25.9236
20.1073
24.4520
23.3740
26.0509
26.8422
21.4701
20.2192
26.1773
29.2458
22.4344
25.3561
30.7930
22.4603
24.5218
20.3163
15.6538
21.7209
27.1431
23.5571
28.6462
23.2390
28.8117
27.4821
23.5486
28.9517
29.8046
25.5055
18.4296
28.2171
31.6263
31.8800
28.0091
27.9181
27.4612
29.8728
32.4318
24.4262
22.5345
18.3523
22.7669
28.4293
26.5893
19.8718
26.7963
24.7529
25.4927
19.2400
19.8050
21.7201
21.3433
28.4169
25.3431
22.8161
25.2784
20.5340
18.6961
27.5981
24.0818
22.7092
21.4287
27.5074
21.2722
28.5152
25.9457
28.8495
32.2349
25.2792
31.0677
24.7037
26.1827
25.4066
21.5305
32.5604
30.8374
18.7509
25.7052
28.4099
31.3568
23.1256
21.1286
26.4799
17.2115
26.2017
31.2823
23.6657
26.0126
17.5389
34.1795
19.9853
26.4904
22.1276
30.7111
26.9300
26.4767
24.3445
22.0480
30.2307
26.0368
19.8426
27.8145
18.4445
25.8044
22.5213
29.6444
29.3928
21.6344
21.8465
29.8259
24.7998
28.9116
20.7397
20.4821
27.4736
25.4267
20.4552
18.3622
21.1981
21.7201
31.0292
28.8465
25.5757
22.1390
24.8980
22.7137
25.5508
25.3430
18.9812
30.2154
33.0540
19.9718
20.0166
31.0837
30.7368
24.1948
32.2398
23.1863
24.6358
20.6954
30.2821
22.9837
23.8673
28.4400
31.9589
33.1036
34.5129
28.6938
24.0781
22.5420
27.0906
25.1199
36.5922
22.7166
25.5528
25.3647
25.6176
31.9977
19.7439
23.3152
26.7037
28.6624
37.4039
22.9179
21.6052
22.8088
24.8104
23.7015
21.0780
28.3737
28.3011
26.4986
26.4775
21.5029
29.6209
23.4677
23.6372
27.0893
18.5970
15.9123
22.6649
25.1255
23.1729
27.0833
20.6755
25.5929
23.9101
24.3587
22.3143
23.2812
22.7363
30.2259
24.3155
28.7534
25.2115
22.6920
28.1927
34.6705
27.4664
30.8844
24.8148
23.7177
29.1813
20.3581
19.0219
26.0309
29.1737
28.3904
28.3720
25.5419
22.3445
23.6163
26.6681
25.3956
23.8126
22.3533
28.4857
24.7803
29.4376
21.2482
30.4285
25.6624
23.8138
25.2092
26.1515
31.0923
26.9902
27.1715
31.5128
22.4984
29.3092
26.4919
27.7899
28.1460
27.2503
27.6948
26.1160
19.8555
26.8648
19.1257
32.3156
30.9601
18.8348
25.9101
26.2758
28.8394
24.2798
25.1514
21.8491
24.9437
26.0276
26.2899
27.6476
27.5737
22.6070
22.8995
25.1819
22.5492
30.8150
23.2707
27.9531
19.1278
32.1576
22.5652
27.8992
22.0211
26.0118
31.5519
19.0857
21.8282
26.4777
25.0950
24.3977
31.9357
25.5955
32.9225
22.9013
32.2055
19.6684
27.4555
27.1551
23.7803
26.0500
23.2308
27.0145
26.5564
25.7344
28.2589
20.7740
24.7237
28.2686
25.2027
24.5956
22.9338
28.5351
20.5326
25.1846
25.7750
24.0240
24.0615
26.5328
22.2924
20.7947
26.3318
19.4312
27.0211
28.4269
21.4893
24.8962
24.4265
27.1584
20.4883
21.8383
27.2851
21.6945
27.5216
23.9686
26.5568
34.7439
27.5225
26.5090
26.0859
23.6410
24.3764
25.0738
18.2150
30.3297
30.5646
24.2966
24.7397
28.1598
22.2299
22.5017
25.6954
23.6429
17.3592
31.9344
32.0416
22.3249
27.4400
24.7675
16.9061
23.3984
26.0255
20.8699
21.8568
20.9570
21.2052
25.9412
28.6505
27.5980
25.6601
33.8567
23.3445
26.6974
30.0367
25.5649
26.0540
26.9808
26.4484
31.6262
30.4359
33.0813
16.8371
24.9654
23.4909
17.6691
25.2087
22.0970
21.9134
24.4298
27.2326
22.8057
28.4576
22.5933
24.7867
23.0434
24.5523
20.7786
29.9459
30.5607
29.3749
19.1347
22.9875
23.5939
22.5973
20.0904
28.5807
22.5851
24.0081
17.8938
28.1947
22.0506
28.6162
24.6055
24.9996
24.0561
30.2129
31.9679
24.4745
23.8912
17.1617
21.4944
24.3886
24.7678
24.3070
30.8516
24.6336
22.6794
25.6303
25.6986
24.3973
27.7783
34.9192
26.6853
17.7830
19.9523
19.4639
27.2904
20.6864
31.0207
18.9560
22.2881
23.6211
21.8968
22.5058
23.9764
29.4619
26.3659
22.1101
20.3716
33.9861
24.9564
20.5094
24.5826
20.5664
30.0875
25.6222
27.5052
35.6712
20.7837
19.9126
22.3413
26.2307
27.3964
27.5201
23.6643
21.7696
23.1770
34.1599
21.6155
27.4393
32.5537
25.5441
26.8622
22.6667
23.3740
32.3445
22.7240
24.3313
24.7700
32.7106
28.0337
26.0979
32.5652
21.9802
31.7221
23.9372
20.0119
31.4187
17.6744
22.8470
28.8628
27.1575
24.7719
26.9061
27.7503
31.9300
24.9241
23.5851
26.9064
20.3729
26.6147
25.3583
23.5311
20.6841
26.1716
25.6875
20.6596
27.7153
26.6067
24.5653
23.3996
28.1231
21.4618
25.7687
22.7316
29.8852
23.4076
28.8188
30.5871
17.4061
35.0248
26.0445
27.4993
22.9678
29.8380
21.9645
26.2145
24.4882
21.1194
22.8837
23.9566
30.0495
29.2144
26.2806
22.2674
26.9147
27.0812
18.2999
16.9087
20.3772
25.8828
25.8926
20.5633
32.7194
23.3391
32.2729
30.3911
27.0909
26.3180
17.1354
31.6319
26.7387
35.2863
28.6166
17.5992
19.7217
22.8704
28.7868
28.6607
29.4352
26.6866
25.9377
27.0089
25.8693
23.3029
28.6031
27.3783
20.1860
22.7783
26.7570
24.7627
28.3766
26.0926
28.3739
29.9354
24.4864
20.1022
21.2839
19.2095
20.8282
24.4231
23.4956
21.8217
28.3106
21.1352
19.0991
32.4691
19.6806
24.5021
31.0914
25.6661
22.7811
28.7460
21.0815
24.1569
23.0907
27.6164
22.8927
31.8072
24.1868
23.2356
25.3064
31.8941
28.9667
26.9734
26.8315
26.6120
27.9957
30.3355
22.1343
19.3483
22.0893
29.9036
28.3821
21.7274
21.5843
26.9494
27.0418
26.5408
27.5355
25.7247
23.2799
21.6374
26.2064
22.5129
27.6230
22.8878
22.4692
24.8255
29.0990
24.9010
17.5390
25.0898
21.5434
22.0976
24.3774
25.5072
19.5621
27.1102
31.2004
29.5835
23.4623
27.0247
18.9521
25.6839
24.9617
26.7016
31.8094
25.6549
19.7943
21.8745
23.7240
29.5769
17.1418
29.3549
20.5309
20.8504
17.3071
22.4376
22.9280
26.4442
25.8881
22.4745
31.0532
22.9194
25.5276
15.6450
25.0063
31.9028
26.7282
24.7320
26.5928
36.3709
25.9195
25.5651
27.7072
27.1394
29.3733
23.6204
27.2945
21.8042
28.6344
25.5454
26.8161
29.1480
27.8193
26.1402
29.3860
20.7387
24.7037
28.1266
36.1971
27.7695
32.8193
22.9835
22.4031
24.3639
24.8336
31.1687
24.1310
26.3106
25.9832
28.2002
23.6388
29.8234
27.8484
24.1459
25.3005
16.2855
27.0714
25.2898
33.3983
19.0191
29.9971
25.4961
25.2335
23.8427
25.9480
29.6676
28.5906
22.1507
29.7940
20.9324
21.2987
25.7764
30.7955
22.0957
26.2146
24.6711
23.8276
28.8176
33.3267
20.0246
24.7729
26.5160
28.1526
27.0980
30.7965
26.9359
28.8233
26.8851
28.9967
26.0987
24.2268
32.4161
21.2483
24.0886
20.6034
24.1995
32.0522
21.6700
25.1873
23.4067
24.4967
31.7231
24.2290
20.7909
29.3705
23.5103
31.1815
27.7800
23.5453
21.7665
29.5339
21.2561
26.6638
24.1870
23.3862
19.8151
30.9113
24.4024
18.4653
20.4725
19.3598
32.6960
24.2517
26.9679
19.3099
32.6964
21.8666
22.3191
25.6424
25.6987
24.9804
20.5176
19.4103
33.6200
26.0423
23.4537
26.0466
26.3793
26.2038
22.7789
29.1350
25.8569
31.4726
18.7634
30.7242
27.0256
27.9792
20.7973
22.0419
22.9743
29.2285
22.9531
25.4885
33.5139
22.7521
22.8834
23.3962
31.6885
23.9682
29.9892
19.6511
27.4241
20.7623
14.9956
25.1448
25.7804
26.1107
25.5083
26.7461
27.8965
29.3831
23.7855
28.3219
24.6996
25.8689
31.0552
20.6726
26.3006
26.3600
24.7681
18.6420
32.9354
19.5517
26.6790
23.0165
24.6288
25.1515
22.0519
24.9779
24.4213
23.2152
23.8995
33.6630
27.2723
24.6807
20.2595
26.4448
26.4337
27.1412
25.4549
28.0239
28.8290
27.0175
25.7107
25.3581
23.5544
26.6953
21.3134
30.3995
29.2919
33.8707
24.8171
22.4123
24.2325
24.5958
26.7952
23.2427
26.5342
20.2986
24.9360
26.5409
24.1173
22.7379
21.7741
24.6439
25.4045
19.1130
25.1433
26.0261
21.5037
20.3178
22.8700
23.4211
21.5393
23.3964
23.1641
26.0273
25.9336
18.6623
24.8695
29.2444
29.2929
27.5930
25.5133
24.6676
21.3375
25.7860
23.3610
26.0983
24.0034
24.4096
20.9505
31.2926
21.3603
27.1913
20.3678
21.2623
20.7799
23.1053
21.0330
23.3098
25.5728
16.8709
24.2540
20.1374
22.0264
26.5750
22.9589
21.7138
28.1620
24.1492
22.1740
28.6830
21.8167
19.3616
25.8855
33.5809
25.8520
22.5487
24.4715
24.2399
29.3549
18.5726
19.0493
28.7735
25.0750
31.3204
25.3563
26.9146
25.7287
20.7383
29.4980
22.9239
16.5311
24.9905
27.7010
21.4282
25.6385
31.0831
28.7890
26.2504
24.8041
20.9956
25.2491
21.1497
23.6661
34.0399
17.8579
32.8509
18.6874
29.0720
24.6372
26.1781
28.1670
23.0853
33.3544
20.5797
18.6748
26.1369
23.5407
25.7824
30.9200
25.9416
31.1142
21.7100
28.3773
24.1208
23.7099
26.4426
35.4603
24.9924
20.2041
22.9295
32.2139
21.8306
24.3981
18.7059
22.8552
27.1232
31.3503
18.2547
22.1487
27.4934
25.0612
24.4795
27.5609
20.5980
26.1317
20.5509
21.5913
22.6604
25.0746
25.1503
27.2501
27.3444
21.6611
24.3083
23.6270
29.3221
23.4339
27.2483
30.6194
26.1909
16.6195
26.3858
19.3906
30.0927
22.3624
26.1506
23.4881
22.7807
20.1849
35.0719
26.2902
25.1580
26.4540
20.3588
26.7992
21.0207
29.0615
20.9554
22.9344
29.7374
25.1703
23.3072
29.0308
19.2295
33.5164
19.8336
18.1575
20.5285
23.6495
26.7950
23.8432
26.8102
22.5388
31.5392
24.4013
20.6807
34.1012
22.0807
30.5936
22.3328
29.2489
24.5896
17.6930
23.1881
29.6569
25.5930
22.3703
22.8323
17.5589
26.7203
31.3726
26.2312
23.3400
23.9982
28.9467
26.0217
20.8801
27.7383
23.7490
21.1540
21.9575
19.5460
29.4333
29.6558
27.0398
25.9745
17.9849
24.9342
32.9815
24.4927
24.8621
25.8477
24.0563
31.1122
23.7003
21.3309
28.3437
21.7893
20.8657
22.3070
21.8301
26.8253
28.5115
28.3069
25.1746
27.7501
27.3819
29.7379
19.5247
27.3517
30.4439
22.1864
27.5445
27.1546
25.7317
18.4787
26.7716
23.4640
31.2249
25.0950
25.6455
30.1884
27.1382
25.1597
28.6113
29.9843
22.6990
24.7261
26.3278
22.2246
24.0345
25.9625
23.6487
21.6927
35.4031
22.0932
17.7353
27.2899
29.5797
32.0016
21.1970
25.4643
24.2429
28.5838
27.6205
21.9588
23.2995
22.8111
18.7784
24.8429
28.4687
26.7734
26.9723
28.9222
25.5327
23.4639
26.3131
26.7068
22.8761
25.1983
21.6413
23.0471
24.2057
26.9134
23.0485
35.4647
27.3743
18.4058
27.7903
25.8781
23.5586
25.5759
34.0125
25.1070
28.8686
26.9076
21.7616
28.0678
21.9815
24.5723
26.9519
24.3129
20.7314
24.2330
26.4316
22.3166
24.3794
21.5440
20.5112
24.5914
21.2988
16.4250
26.0910
28.1523
25.5362
27.5607
28.0295
26.6116
24.5551
27.6661
20.0897
28.1808
22.9415
29.3671
22.8657
26.1176
27.3985
22.1868
23.6051
24.5777
25.6015
22.9204
28.0803
21.4727
19.3475
23.1124
28.0096
23.1412
27.0442
28.1123
20.8235
21.1888
32.6969
29.1327
21.5506
26.2626
29.4374
25.9757
30.6269
30.6888
25.0367
21.4435
18.9486
30.1475
26.5650
26.9675
27.5454
21.4157
23.2785
33.4145
19.7386
17.1679
25.9481
27.3138
24.5730
26.3639
26.7786
17.4307
27.5876
23.5228
26.6788
19.6586
25.7793
28.5865
23.9274
26.2367
25.0963
24.2913
25.2979
19.9540
24.5626
24.0889
24.9993
19.0120
21.4762
21.2523
27.5110
25.9971
21.7721
31.3543
25.4581
30.5788
21.1266
21.0843
22.1655
24.5345
40.0597
29.3426
23.4679
18.0625
25.1199
24.4936
16.2305
23.7569
23.1746
26.0297
24.6181
30.5819
26.7637
23.3139
27.3078
25.1139
26.8436
30.2720
23.2803
24.4473
24.4042
29.0392
19.1281
22.7622
18.9914
23.1817
22.4703
21.8894
20.9577
20.0424
21.3743
20.7485
22.3100
26.1991
27.7005
27.9571
24.7256
28.6074
29.5593
24.7565
20.5140
22.7717
22.9469
18.9087
22.2197
28.0881
34.9605
29.2928
27.3578
24.4286
29.0426
30.9149
19.6208
27.1337
27.7742
21.2687
16.4842
21.2439
22.7074
26.0022
22.1988
21.1960
25.7345
26.0489
21.2401
31.4875
25.8775
28.4750
30.9999
31.2749
20.1635
30.2348
27.0327
26.6489
18.0978
31.7268
22.9311
24.7869
34.9320
31.7497
32.3180
18.7607
16.5284
22.3472
33.3388
30.0705
28.4753
17.6464
21.9012
19.6537
22.8354
25.6051
24.9309
21.8833
26.4987
30.3714
33.2554
20.5329
24.3640
28.6253
31.9193
26.8344
28.8773
19.5393
23.9337
32.2657
30.8152
21.7269
21.5277
29.8701
29.9461
27.2523
17.2096
23.9276
17.5082
20.6547
25.1348
20.2645
18.1046
29.3047
30.4867
21.2725
24.7772
27.7112
27.7961
23.8718
34.0467
33.8352
31.0649
24.4061
20.9589
28.6209
22.6049
26.7732
20.9974
24.4725
22.1891
21.3281
31.8171
16.4364
33.6545
26.5267
31.0239
27.5638
19.2210
30.9843
22.4380
25.0343
19.0231
25.8615
20.2943
29.3785
28.7787
23.4538
32.8596
30.2087
27.8046
23.3084
28.1959
24.3755
26.6795
27.7391
20.5243
31.8114
32.3898
34.2866
18.9837
23.3254
19.8885
28.7106
25.3791
26.8462
27.3643
24.8873
19.8734
27.1849
22.7353
23.9431
21.6825
30.1602
21.5771
27.3060
32.0038
25.4921
18.4550
24.6622
17.6178
27.1352
17.3276
17.0412
35.1281
21.9006
24.7493
22.4848
30.7232
22.4888
31.8279
24.6199
26.6912
25.0759
19.9827
24.5126
28.4737
23.0642
22.9437
29.3465
19.1802
19.9256
25.8377
20.8453
25.6018
33.2453
17.5007
21.2884
28.9913
24.8029
27.6979
24.7375
25.7191
28.2418
22.7378
30.9079
26.2393
23.5294
23.4380
23.6176
27.0725
26.2590
33.1891
18.7841
32.7804
22.5688
27.9393
27.7928
20.7198
26.6710
24.7706
26.4628
29.1596
26.5614
26.4352
23.3447
18.6176
26.2814
33.8926
22.4140
24.7772
20.8690
21.9252
32.8888
29.3788
22.2342
28.1659
30.6948
30.3768
26.1100
29.5824
27.0652
24.5154
32.2572
23.6097
19.2701
23.2506
28.2507
26.2856
29.2916
26.6268
26.3708
24.2518
23.0973
25.1915
25.7408
27.0813
17.1579
24.0576
22.9277
22.9506
35.4129
24.9611
23.6329
24.3252
24.4224
29.4577
18.5407
26.5425
19.8539
23.0360
24.9210
27.6759
21.2590
20.3975
28.6985
21.7896
28.5564
22.4467
29.3892
22.2020
23.6177
21.4302
20.2355
18.6551
19.3467
27.7172
22.7814
30.2474
30.6486
30.2855
20.4669
20.9624
27.0797
25.6758
23.0662
25.1501
31.8958
25.4130
27.1450
28.4862
25.2178
33.7679
19.8486
19.5319
22.7239
31.6893
28.0790
29.6956
25.2133
24.3976
27.0514
21.8976
23.7077
26.1697
20.9979
27.7917
21.8999
24.4855
25.8926
19.0588
27.2647
23.2028
19.9696
27.6514
23.8665
21.1107
23.9027
26.4392
20.1583
33.8320
25.5776
23.9581
29.4661
25.8077
26.5379
24.0597
33.6829
22.2508
18.9151
23.1737
31.5405
24.9252
22.1433
29.4388
20.7003
29.5600
23.1477
17.9561
25.6383
26.3475
28.7186
26.9450
25.6217
31.5485
23.3809
26.0367
31.3922
27.3312
32.7057
22.4136
17.8245
20.2598
22.1755
26.2618
31.5134
25.9329
26.9292
24.9366
27.3769
27.9829
23.2374
27.7919
22.5960
17.6124
19.8084
28.8000
20.3947
30.3178
26.6171
15.7152
27.3149
15.3143
16.4712
26.7871
23.8646
23.7335
26.5137
22.9567
27.4969
26.4143
31.9575
27.0891
21.8334
26.6076
33.0878
23.1950
27.2767
26.0476
21.8399
19.9948
32.0179
23.7183
24.7253
28.5987
25.1002
28.2037
25.5119
24.3650
17.5234
28.6625
20.4144
23.1118
22.8997
26.6437
21.1615
21.8819
22.0076
28.0953
23.1145
26.2625
25.0254
23.3746
23.1798
34.2845
26.0392
22.6839
24.3801
29.0080
20.9505
28.7495
21.9138
24.0696
19.0087
30.2922
20.7758
27.9821
23.0170
26.9057
20.9612
26.4607
23.1633
21.9435
19.1982
28.0549
21.8262
18.8206
22.7658
23.1388
22.3106
31.8400
29.7414
32.0292
23.2889
26.1170
22.5633
20.9481
21.0382
19.4183
23.5546
19.9319
24.0551
20.1395
31.7750
29.0386
26.7783
20.2641
32.7333
22.0273
23.4744
24.9078
27.8046
32.9511
31.3783
19.2816
30.5691
22.5166
30.6775
20.6579
24.6703
27.4920
24.0668
24.0692
18.4214
20.8985
28.3568
20.4976
20.2199
18.1441
19.6574
24.1323
23.8431
19.3458
23.3710
22.4139
26.7568
18.5863
36.2654
28.1174
23.4879
29.8387
23.7389
31.6979
24.9434
24.7188
23.9412
29.2726
28.9848
22.8208
19.9828
25.2281
20.4983
23.1162
24.4279
22.7650
24.4751
21.3389
21.5797
30.4705
22.1953
19.0766
32.5538
21.8897
21.8726
25.1964
26.4010
23.3120
23.2184
26.5057
21.7277
21.1460
18.6054
27.9403
28.2196
21.8366
26.9038
21.1388
29.9602
23.8048
32.9179
23.4705
22.8639
25.8162
24.2600
16.9539
29.0676
22.8987
24.9528
31.6380
23.2850
25.2986
24.9298
29.3724
21.2463
22.3127
26.1282
31.7462
19.6703
27.5401
18.0350
28.8949
20.8787
27.0479
24.7638
23.6995
27.6715
23.4820
25.6930
25.2399
26.3038
24.3583
17.8164
26.1325
32.8569
30.6706
29.6581
31.0666
33.5025
20.8693
32.5890
26.5175
21.0564
19.1971
28.0198
27.9077
23.5910
38.9244
30.6707
22.4674
28.6847
28.6182
22.0054
27.4747
29.8028
24.1393
27.5626
21.0231
27.4133
20.1684
27.8378
24.1717
23.6739
20.2259
21.9123
27.3774
21.4568
24.4774
21.9224
27.5826
31.0917
23.7824
38.0184
24.6158
27.3492
28.3522
23.3922
32.8778
25.4801
29.9304
29.3631
33.0951
33.2222
27.4066
28.0244
26.3806
34.1652
18.4715
23.4590
26.1655
24.0230
29.6323
22.9197
27.5003
22.0824
21.4988
24.7210
18.4024
22.7799
22.9041
20.9819
33.8000
23.4808
29.0173
21.4898
19.9668
29.2021
19.3922
22.1429
29.3990
22.5053
19.8455
18.8829
25.2185
24.4748
25.8183
26.0301
28.4299
30.9749
22.0372
21.2792
18.5238
27.4826
21.5913
29.6376
31.9102
24.8815
23.2708
24.7778
29.9986
24.3174
20.8983
26.9071
19.0153
23.5091
20.7138
19.0586
26.2918
21.8145
23.4362
29.8758
24.9996
18.7225
25.9705
26.2860
30.3961
31.0302
23.8395
31.3498
27.1388
25.7609
23.0891
28.5011
25.5948
19.5548
28.3133
18.6461
30.7051
23.2533
19.7454
31.3436
24.8795
25.5016
31.8022
24.1577
19.1160
30.2973
18.0662
22.5418
25.7960
24.8927
25.3434
21.3938
25.6734
26.4563
30.5885
30.4905
25.3859
28.7695
25.0760
34.7741
18.1602
28.2842
36.6416
28.3329
22.9211
21.1564
16.2431
24.4819
31.5493
23.7549
23.5602
30.3076
26.9539
25.3311
28.1412
25.2719
16.5576
28.4454
29.0114
25.3293
23.8219
20.1255
23.8621
28.0475
31.1085
23.9838
29.2987
24.5622
29.4887
26.9789
28.0717
22.6552
35.1524
23.9073
20.6544
22.1507
21.7392
21.8374
28.2648
25.1620
20.5660
22.6008
27.6585
30.2141
18.5371
31.0905
24.5401
23.3807
24.9440
19.6165
23.7211
30.2158
24.8861
28.4689
20.7865
20.0878
26.7490
33.7465
27.9414
29.8437
20.7137
21.9085
24.8742
20.4004
23.5613
23.6739
23.9766
20.3890
26.7449
24.5802
24.1525
23.8926
22.3136
20.5611
29.9570
27.3503
21.1741
32.3900
27.2427
32.1988
26.8911
27.6123
29.1314
28.9188
24.3334
21.9638
24.6110
20.4384
25.1426
27.9736
26.0661
20.6543
22.1945
20.3016
21.6951
22.6598
21.4558
24.8816
32.6911
29.3195
22.0997
26.1067
18.7724
20.6651
22.5852
19.3669
26.9879
33.7943
25.6863
25.7786
31.0006
28.8114
25.8555
22.2700
30.0024
26.4598
19.6998
25.0901
31.5280
23.0441
24.8744
18.7588
18.9745
20.4240
28.1266
27.1216
23.7552
16.5372
30.6334
28.6928
31.1967
22.7748
27.5375
24.8352
27.8341
22.6415
22.9587
26.6692
35.7994
22.0610
25.2330
18.9133
27.2701
21.1190
31.4523
20.9397
29.0674
31.8904
20.9907
31.8820
26.5244
29.3789
25.6106
27.2559
21.8179
27.9747
29.2384
31.9538
35.0181
25.9370
26.3329
21.4737
20.7558
25.6224
28.2468
26.2372
24.8850
24.3155
23.1997
23.7710
22.1186
23.9292
17.6951
22.5553
23.6652
20.1056
25.3157
21.7095
27.6772
23.8767
23.9155
24.4128
18.6190
27.2223
18.0557
16.1760
21.2216
26.9470
24.1615
20.7544
26.8341
22.7365
24.2825
21.6685
15.7260
22.4739
21.9675
17.9164
24.0755
28.5412
24.0811
23.2410
32.3959
19.9501
18.4970
21.0418
16.5584
19.3432
29.6109
23.1013
27.6000
25.5360
26.2049
33.3645
23.1431
17.0893
25.6646
22.0451
33.0879
26.5500
27.4259
20.7816
30.9991
22.5995
23.9159
27.2327
18.9275
22.0700
25.8659
20.7655
19.9429
30.0159
23.9836
28.7534
21.0499
29.8053
27.5254
21.9531
16.9891
31.0205
27.6914
27.8500
19.4291
30.7430
23.7904
26.9289
29.2019
19.6316
32.2451
26.1015
29.0799
21.3884
28.7023
25.8995
24.2008
26.9908
26.5559
26.6761
31.9560
25.7683
31.8301
24.4279
31.0970
22.0662
19.9587
26.1501
29.0816
26.0299
25.9592
20.1543
19.4057
23.5960
20.3789
21.1257
19.7701
31.1968
19.3535
28.5273
25.8224
26.3299
25.9384
23.4975
23.0728
24.5859
28.8250
26.3445
25.4678
36.2982
29.0915
29.1266
27.0106
21.7837
21.9775
20.2136
28.5051
24.7035
28.6328
26.0799
19.0234
22.0907
19.6190
23.8639
28.4053
23.4526
37.2479
21.8104
35.6554
25.4081
29.5904
22.8737
18.7921
32.1579
25.9644
21.9857
25.4615
24.6313
25.0777
26.8687
34.6314
23.5494
25.8802
28.7553
29.8014
26.3670
23.0789
23.5608
29.3465
26.6899
25.4057
26.9942
32.6697
25.6961
19.5995
29.5786
23.7986
16.4522
18.4215
24.4232
21.9453
23.4321
24.4639
34.5126
26.0224
35.4376
22.5772
30.7126
25.0501
28.8479
28.3064
16.2399
27.1813
21.4234
20.2181
26.2628
21.2556
21.5931
32.1450
21.7183
26.0294
20.4215
21.5375
36.5228
25.1374
18.4096
23.4719
34.2465
30.1097
28.7406
29.8361
19.7073
20.3725
22.7517
29.8380
18.9526
19.3698
28.8342
21.2370
29.6081
30.2891
26.5373
21.3306
30.0401
24.6934
24.4659
21.7671
25.9911
21.0546
25.9797
26.5773
25.5158
31.4473
27.3137
25.1993
24.5429
32.5754
25.8384
24.2575
24.5700
25.1260
25.1971
31.2244
31.7189
25.3285
31.6050
19.9281
19.7868
29.4217
25.0199
19.5126
31.7936
33.8030
31.0284
29.1248
26.1753
23.4333
28.4095
20.6790
24.9714
21.2453
28.3764
33.3813
24.0986
26.2875
22.5532
26.3592
20.1708
28.4871
20.3956
23.2519
28.8865
30.9791
23.7508
20.2465
23.5007
26.6462
25.3606
27.1708
29.8866
26.4839
25.6090
23.8345
22.1804
31.3156
22.4179
32.3610
24.5332
25.8733
24.3480
29.6427
25.7554
31.4052
25.2502
33.2047
28.8136
35.9806
22.7347
29.4233
20.8722
23.2360
18.9785
26.1187
24.4522
31.4318
29.5851
22.7366
17.8133
26.6704
21.8266
23.9817
27.0053
29.1511
25.6974
28.6482
20.4161
25.9278
28.8246
27.4612
21.8319
23.2313
33.4601
23.7453
30.3939
18.5815
24.8877
26.1007
21.2292
23.3988
27.0796
30.5326
18.2180
26.1204
32.9731
30.2904
20.4828
18.6123
19.0475
22.7428
20.2512
19.2512
21.2846
29.7546
26.0255
29.2317
24.6390
26.3399
22.9883
20.5618
22.0410
33.2714
20.5037
29.4687
23.8417
29.4226
21.7517
21.8162
30.4865
25.2526
25.5383
25.4432
32.3508
29.7777
24.4811
20.4513
28.6194
25.3614
30.3769
31.0945
23.3787
25.1634
19.8559
23.7631
25.8052
22.0847
26.4004
28.2721
22.0310
18.6762
18.3550
29.3075
25.9987
19.3078
28.4163
22.3167
17.7739
30.3881
30.8481
28.7297
25.5262
26.7328
26.3069
20.4133
24.2824
24.9322
16.9505
22.5901
27.7020
27.9049
26.1189
21.8400
27.1213
25.0448
16.5322
25.2539
24.3948
22.1414
31.1383
29.5209
21.7971
24.9249
29.7265
21.9906
27.5470
18.5553
21.9184
20.2394
28.9029
19.5823
24.1498
24.5524
19.7612
21.1203
28.4963
22.4965
22.2777
26.3207
24.8067
26.9308
19.6027
26.6181
27.0227
28.3106
22.1442
21.9142
24.7496
17.4744
27.4604
21.2079
23.7538
21.3885
27.4867
24.5293
19.1218
20.8901
23.4549
20.3800
30.0245
28.0003
25.0934
26.1764
32.5528
24.3052
21.0211
26.3026
24.1942
20.7744
23.0286
22.1824
23.9751
28.8691
20.9126
25.9384
21.9943
22.4204
26.1407
22.4026
28.2215
26.9999
31.6379
20.7525
29.8805
23.8316
26.2591
26.3556
29.6889
27.9708
31.3688
23.8026
29.6403
19.7903
30.9677
33.0605
24.5150
20.9847
27.7126
21.2815
23.3104
29.9266
20.1873
30.5729
25.6567
23.9600
30.5415
25.6748
28.6253
27.6997
18.8429
30.5043
28.1265
25.3926
27.3604
27.7501
27.9738
29.3041
17.1741
19.1751
28.4163
24.0697
22.4703
23.5031
23.0120
28.7358
23.9446
26.8792
21.5765
22.0424
22.4145
26.1455
26.0624
23.6268
33.0874
24.0319
31.0367
19.4548
21.9130
25.7963
29.9745
33.1524
16.2798
35.1745
28.5085
24.1601
27.4511
23.2843
23.7275
28.3706
23.5769
20.9232
20.7805
24.2152
27.9766
30.3001
26.3667
29.4304
21.9875
18.1464
24.0589
26.0075
26.2834
22.5479
24.4982
30.4369
16.6813
20.8089
29.9334
24.0578
24.8458
25.7305
25.7532
24.7970
23.6381
28.2987
24.6998
21.6862
24.5427
21.8434
33.5193
26.8430
30.8828
18.3813
25.5308
18.0296
33.1046
25.8756
28.0121
31.9948
22.0602
29.0607
28.2409
27.2378
29.6068
18.8158
22.2955
22.5340
21.3708
18.5447
30.0607
30.0455
21.6068
29.5161
30.2577
22.3990
24.5078
27.3944
28.0701
23.3473
26.6755
23.7518
21.7616
23.3345
28.3257
24.3541
24.4739
36.3989
22.1601
23.1056
23.0756
31.5898
21.0430
17.7096
27.8225
22.2774
29.3265
18.6063
17.4300
19.4160
28.9182
28.8943
30.3438
23.3990
23.1533
25.1030
17.4257
28.9956
25.1120
35.2695
22.3667
25.9419
25.6586
21.6717
29.5006
23.3055
22.5726
24.0671
26.4389
21.1660
20.6702
33.5011
29.7288
22.1167
25.9122
31.7795
29.1732
28.3953
23.3494
21.4497
21.3800
18.9937
22.5208
19.6114
32.2765
24.1829
33.2342
21.9454
20.9716
27.4514
20.2653
22.6932
19.5948
25.7687
22.4350
22.3002
30.6287
24.9971
26.2682
26.0505
23.7084
30.8081
26.1368
22.6957
15.8965
25.5332
20.3888
27.2768
21.8703
25.1265
33.7215
20.8274
27.4495
32.9179
20.5054
17.3287
26.1992
28.5292
20.7327
19.2261
20.1127
25.3377
16.0877
27.2791
32.4772
32.0625
25.0714
19.0339
29.5104
24.4096
31.0604
30.7075
23.6329
16.5255
32.0090
17.1563
22.4823
23.3756
27.8334
22.1253
26.0003
23.4567
31.5609
23.3925
19.2771
30.5382
20.4296
29.8044
19.4331
29.5814
21.7977
27.1235
21.9633
24.2246
22.2548
20.2196
30.7773
25.7199
22.9463
27.6920
26.6997
24.1274
28.1655
23.3432
25.4102
24.4089
27.3694
27.1683
28.0709
23.1690
24.2088
19.3904
25.4798
22.0599
18.5952
30.5609
24.8222
20.6362
29.0836
23.3696
25.1793
18.9715
21.4274
26.6664
29.7102
25.4995
26.3666
34.4915
22.8489
24.0696
17.4809
28.3536
23.7157
26.2358
21.7258
23.3853
18.1581
19.0486
24.7616
23.3372
30.7730
20.0975
21.9094
18.3286
18.7231
24.9688
22.7596
26.8600
33.0790
31.1810
27.7189
25.2712
24.5114
23.2848
20.8697
19.3412
24.5573
20.2767
22.3849
19.7367
22.7444
23.7899
20.1964
26.0208
22.7157
26.3305
29.0864
21.7845
22.3715
31.2888
27.4027
19.9802
30.3197
24.8209
23.8781
23.2409
22.6327
26.2033
23.0966
19.2071
23.3873
25.4277
24.5424
17.6151
21.7215
30.1421
18.3560
28.5650
25.1304
30.6223
27.1091
27.5996
24.6620
20.5054
28.0608
22.0294
26.1801
22.3522
16.6580
32.9335
22.6104
25.3873
32.1541
29.0296
28.1497
17.9675
27.9043
23.4111
26.6064
21.5835
24.0805
20.4166
26.9258
26.6734
20.5746
28.5863
31.9799
34.4472
28.4090
32.3746
20.9103
29.1125
21.9223
27.5163
29.8758
25.7361
23.5077
26.2918
23.6965
22.7560
27.8737
29.2448
22.1143
19.8425
23.5539
27.9452
33.6027
16.4844
26.3093
26.9798
23.1756
19.6404
23.4854
19.9019
23.4912
29.9523
25.8196
33.1611
37.5078
28.8096
20.1300
21.8280
19.4818
24.4413
19.9611
18.2452
21.6016
27.9248
23.2437
28.7498
27.2013
20.9432
27.9867
18.8948
28.8044
29.0360
24.1498
27.5612
20.4168
29.3104
25.3408
23.0098
19.4806
21.9097
18.2649
23.9380
26.8410
24.1349
28.1489
25.4496
27.6359
23.1244
22.2212
26.0593
23.5170
23.2780
23.5175
17.9401
30.6212
21.9018
27.1175
22.2616
31.3089
24.7556
24.6742
22.3945
22.4027
26.4095
31.6981
25.3884
30.8913
21.4112
26.8236
19.3893
21.0557
21.3886
25.8420
26.1538
21.4833
32.3706
23.9455
23.7113
24.7699
21.6922
30.8920
21.4450
31.1039
25.4948
29.1541
29.0960
30.1978
24.0028
23.3439
25.5343
29.8576
20.8431
27.9121
24.6959
28.6103
24.6065
26.6696
22.9264
21.5068
22.8440
22.9851
34.7510
16.4674
20.6465
24.9611
20.6582
23.4357
30.2823
24.4349
23.5662
23.7640
26.2187
19.6276
29.1347
32.3807
25.9365
31.3494
30.6575
21.1058
30.5747
25.9972
27.8231
27.8149
20.3524
29.4048
21.9473
22.9388
26.6830
22.5865
30.1850
20.8895
27.2348
30.1186
27.6398
31.1274
26.1314
22.0439
27.3441
34.7125
27.0785
24.6504
26.2987
22.5700
32.1655
23.5218
26.2818
26.5385
21.7011
24.7818
31.4746
30.3116
24.9877
30.0175
22.0961
29.8966
22.6355
24.4244
29.8091
25.2671
25.7143
27.1052
24.7603
19.0770
25.7211
27.9601
26.5995
29.2730
31.2359
26.3907
24.7635
32.8804
27.0193
26.8405
25.0904
25.1671
20.9607
25.0492
23.8262
29.2606
26.8544
23.5693
23.0032
26.4014
26.2135
23.6519
21.0021
27.3449
22.9478
27.3313
27.6044
32.6953
31.0372
32.6518
29.4183
22.5671
22.6072
33.4975
21.1752
30.0557
30.7352
22.8954
25.1700
21.9592
30.8207
20.9915
21.9474
24.8742
25.6939
34.2065
33.7418
23.8064
25.8479
25.1323
27.0646
28.8090
22.0724
19.4179
25.9156
30.1775
27.5663
34.0266
32.5420
26.3885
24.9978
28.1005
24.3136
26.0303
26.6198
22.9046
26.3728
26.1684
20.5956
19.5647
25.3388
29.1745
24.7057
23.5232
23.6111
26.9623
27.9273
21.4150
29.6482
29.6041
22.7798
26.6600
28.8478
20.2280
26.3939
19.1063
28.2098
20.3285
24.1262
31.2589
29.7717
27.1457
20.6084
23.4665
25.0481
26.2966
23.2913
27.3537
30.6185
20.9573
24.1563
23.9394
23.1377
22.1649
18.6878
30.6247
20.3769
31.9376
24.9994
23.3460
23.3946
31.8883
28.2335
26.7093
29.3821
31.0508
21.9448
21.7749
22.0682
19.3645
28.6371
25.0046
27.8837
27.2187
28.8143
20.3784
26.8309
27.5123
27.0240
17.8118
30.8395
21.5851
32.8914
24.1935
27.7997
28.6018
31.6782
22.6336
21.3905
21.8909
20.1970
23.5055
23.3252
28.2643
22.5667
20.8827
24.5177
19.9528
29.1961
23.7196
24.1654
32.5532
23.2318
31.7864
30.3592
37.2006
21.1351
22.5746
27.9044
24.8312
26.2363
26.5748
18.6419
29.1163
23.0380
24.6605
22.1688
19.3127
25.0218
22.3829
28.0436
29.4784
23.9142
23.4273
19.6504
22.2684
24.6810
26.1748
19.8022
24.7384
27.1036
26.4318
28.6066
25.4064
33.5916
26.8700
24.6016
22.8261
20.2781
22.5712
17.8481
31.3169
28.6616
24.9888
23.4936
25.6780
31.7800
24.1596
25.2332
29.3464
21.5805
24.2454
20.2999
25.8400
26.4852
21.5695
30.6410
24.0933
21.8740
24.9188
18.8685
30.6169
26.0553
21.0793
29.4896
26.1204
23.9832
29.7128
29.2755
25.4315
25.5513
26.1186
28.9076
30.3809
21.7104
28.9776
24.7265
28.3532
20.2963
28.1479
24.6956
17.9427
27.8078
26.7583
26.8523
26.7451
22.2356
21.5711
19.3434
20.3069
23.8340
21.4317
21.7274
25.2537
19.3718
21.0709
18.5545
25.1474
25.3133
23.4847
22.4636
20.0583
23.2046
23.8857
27.6551
30.7158
32.7414
22.0789
23.5649
28.0715
29.9052
20.8682
32.2395
30.0999
30.3393
24.4445
23.7998
19.1135
22.0462
21.7803
33.0819
23.5882
20.2090
23.2783
29.9301
17.6476
18.3382
20.3234
20.3026
18.9595
20.3233
22.9549
29.3510
16.4658
18.8782
21.4576
18.5089
21.5949
22.7445
25.3519
22.8358
32.7174
30.8158
24.4666
25.9702
25.3133
25.6302
31.0959
25.2271
30.1570
24.7832
28.3092
28.8715
28.8044
35.5017
19.0684
27.6733
31.2230
29.3594
20.5356
22.8662
21.8600
25.4833
32.3390
20.1017
24.1292
22.1880
19.3786
30.0899
31.5787
33.9302
31.6508
33.1796
32.0884
26.8687
24.9884
28.8623
26.6431
18.0180
25.5070
27.8610
22.2495
25.5958
18.8115
22.3562
29.0128
27.6830
25.5522
26.3184
19.3149
18.4943
21.6181
22.8752
31.7034
24.4314
28.2384
31.7798
18.3823
32.5020
31.0625
22.9054
28.5995
19.5537
22.4109
27.3290
29.2804
17.8968
23.1990
18.4444
28.9424
23.5857
24.7941
23.5634
24.6464
34.8187
22.9078
26.7701
32.7274
25.1740
23.9996
23.4901
32.0363
29.9116
22.5156
22.4136
18.6875
23.4750
31.4139
19.3819
31.4682
27.7285
23.0570
26.3713
24.2697
28.1196
29.9993
19.7432
26.7074
26.5139
27.8004
24.1893
26.0678
25.9914
26.9285
22.9439
16.9707
19.2379
27.8253
19.2717
19.9994
27.0148
26.5334
30.1687
28.8309
21.7342
28.8981
23.2068
26.7712
23.4636
29.6778
33.9307
26.0889
28.0015
18.8205
24.0191
23.9467
25.5717
25.5075
23.1319
20.6374
17.1734
22.9798
27.1730
28.5677
21.6338
24.0250
23.2810
29.9419
24.7683
25.8089
25.7594
25.0811
23.3162
22.6889
23.0620
19.6210
24.8949
26.0300
31.2045
27.5583
19.9142
21.7714
22.7912
22.0150
22.2400
25.2583
24.1518
31.5553
34.6152
31.8136
21.6088
30.4940
25.1230
20.7140
30.8481
29.9468
24.0343
21.8830
23.3257
25.6540
18.3130
33.0367
22.5294
21.4858
23.2232
20.6178
21.9412
27.5171
22.7362
25.5499
27.2532
17.6315
29.1167
26.8982
33.1224
20.7651
15.6136
17.8601
32.6302
25.7959
31.4961
22.4441
21.9943
23.2529
25.0141
23.4263
23.0346
20.8312
22.8750
26.6793
20.6026
26.0244
20.9876
19.2917
30.0851
23.4430
25.2454
28.8345
29.0989
26.3244
19.4376
23.1275
24.0768
28.7472
22.5021
20.6100
24.4977
23.9822
27.6637
20.9836
24.0653
26.0274
27.8552
22.4618
18.1531
16.6570
34.9986
23.5803
22.8834
25.9362
18.1730
28.4301
24.2762
26.5224
16.6958
24.0999
34.1558
28.1527
25.1738
25.7796
33.0933
20.4995
22.4254
25.1383
23.3626
24.8933
27.4216
24.2960
25.5046
31.6893
19.8510
30.3586
16.6478
29.8540
31.2455
27.6724
19.3895
31.7346
26.7947
21.8155
27.5230
31.2036
21.5710
27.6748
23.0699
20.7980
30.0559
29.9547
23.8498
27.3541
21.2878
28.9742
20.7399
31.4898
24.3824
21.6674
25.8351
20.3996
24.5807
29.9505
23.9723
26.6175
22.9553
27.7948
29.9717
23.1039
20.7622
26.0496
29.6772
33.7270
22.2541
24.5421
28.3441
24.8236
25.9294
33.3989
26.0147
25.3000
26.1767
21.7165
32.5858
19.7749
15.8013
20.0249
23.3850
27.9017
23.8860
23.5545
17.7787
21.5801
29.4017
24.3883
28.1960
27.2870
25.8256
22.0157
33.5412
26.6026
26.2459
25.5277
22.7980
24.7861
24.2903
23.5844
29.3017
30.7478
22.5380
23.8267
23.1576
28.5151
29.5541
32.2877
25.8033
25.0087
24.3671
22.5389
25.8230
25.5684
20.5881
18.4762
18.9769
20.5719
24.1208
31.5331
24.2574
34.4979
24.9945
28.6490
19.6572
27.6319
24.7880
26.8936
28.6453
21.5057
29.2434
24.6833
21.0334
24.5645
30.6462
19.9870
29.0762
26.7270
26.2378
22.4012
23.8873
22.0513
22.1924
23.0950
27.0557
26.2068
30.7031
25.7703
26.6904
26.2156
28.8663
32.6149
21.4291
27.1526
23.2836
19.4537
34.0696
35.8249
30.3064
23.5820
19.9808
23.4573
26.6736
22.7614
29.7525
28.3292
26.6774
26.6911
36.5037
24.8104
22.9876
24.0524
26.7855
30.1418
18.0636
27.6489
22.5412
24.4685
25.4077
26.6370
27.3268
25.2498
27.4314
26.5248
23.1960
24.8025
27.2220
23.6377
33.9460
26.8033
25.0005
25.6587
18.4045
29.9627
23.9657
30.9118
20.2170
22.2731
25.2210
29.3049
24.0336
31.7261
24.8026
27.5058
27.9573
21.6634
27.9371
33.1128
23.2647
16.4796
29.5250
23.0168
24.2884
27.0384
27.5120
26.0525
21.5515
27.9070
27.3934
28.2039
26.9553
35.0545
28.1559
19.8792
24.7044
25.0136
27.2625
32.3058
18.5093
28.9831
30.4146
23.9023
22.1404
23.7045
23.5330
17.7885
25.5106
20.6453
22.0825
24.0733
28.3715
26.6573
31.7436
30.4578
30.4200
27.5906
23.2035
25.9239
21.8026
24.0117
25.8149
19.8592
19.7512
21.5100
23.9531
28.3790
20.8796
25.4480
28.0552
28.9344
28.8724
22.2304
27.1798
22.1915
24.2993
22.2470
28.8317
23.4651
26.0359
32.8784
21.5647
31.1372
32.1199
25.7908
24.2674
27.9783
25.7725
24.0486
26.7977
25.7996
22.9359
21.1387
20.9048
19.1533
23.5443
23.2501
21.9365
28.6592
29.2838
28.8893
26.0316
28.9364
21.2024
21.7008
25.8405
20.9043
24.8288
28.6839
19.9308
23.7565
27.7687
25.2402
20.9051
24.2674
36.7326
27.7694
27.0570
23.8497
20.6029
24.9838
28.5796
23.0179
16.6007
26.4564
18.4749
24.5434
34.4355
23.4301
23.7176
26.8866
24.3413
23.7395
26.8105
25.9791
30.4664
28.8271
23.8635
22.6363
24.8314
22.8983
23.3987
26.9236
30.9058
22.3798
21.1430
29.7978
23.4070
27.6216
23.0090
23.7522
27.2891
18.2496
22.7814
22.1510
27.6727
24.5233
29.2902
26.4960
32.1406
25.9384
27.8269
32.7263
24.7936
29.9082
33.2596
25.2951
26.5273
19.1070
26.9005
26.6337
31.2992
30.3802
25.1266
27.0456
23.9715
19.7055
14.7235
21.2984
26.7313
23.4690
32.5610
20.8648
28.7046
27.6434
29.4627
15.9192
33.8616
21.5067
21.4658
18.1856
16.0148
21.8338
27.9566
27.3899
27.6459
25.7741
32.9756
23.7470
36.8033
22.6674
26.7362
31.3309
30.1827
23.2223
25.1966
23.4407
23.8951
22.5616
31.8694
24.4690
25.1559
24.0779
29.2024
20.8615
25.8431
17.9962
27.7552
24.0308
22.3742
29.4847
27.0398
23.8434
21.8821
27.5472
24.0022
22.0114
27.6697
25.4741
20.8174
21.8391
22.1524
21.1297
25.0984
23.9435
26.0082
26.0522
26.1952
18.3345
25.4735
19.9035
19.1640
26.9982
27.8826
25.0582
30.5633
26.4245
18.4016
28.8715
19.1722
24.4419
33.4941
21.8684
21.5209
24.2778
24.3102
23.1695
27.5341
24.5277
29.3242
23.2701
21.5834
27.2663
22.6080
18.2029
20.0901
29.1525
20.2138
25.1297
21.9579
29.1671
28.4175
24.2268
29.8094
20.9171
25.7209
32.1612
24.2667
22.3696
24.7203
21.3146
23.9532
21.2369
24.7773
18.9774
22.0227
31.8655
20.7888
34.1743
21.6297
29.9367
19.8885
21.3783
28.7611
22.6035
21.2064
33.0972
27.5911
31.6012
22.6091
28.0442
25.6117
27.9595
24.0093
19.5641
30.5043
18.8297
25.7598
30.8414
22.1473
19.4333
24.4666
19.6663
19.2430
19.8435
24.0814
23.0954
32.5138
34.0490
25.6486
22.4206
24.1715
27.1924
24.9309
30.3937
25.7908
24.5221
26.6343
20.5572
28.9886
29.3546
26.3594
37.2636
22.9968
23.2145
23.5324
21.1160
22.5213
23.9453
17.7687
24.0104
27.2324
18.6261
22.0063
24.1279
22.1626
25.6898
21.9580
24.5288
35.2064
22.0688
21.5788
25.7759
25.9879
23.5424
36.8033
28.9721
25.7098
31.5985
21.5990
19.3948
23.0627
30.6347
32.5426
21.4468
31.5718
25.3442
23.3747
23.1364
24.1420
19.8080
30.0069
32.8686
22.9804
22.6363
33.8738
27.8483
24.4931
25.2519
26.9266
26.5313
28.1467
29.9757
19.3824
22.8329
26.8947
24.2697
26.1470
23.3857
20.5568
30.1874
27.4168
20.4456
22.3676
22.3394
18.3233
20.6934
22.2922
28.8208
26.7849
25.4723
29.8477
17.3866
25.1795
22.0873
33.1563
27.6381
21.0633
33.0286
28.1340
26.8221
25.1667
22.3521
22.4974
27.1269
29.5804
29.4495
27.8306
25.2468
23.4886
25.8968
28.6642
26.6489
26.1146
32.3308
26.0054
26.0651
23.3138
28.1571
21.5148
22.1694
27.7030
25.7689
24.6504
20.1740
31.1885
17.9784
24.5624
29.6261
22.4656
34.9693
19.6159
30.7928
27.6737
29.9480
22.8625
17.7752
25.9017
21.1548
25.8524
26.5283
25.0152
22.6694
30.8233
24.4575
27.0742
21.7778
21.8887
31.5938
21.8895
25.2778
25.0072
26.6608
25.3748
24.5758
19.8874
25.4559
19.1183
18.8001
25.4069
25.9004
21.9367
18.7614
32.2411
29.6248
18.8579
29.4449
26.6624
33.3732
29.8480
26.0201
24.3811
21.8130
17.9640
26.0943
23.3210
29.8613
24.5759
24.7259
27.4317
21.3571
20.0533
27.0532
31.4448
20.7475
22.1668
28.5961
20.5275
25.0125
18.8572
27.4434
37.5584
24.1589
22.3476
21.2906
21.2609
21.0112
15.4526
27.3783
29.2511
23.3384
22.0833
30.1682
24.4882
19.2272
25.8597
18.3283
29.8356
23.9705
25.5033
21.4133
25.2186
26.2454
29.5092
32.4973
18.2608
21.0722
20.5836
21.6730
24.5189
24.2470
32.0945
27.6022
24.1159
31.6531
25.4602
34.4291
29.2819
21.8731
19.5993
23.9933
23.2247
19.9768
24.3937
25.7509
31.6829
34.3319
30.3586
23.2226
23.1952
20.8537
24.4585
17.3640
25.5196
23.3743
24.4721
23.0261
23.7083
22.1487
20.8953
26.3634
18.3142
22.5758
35.5637
20.3072
22.1390
24.7537
19.8202
22.2933
25.7624
26.3331
24.4320
27.7586
28.7747
31.7004
29.6454
23.4938
22.4343
29.0925
25.5731
29.3535
26.8582
23.6949
22.1741
26.1652
26.0013
23.0746
31.0922
26.8714
28.6670
24.8459
22.4980
27.0562
26.6159
20.4699
25.1534
20.9684
25.0383
25.3193
26.5642
26.8307
21.9922
21.0247
22.6122
27.7939
30.5770
22.0275
19.2003
24.9320
27.7985
29.0316
21.6160
29.8966
22.9434
27.7314
19.3638
25.3010
26.2332
18.7597
29.3230
17.8149
17.5477
29.3484
27.2922
18.6665
26.2278
25.1392
22.6523
30.3636
28.4581
17.7656
30.0011
29.3566
21.9822
28.3301
24.1746
21.4876
25.5531
35.0951
24.4275
26.0714
26.9320
23.9852
25.4415
23.1697
33.6330
32.6667
18.6590
30.2253
27.3253
28.8730
26.0837
22.3898
22.5609
28.9890
21.2557
18.3536
33.4743
22.9650
27.5481
23.6471
30.0357
31.8575
26.7950
20.0281
19.7717
28.3123
23.7039
23.2839
34.3009
20.1008
33.3634
23.7444
26.0477
19.7327
18.8094
26.2277
19.4956
22.3885
21.1573
20.8276
23.0734
28.7056
21.8494
20.4308
29.9526
25.0042
26.2695
23.1883
23.6845
27.0837
18.6969
17.4428
30.0995
21.1970
26.5295
28.0043
19.9581
29.7650
18.7520
30.0549
24.3468
27.1546
18.7294
20.0209
24.5640
24.6909
29.4995
23.5742
28.7686
24.2090
18.4029
33.0556
18.5450
28.3212
23.0106
29.7569
25.3101
17.9195
30.6272
22.1315
26.6218
26.2283
26.0834
24.6469
34.7348
22.0138
26.0007
22.6570
28.7733
22.5665
27.1250
27.6961
26.7301
25.5758
22.6810
24.2443
18.4039
25.2161
23.9143
26.6214
21.8640
26.3217
33.5660
21.3940
25.9548
17.0535
27.3588
25.7417
26.3455
22.4761
23.4247
18.9320
29.1504
30.4074
22.9999
22.7330
30.7368
34.8773
27.4825
24.1859
22.5171
29.1443
26.1376
30.0644
21.8356
23.2781
18.9417
29.9223
25.5757
26.6415
22.5424
19.1420
26.7985
33.1191
31.5668
35.1885
21.2153
31.3736
27.5247
23.4115
22.4393
21.5883
25.0826
22.9483
24.0322
17.1622
23.1004
36.5069
22.1835
20.5328
23.8418
28.8579
27.8525
22.9707
29.0387
26.2630
25.8188
25.5004
22.5343
22.6461
24.9177
23.7939
29.3848
36.2873
27.1074
23.3105
24.0514
20.6564
25.4363
22.2944
24.6081
26.6655
38.6991
22.6712
22.9156
17.6271
25.2552
19.4851
26.2616
29.9647
21.6679
25.6747
28.8530
25.6143
20.0575
23.4411
20.8884
23.2397
30.0893
31.1004
22.4541
28.8410
27.6492
27.3625
28.7470
18.7196
24.7063
30.6293
22.3189
16.6025
26.1210
29.4546
29.6289
23.7585
27.2200
21.2000
29.2885
32.5786
33.7384
21.3999
19.2535
25.7018
16.1168
19.3739
18.2280
19.5706
23.8705
28.7826
25.3380
23.4049
24.5245
24.5746
23.8052
29.7085
22.1522
20.7509
26.4191
28.1690
28.2209
19.2512
21.1280
23.6973
30.8584
19.7046
23.8478
20.7896
31.9809
25.7255
24.2496
24.0062
22.0743
34.1171
27.3576
16.1389
21.8559
28.9152
22.6336
23.6467
25.7238
28.1262
20.7985
31.9314
22.8118
22.6304
21.2703
26.0159
23.3717
31.7280
24.1679
31.7464
26.3056
22.3302
21.3379
32.2581
30.7475
27.3837
24.1815
18.7104
19.2004
30.6449
18.2310
32.7600
27.9591
26.7201
25.0444
29.7867
22.9419
21.9415
23.8687
27.9852
25.3522
33.0593
20.1960
26.9229
31.6671
26.0776
26.7994
31.7875
26.9310
26.0224
25.9669
20.7933
24.2070
22.4278
26.5564
28.6195
20.4968
20.0200
24.5681
25.7199
26.4588
18.7269
22.6106
33.9701
18.9047
26.5180
23.3443
22.9120
27.0117
34.2563
27.3362
29.3343
30.9069
28.0554
25.7674
19.4236
29.3054
27.1312
29.7956
28.4229
26.4301
20.9529
20.5597
26.2590
25.3887
20.8448
22.5615
24.2852
21.0446
23.7998
28.3927
29.1155
29.6682
21.9101
32.7680
34.1044
35.2736
23.5247
27.7549
24.4345
24.2717
20.1608
29.1846
28.8978
33.5821
29.3127
23.7910
30.9928
19.7371
20.8814
19.2187
25.7789
25.3980
21.1398
28.8890
25.6235
29.3815
21.9352
16.4378
31.9670
23.6504
22.5774
19.8858
25.3241
23.3730
31.5695
27.5065
18.6579
25.7494
26.3106
29.3458
33.0611
30.3104
31.0557
36.2436
21.2076
29.2908
38.6971
31.9334
24.4896
17.5974
22.7789
22.3028
33.4955
23.3839
32.9307
24.9789
28.7309
30.8307
22.7339
25.1553
32.5014
24.4216
20.3472
17.3418
22.2455
28.4745
28.8290
20.0466
18.9514
22.6875
29.5403
35.7741
17.2768
27.3305
25.7164
23.1063
24.7293
19.9412
19.3475
17.3143
26.0128
31.4582
19.7229
25.0650
23.2969
24.8613
29.1790
21.0857
23.1421
24.0769
22.6473
21.8613
18.5153
28.5724
30.3133
34.0593
27.5217
23.3200
27.3498
19.3541
32.1886
29.7754
27.0203
26.9131
21.7242
20.8147
21.7359
28.4760
28.8818
23.4424
27.2789
28.2507
27.0832
33.1298
28.0147
18.3051
19.5754
17.2968
30.9660
22.9479
24.8918
32.2937
23.4548
25.5534
25.8644
21.9212
21.2821
27.3936
28.6612
27.8899
27.5599
21.8833
20.7249
17.3170
27.7402
22.4738
25.3400
22.9007
16.9940
25.0706
22.9829
25.3036
24.5671
26.8873
29.4995
31.9512
24.8811
25.5186
28.8898
22.5359
22.8176
30.4862
26.7194
25.1755
17.9410
27.9129
29.4963
23.6652
23.9303
18.0283
25.7431
17.8336
21.5940
19.8669
22.3174
25.8767
22.0073
25.2216
20.6777
28.2065
27.1108
22.7509
27.4685
25.3300
27.6056
25.0564
29.8724
18.3695
19.9818
22.4123
28.5107
20.4504
27.9905
20.4771
21.7590
23.5803
25.4694
25.1811
20.4631
28.3648
24.3682
27.2868
24.6902
26.7745
22.4066
26.8379
28.0321
35.3278
21.7097
22.4727
29.7316
18.6262
31.1240
27.4017
28.6182
28.5358
26.3836
25.3493
21.4070
31.4946
29.2882
32.8319
21.7791
19.6865
23.5386
20.4749
29.2820
32.5143
24.1055
31.4979
24.5815
23.0316
39.1690
28.6308
26.5051
18.8204
23.9946
19.6774
23.3827
28.3516
18.5780
27.4009
23.5812
23.9817
20.0207
23.1210
21.7567
31.4315
24.8948
25.7586
24.3727
20.1317
32.7396
24.9195
29.3969
28.7966
26.3754
28.5523
18.4607
31.7621
27.9810
28.2390
20.2599
19.9711
27.5503
24.4908
28.5094
26.3070
21.6938
24.3038
20.9710
30.5367
19.6420
21.7388
27.2014
32.7012
20.5547
24.4239
31.3429
23.5944
20.9135
29.5473
31.0097
24.0248
25.1136
35.5925
26.9793
19.7346
20.7859
32.7183
23.2182
20.0883
20.1100
27.2884
20.4870
29.2723
31.2083
21.2956
25.7674
22.9274
24.2365
21.4300
20.8989
25.1797
17.8429
28.9553
31.3254
23.2328
26.3742
17.8750
20.4526
34.7124
25.3771
23.3973
21.3746
29.9557
24.4757
30.7568
29.1093
27.5350
24.3696
19.9384
23.1010
21.3009
27.1302
25.9430
25.5896
29.2031
17.8311
18.2536
21.2364
31.8913
27.5675
25.0824
31.3239
27.6093
24.5126
29.2340
20.4147
20.8363
21.8907
25.6146
26.4345
23.2947
27.3942
17.7741
16.8360
27.9493
25.8430
18.3810
29.7475
20.7531
35.2799
27.6443
25.9330
23.4796
25.9329
21.7933
23.7689
22.5212
21.6255
24.0502
27.9824
28.2381
25.7398
22.1973
27.4875
22.1742
29.2160
17.0172
24.6516
25.4910
31.7626
27.5483
24.8427
24.7962
30.1523
20.3390
21.5404
23.9510
29.6590
23.0797
28.3876
25.9127
22.0889
30.5805
25.5571
28.7737
27.3846
28.7267
25.9807
32.7636
28.7435
29.0408
28.9835
19.4433
27.3114
27.5724
25.7511
22.3176
30.0996
27.1699
20.8566
26.3447
21.2654
32.3491
22.6257
19.7940
31.5965
27.2223
31.6327
19.5561
22.7797
27.2713
20.1288
17.1579
33.4119
22.7459
26.6673
23.5656
22.0939
24.5476
22.9784
30.2010
20.2852
35.9718
23.8367
30.5615
31.0464
28.1060
25.5336
25.2909
19.7188
21.8341
25.3123
20.2757
28.6760
23.5004
25.1198
22.7400
31.7478
19.9439
20.4278
21.1225
18.7689
25.1087
25.5252
25.2688
31.9187
30.1092
29.6439
23.3913
23.1828
23.6224
33.3325
21.8133
18.9871
23.0659
22.4860
28.9057
24.0872
18.6477
21.5664
26.6055
20.7234
28.5063
29.4404
23.4668
20.8025
25.6217
27.3358
23.7493
26.2116
26.4730
21.9290
26.2707
30.8441
22.5538
28.0636
26.3451
28.8712
17.5859
27.1149
29.5532
24.1746
22.6981
22.4375
25.3118
30.2240
26.6604
27.9129
25.3787
24.1551
30.1401
27.6813
27.2074
27.4134
23.1308
27.1479
25.7551
28.0349
25.0143
20.7277
23.5643
20.7760
28.3088
27.4468
20.7241
20.5852
31.1685
26.3877
24.2113
30.0736
23.7294
27.2717
30.9357
28.5391
28.9508
23.6972
22.1962
24.6160
28.9906
18.3932
25.0895
21.7306
30.0912
27.7420
24.3446
21.2490
28.4632
31.6711
19.9718
28.3504
27.1551
21.1344
32.9813
29.6181
17.7026
26.0618
28.8175
22.9973
31.2750
30.7583
26.5163
27.8753
20.5504
23.7635
21.1745
24.6549
20.4402
30.8629
23.0838
15.5576
27.2656
29.4166
22.6290
29.2585
26.9421
24.3888
28.8918
31.8967
25.6098
28.5249
25.6438
33.0786
25.9680
36.3120
28.6876
21.3853
30.3683
27.4895
32.6116
24.0485
22.7045
24.2294
32.0036
23.4957
25.7355
24.4923
32.1911
26.9465
21.4634
28.6097
25.3554
29.6463
25.5251
31.3413
24.2496
18.4867
28.9455
27.4710
19.8353
23.0589
31.0133
21.8659
24.8876
24.9857
25.6129
24.8027
25.0870
23.8555
25.4124
23.9608
27.2098
32.0013
31.6212
27.9580
25.6119
29.9489
29.7466
31.0977
18.6564
21.1284
22.0297
23.0735
26.1883
22.4786
30.5818
22.1576
19.2619
23.2318
22.1995
27.1743
27.1302
24.9908
18.6289
19.3111
25.0141
27.1376
25.8455
18.7955
20.7039
25.3240
28.2402
20.3622
29.7238
27.0772
18.1417
33.7111
21.5417
23.0621
26.1029
24.2699
31.8265
19.9817
33.8275
29.2772
28.4713
21.3430
25.6477
22.4221
25.5537
23.6136
20.6672
28.5527
21.0728
24.0884
18.5201
27.8736
24.6482
24.2083
19.9638
23.0567
27.8173
20.7389
21.3906
17.5041
17.8693
24.6063
25.2102
20.0688
27.5445
16.6295
22.3772
23.2495
23.3362
31.0571
23.0868
24.3244
28.0512
18.2845
21.5092
25.9251
24.7637
30.3399
16.8009
29.8610
32.2688
27.6930
30.0186
22.7412
19.7302
26.6004
24.5614
32.3735
33.5649
27.2736
26.1486
20.4295
31.8562
23.5638
23.3458
22.7201
27.5444
31.0651
26.2973
24.6459
27.7964
28.7903
25.7179
26.5210
21.6267
23.2741
18.5999
24.2548
29.9228
21.1599
25.5031
20.5007
23.6855
32.0792
25.8808
30.7437
21.0927
23.6061
20.3560
26.1200
21.4669
28.7780
20.8248
28.9856
30.7590
19.5212
28.6328
28.8392
23.3287
21.5416
24.9461
31.9884
27.0084
24.6004
26.7701
33.2856
26.8920
23.0935
28.7919
25.3119
20.9577
32.2025
24.9528
20.2132
28.3324
22.8413
19.6571
25.8686
22.1560
25.5404
32.7018
25.4045
28.3359
27.9762
28.8726
31.3178
18.4220
30.9352
26.0053
16.6806
21.6894
31.0439
29.3863
32.2178
25.2856
24.1353
18.8819
19.8274
24.5620
29.4575
24.4660
25.7780
25.1281
21.5840
21.9066
28.3265
26.4903
20.7709
21.8393
28.4948
21.6670
27.5884
26.2454
26.5165
20.7793
19.4060
26.3226
33.0500
28.3469
28.1362
26.3576
23.0170
25.9718
23.7684
24.5846
27.2708
30.7402
29.6452
32.7024
24.9911
18.9269
28.9925
29.1681
22.5327
25.6816
19.3003
26.5579
26.9717
22.7090
23.2340
32.4027
25.6438
29.3540
29.3122
24.2867
22.8011
19.7853
25.6532
24.2260
26.6305
23.1477
30.9555
35.5731
27.4049
21.4720
28.1670
21.1500
31.2399
24.9988
20.6512
27.3684
28.0877
26.2763
23.1533
30.8978
20.6361
26.7237
34.3097
25.7804
26.9469
19.8013
19.2403
29.8370
27.1298
29.5062
27.2388
29.2073
31.8947
30.6263
31.8479
27.0618
23.2076
29.2021
27.5734
22.9507
26.3932
21.6873
19.0439
28.8900
21.7194
25.0565
22.8178
26.7948
25.2907
27.7162
22.0652
23.2055
23.1297
27.0920
20.1169
20.2908
29.4668
19.7692
29.3205
27.3380
19.6813
24.5648
23.3712
23.7898
18.6822
32.9394
19.3930
18.5341
19.9078
18.6254
23.3020
28.3496
28.5023
24.0847
24.1736
26.6511
22.3588
20.3332
29.5105
27.8775
21.8814
22.5588
24.8143
20.4962
27.7943
23.4868
33.4438
27.3891
27.3489
20.0392
26.2084
18.4146
24.8099
24.1837
22.1412
23.3522
26.3009
24.0905
19.2542
31.5059
24.1899
19.2260
22.2374
32.5761
16.6145
24.6410
32.0909
27.5198
27.8423
23.7462
19.9272
24.1415
33.7125
23.8277
23.2764
18.4021
31.4878
19.3382
27.6023
18.7914
23.9299
28.0353
31.5159
26.8485
30.0396
31.7855
28.7447
23.1527
28.8890
30.5701
26.1682
24.7656
18.9354
24.5573
29.6167
23.2816
23.1369
25.2047
21.0219
28.2383
26.3884
30.3750
23.2928
24.0036
25.7159
23.3377
27.1170
23.3186
20.5627
25.2281
18.6567
20.6807
25.6366
27.6042
22.3094
24.1513
23.4280
20.1725
28.4617
24.9978
20.9099
30.9333
30.2908
20.3969
27.4886
26.0435
25.9447
28.7263
23.7183
34.4035
21.1844
32.0190
28.6423
26.8973
32.9521
23.0186
26.8779
21.8159
34.2959
26.7083
19.2334
25.8347
28.2642
17.9080
27.8158
21.4485
20.2715
27.6626
26.1299
23.7116
24.2521
25.5686
20.8852
17.7813
24.4338
26.4643
27.4881
22.5622
20.6498
22.2124
28.1504
24.4835
26.3262
31.0130
27.7381
24.8125
29.9289
24.0824
27.8688
20.7590
31.9627
22.5963
26.0008
20.1001
20.9524
30.2147
22.7654
24.4604
21.5389
25.0433
36.1805
25.3007
26.6541
23.8901
28.8857
23.2856
18.6740
18.8296
22.0170
30.8416
34.9580
25.9747
25.8909
15.3149
21.7092
25.6990
23.1500
30.0248
32.7546
26.2566
20.4271
20.1096
22.3525
29.3561
26.4521
23.8259
23.7363
20.6069
25.4499
20.2089
23.7406
28.2198
24.0897
28.1834
26.5289
24.5728
23.6792
23.3995
32.3837
24.7579
21.2243
22.3872
20.7378
29.6617
22.2051
24.0354
25.0171
23.6735
26.6964
24.7340
26.0980
26.8919
28.0447
19.9623
35.5209
22.7111
27.5947
31.0981
20.9699
17.6577
22.4710
24.9815
32.6696
20.9227
26.4894
24.1308
22.2938
21.3030
25.8928
28.8011
21.4490
27.6454
27.3488
21.8471
22.8507
27.8139
20.3429
29.8002
24.7232
22.1074
19.1385
27.3184
21.7601
23.5553
22.4284
22.6300
30.1789
23.2861
25.8413
27.8666
27.1562
23.7424
23.2340
29.1733
18.5086
18.7351
30.3806
22.8332
23.0504
17.3011
22.0559
20.5184
27.2682
23.2926
26.5795
20.9626
25.2151
25.9933
26.7973
20.2746
33.3351
25.9250
24.8482
19.4921
21.6898
25.6936
27.6064
25.0824
31.4036
28.1938
26.3979
29.3652
29.7656
22.8510
20.3264
22.4346
33.8981
28.3108
22.2480
19.2450
28.1639
29.7713
26.8996
21.7581
18.1076
25.9493
19.1509
17.8511
26.6381
17.1487
27.5584
28.3072
22.4678
27.2722
24.2030
28.6783
23.4689
20.3995
23.9451
20.4124
28.4978
25.4335
24.1550
23.7028
28.1481
30.4049
24.7224
20.7383
18.5991
26.5185
22.5534
22.2032
26.2517
27.1054
22.7754
28.5228
27.9777
29.3420
22.9689
24.8194
20.9553
31.1505
24.9964
29.7581
24.5499
22.9836
31.3429
25.1154
23.5864
32.1020
30.9694
28.4447
23.8897
31.7211
24.6385
24.2392
25.1169
21.7612
25.0070
20.8372
26.1278
29.0693
29.1806
24.1918
25.1551
22.4410
17.6296
25.2997
21.7973
20.4718
24.9135
29.0722
21.8854
26.6423
26.6340
20.3537
24.2083
25.6377
30.1085
28.5392
27.5244
24.7081
24.3710
30.9824
22.7001
24.4908
28.5666
29.1603
22.2309
20.1257
28.3611
20.2518
29.3922
37.0084
18.6477
28.5852
25.2673
27.1593
19.1847
28.4685
32.4418
22.6511
27.9319
23.1637
26.4772
24.7762
16.5214
24.5671
25.2295
26.6008
23.0833
19.3390
28.9505
31.2519
18.0316
26.7792
19.9733
26.3205
29.9549
28.6482
22.0559
23.4165
32.7623
23.3619
29.9715
25.3966
23.5087
21.5735
20.0806
26.4889
22.1481
27.3095
24.4385
26.1659
21.1768
22.7897
20.3267
23.5289
22.1605
22.1709
18.6048
31.0198
24.1856
20.6382
30.1167
17.7677
29.9037
21.9615
20.1679
27.4016
23.7236
29.9856
26.9819
27.5967
21.9430
23.3328
29.7497
25.8668
27.4901
25.7783
23.8597
32.1671
27.3151
23.3758
28.8460
29.2209
31.1735
24.3243
18.9868
26.3875
26.6445
17.8294
23.1030
18.5594
22.7238
28.8765
18.6758
30.4386
27.0552
22.1401
26.4784
29.3324
30.3405
28.6266
26.6189
18.4512
28.3124
25.2090
23.0336
20.3299
29.5229
21.0834
21.2036
25.5780
24.0475
25.6184
32.4710
19.5371
26.9404
18.2253
31.2365
18.6741
32.7246
33.0378
24.3858
19.8017
26.4516
26.0706
27.9681
28.7443
24.7432
25.7701
22.0987
21.3355
27.7399
26.1199
23.0704
28.1278
23.6665
26.1790
28.9143
27.4456
34.2358
23.0680
28.3155
24.1957
25.1638
33.6647
19.9924
22.3951
21.9023
23.9921
21.1919
22.5333
19.0912
25.6665
27.4207
27.5452
26.4952
20.9767
19.8433
21.8135
28.5174
24.4870
21.4941
21.0788
23.0883
20.3938
35.0559
24.6252
21.8161
27.2496
27.3543
25.4937
23.1575
28.3415
19.2432
32.7691
21.0953
27.8083
28.6872
34.0718
29.0147
24.8574
30.0664
30.0347
26.3062
28.4792
21.8501
31.7833
29.0137
23.8505
20.4290
26.9902
20.5475
25.2827
31.0629
29.2115
26.7430
23.0745
20.4626
32.8926
23.4692
24.9870
29.0443
24.4741
30.4800
26.0973
19.3575
25.8421
28.6333
31.8294
21.9401
19.2786
26.0255
21.2060
22.2470
18.8296
26.4846
27.0471
22.3817
25.8229
23.9908
28.3546
23.9697
29.2608
26.0255
17.6943
26.3993
16.9323
21.4291
23.3704
20.4985
25.2466
24.2604
26.1411
30.6203
26.0743
17.7675
24.8074
22.0837
22.7964
27.0033
24.8290
19.8601
18.1119
25.5437
29.2656
15.8538
29.9900
21.8123
23.1803
32.4485
24.1880
26.6327
28.3439
26.2273
22.3318
28.3170
28.6940
22.6407
26.6485
22.5553
31.1239
28.0939
26.2004
22.9404
26.9747
17.8491
22.8261
31.1306
26.3880
28.1916
22.5508
23.5048
26.2057
24.8544
34.8901
24.5171
22.3952
22.0294
21.6267
21.2362
16.8145
25.7384
28.1930
23.0113
21.2360
31.8232
21.7264
25.3571
22.2444
21.0419
29.8176
22.0386
18.6602
24.9858
19.3435
26.6010
26.4927
26.4616
26.9997
29.0772
24.8857
22.5370
33.6078
19.6404
28.9424
24.9544
26.3297
22.9444
26.6436
24.9115
24.8345
28.5558
16.0527
28.4597
28.5372
24.6428
32.7848
26.0852
22.9918
30.2134
22.1672
24.7884
36.1236
21.6113
20.6148
22.8439
21.0228
27.3199
22.0514
28.8874
33.6866
27.7580
26.7191
33.3805
24.0720
23.2480
20.2516
25.8921
33.1426
29.0398
25.7451
19.6952
23.7148
26.1772
34.3308
23.4695
21.0438
26.9626
19.5515
21.2770
23.0377
23.8529
29.8489
24.3793
20.9442
33.7350
30.0121
18.8264
26.6895
24.0136
29.3449
22.0141
30.8499
21.1124
31.4993
24.0701
22.2435
16.6476
22.0317
31.7079
25.8379
21.9267
18.9080
22.8535
29.4509
21.4286
21.9200
28.9337
33.9296
28.2604
23.3032
20.5062
27.9686
22.4051
19.7902
25.7837
20.1722
23.6509
24.1981
23.4732
23.5388
20.1968
23.9919
30.6854
27.4209
19.3283
23.5190
22.8031
24.6179
19.2831
21.5737
18.9832
25.1037
25.9684
28.0297
29.5052
28.3979
29.9381
27.4356
24.2404
30.1728
21.6205
29.7104
28.0591
23.6891
23.8422
29.7738
28.0837
32.4772
19.6078
24.8384
29.5548
16.9331
26.4449
24.9036
22.7114
28.3781
27.0442
33.6896
28.4380
23.5218
26.9271
30.4866
15.1616
24.3799
20.0570
24.1252
22.1820
32.5473
16.8211
30.0082
31.6753
23.1455
21.5256
25.1651
21.4608
24.6903
25.1036
22.5041
21.5353
22.8363
25.4123
24.3212
27.8682
27.1083
25.7087
27.4184
28.2955
23.6461
28.3254
30.8807
24.4440
29.4456
29.8501
25.8188
24.8603
24.6513
21.0762
27.2392
20.0074
21.9854
22.2445
37.1074
30.2161
23.2064
22.7784
27.5816
23.1404
21.4195
24.6249
20.1096
23.6358
22.7955
28.6682
25.4601
18.2152
23.5868
30.9281
27.9169
26.8863
33.3998
18.5196
25.4654
20.5870
23.7707
27.7528
28.8457
20.7034
32.7033
28.4718
26.9044
23.0395
22.3480
19.1802
32.7616
20.6375
20.0231
23.6539
25.9880
27.7496
24.1496
27.0120
23.7473
31.7083
21.2871
27.8516
21.2846
26.5065
24.3100
17.9543
27.1935
21.6550
27.5848
26.0841
26.3028
24.7309
20.3072
19.9734
31.4436
25.7698
28.4093
24.8881
24.3123
31.1148
25.1947
29.4680
22.8306
24.6051
21.9516
34.2516
27.5528
29.4704
23.9254
22.0675
24.1882
19.0414
30.0145
24.8504
25.3214
29.1664
17.6559
24.3824
25.2001
27.9475
24.8795
29.2075
22.3820
20.7501
26.6558
26.5029
23.0029
26.9322
26.5633
26.7644
21.2889
23.4365
21.6517
26.9035
31.3892
29.6629
20.8324
16.6872
22.6605
33.7764
25.5741
25.2683
22.9052
20.9631
26.3958
24.5742
31.3621
30.1867
31.1200
16.6433
21.0212
24.0726
22.9105
29.0570
25.3348
30.8730
26.8175
30.0016
23.0041
25.8150
20.8416
19.7880
21.9511
21.9566
29.0950
19.5209
30.8153
27.2735
17.4275
28.0779
25.9076
26.9963
22.2178
18.3479
23.3684
34.8634
24.2771
27.7169
24.3273
22.9038
28.4860
20.1916
21.3840
26.6524
27.3247
27.0019
24.0332
22.0367
25.1122
26.9760
19.6314
29.9713
26.4597
19.0212
30.0433
26.7147
22.7993
30.0927
27.1196
24.2916
30.4295
31.4772
28.5274
25.6271
19.4946
21.2702
30.5989
27.5936
18.7439
24.2843
18.7086
28.2162
25.1848
18.9505
29.5047
20.2915
28.5014
25.4767
26.6131
34.8731
25.7461
25.9767
24.1427
29.2711
28.8346
26.7597
22.5433
21.0190
24.7034
31.8960
23.4103
32.7264
25.0963
22.1673
20.2669
21.8368
27.3162
26.2994
26.7941
23.3533
28.0269
24.0945
29.1187
19.2951
21.9529
27.9947
20.6796
31.1558
32.4106
28.7664
25.4184
28.8412
29.7061
26.6112
27.5695
24.9633
26.7966
33.9681
23.7044
22.5735
25.5095
26.0638
34.1726
22.0708
29.9195
22.0306
18.4232
26.0834
28.4720
24.6594
27.6701
20.7951
23.5940
17.6903
33.3630
27.9838
23.7222
29.4477
22.5642
23.7810
30.5819
26.1237
28.2853
33.8401
28.8280
27.5565
29.4445
25.1226
31.1115
32.2061
28.6125
35.4012
20.3621
22.3802
35.2018
23.6343
22.9115
22.6727
28.6824
28.0169
25.2076
22.5313
31.7394
26.6528
24.1836
20.6090
23.2507
18.5378
27.8500
20.2949
22.7315
26.5498
24.9693
29.4974
22.5906
27.6464
31.8764
22.1656
22.8846
24.0892
28.7750
27.4756
24.0751
19.7317
17.4019
25.1503
26.1521
28.5929
26.5733
26.9034
20.6137
36.6941
26.3975
17.0695
24.1973
20.4699
31.7476
34.6196
20.3669
30.6635
23.6672
30.8164
32.5005
24.3336
25.0008
27.6994
30.6352
30.9065
27.8514
31.9970
34.4448
20.9112
25.3058
22.5153
24.5870
22.5390
25.7588
24.8278
20.3309
26.0557
24.3609
31.3724
24.5407
26.6903
23.3819
22.0941
25.3935
30.6225
22.8532
26.3693
28.0327
27.2719
28.4940
20.3926
21.5940
22.3556
23.9539
24.6029
22.3812
25.4580
21.8034
31.5544
31.1251
26.4134
17.6866
23.5773
28.2228
29.2013
27.3801
28.5156
31.4056
23.7998
22.4252
17.1080
22.0180
24.6012
22.8238
24.2573
19.6893
22.7907
32.2180
21.0607
23.9444
21.9439
19.9142
16.4273
21.5866
29.9175
30.8125
29.2880
28.5114
20.5312
21.8113
27.1890
27.3630
19.5597
21.5648
30.3996
20.0663
28.7045
20.1398
26.4676
27.3102
21.4251
23.8440
26.9343
20.3269
20.9838
31.7194
24.5408
30.9661
26.9275
18.3011
21.6477
24.2033
22.7060
24.8607
25.2061
34.7031
25.6239
26.9151
29.1970
22.7854
20.1700
25.8138
20.0831
23.4823
21.9220
21.3455
22.1492
22.7895
19.3580
22.0532
28.3986
22.3061
24.0924
35.2442
25.8972
22.5283
23.3710
22.4037
29.7003
20.8200
18.8224
33.6577
29.3743
30.7936
34.0067
27.1166
22.8014
16.9880
23.9536
23.1915
29.3608
28.2007
35.6930
34.8117
23.9289
24.4596
28.3887
27.4530
21.7695
28.8011
19.6718
19.1440
23.1499
25.0037
21.7999
29.3450
20.7442
30.1533
27.0386
29.4402
20.7211
26.3442
28.5596
27.1994
29.5025
29.7023
28.1927
26.6120
30.5422
22.9083
16.6429
24.2598
30.7400
19.7927
29.9303
25.1917
18.3684
23.9261
30.1446
24.9768
21.3544
26.2731
25.4909
27.2483
24.2930
34.2480
24.8252
25.2530
17.8357
25.3675
22.9714
23.1215
23.9211
18.9773
25.8721
24.2161
18.3189
21.4785
27.1153
20.5154
37.2221
27.2026
21.8305
26.5826
20.1569
33.7066
23.4528
25.7515
27.5533
18.1886
31.6217
27.0182
33.0823
18.8023
25.0951
26.8949
24.2199
17.6568
23.6238
30.2311
23.5359
28.1596
22.9515
26.9508
31.4087
29.2830
29.0853
28.2082
23.1236
22.8943
27.3300
28.2162
27.4304
33.0557
25.8936
25.3765
27.1921
22.5777
25.5879
23.3974
22.3018
21.6864
19.4077
21.5009
34.4154
20.9818
18.1199
32.6127
24.2748
20.1411
35.9986
22.0278
22.5074
27.4886
33.0214
23.6304
17.4222
29.5703
25.3757
33.7373
31.2514
27.6413
22.7104
20.1543
17.7077
20.7628
28.7898
19.4517
29.1105
31.3412
18.8668
30.1278
28.0405
21.4301
31.0139
28.1958
24.6371
29.5886
25.4371
25.8595
28.7634
25.9020
27.1876
28.7822
27.1861
24.7866
21.5249
22.9683
25.4939
28.9870
24.5155
28.1493
33.0597
25.0120
26.8609
24.5581
21.6407
33.4836
30.8649
29.3903
34.1145
22.2890
22.3630
27.9230
31.1220
18.4666
32.4745
27.6132
20.9564
24.8936
25.9985
31.0016
25.1222
20.5032
27.0696
23.8460
26.5437
22.4401
25.1583
23.0038
27.2839
30.0024
18.9024
17.6995
28.6235
27.7235
25.7312
25.5820
23.9842
21.2874
28.4667
18.4235
26.6912
23.6158
29.9678
18.4413
27.8444
21.0208
27.4733
20.8959
38.0051
22.9402
26.7976
25.3476
23.5798
16.7564
31.0716
25.3641
29.6283
25.4344
31.2460
30.0015
28.0674
25.6843
30.1040
24.1041
23.3532
29.3301
27.4330
25.9103
27.8457
25.4887
25.8021
18.6459
17.5371
28.6123
24.9958
24.7521
27.5562
25.4668
21.9450
26.1736
33.2666
31.6348
25.8641
21.8128
30.9875
21.0739
28.2995
17.9833
19.9298
27.4224
29.7898
23.9673
23.0554
31.5963
24.9469
29.6323
27.1914
31.8859
18.7934
21.2187
20.4258
29.5530
19.8600
25.2087
24.8184
24.1110
22.3671
24.0585
21.2224
25.3725
31.2609
25.5373
27.2188
28.3974
25.3741
24.4579
30.2285
25.7081
27.0228
27.8249
25.5228
32.8151
25.6772
25.9119
24.1672
22.2058
21.4573
28.5442
26.8491
26.7312
28.0311
21.9113
24.7363
29.6945
27.5694
33.1691
24.8243
31.2383
29.9845
26.9272
24.0740
26.9458
19.3899
25.2253
26.3583
24.5015
30.8056
28.3189
27.7443
24.5647
27.2282
28.4534
24.2198
19.4826
31.0559
29.9477
19.4334
26.8183
28.0780
21.7254
24.2794
27.7235
19.4410
27.1462
25.6023
26.8799
23.0360
22.6866
16.0119
18.5760
28.0512
28.7960
26.2763
25.8204
24.3226
25.9625
35.5180
21.8507
26.2334
18.8765
25.8398
20.2042
23.9634
25.5793
18.9716
27.1966
23.5713
27.2054
30.2804
26.7382
31.5464
28.3874
23.8590
30.3851
23.5803
31.0837
22.7696
24.1705
21.0481
22.7936
18.5868
27.1996
27.3323
23.4695
28.3501
20.7082
31.8311
26.6784
24.4195
19.1219
18.3849
27.2190
19.7321
17.6953
26.9778
26.1724
27.3185
28.0756
33.6207
29.0605
24.7945
21.8711
25.9560
25.3025
24.0647
22.2360
32.4792
28.0315
27.0367
29.1191
21.8351
22.8225
26.2602
25.1634
20.9988
25.9142
27.2959
25.2737
20.2825
26.4519
26.4614
22.1842
28.6589
15.4877
23.9539
24.2056
26.6373
28.4721
27.1354
22.5715
24.8794
27.0646
29.3087
26.1593
19.5575
28.1792
25.9240
22.1188
34.8516
32.7425
33.3449
22.7202
23.6114
23.1321
20.4372
19.8457
27.8192
22.2894
21.4889
25.3959
25.3042
20.4510
17.9445
23.8227
23.2131
24.7714
19.2336
24.9653
22.4289
24.8616
21.7830
25.9401
25.7166
21.4288
23.3724
19.2655
20.1354
19.8265
24.4754
30.3759
27.5079
27.9113
23.6206
21.9013
23.5803
22.0407
24.8557
20.7224
28.5582
19.1516
27.1651
22.1069
22.6756
22.1670
22.8489
33.0867
30.4960
23.1362
18.4249
20.1275
26.4360
23.3501
22.0989
18.4622
30.4651
18.9705
32.5690
24.6302
20.4605
24.2504
22.2554
18.3954
25.7934
19.1691
23.0473
21.0723
25.2641
22.2462
24.8996
19.2256
21.2915
31.7576
26.7092
19.6752
27.6496
24.6620
20.5258
21.9283
22.7036
21.2962
16.7500
24.6430
29.2737
30.7147
24.7139
21.6479
25.3675
23.7643
22.7566
21.1472
25.4534
23.5977
30.4109
25.9432
26.0285
23.7051
26.9336
29.3074
30.4845
28.0853
22.5443
22.6454
27.8152
30.3397
27.1704
34.6314
30.7853
28.5094
21.2536
32.5276
23.7815
27.3750
22.0419
17.9311
28.7320
25.0439
23.7167
33.1872
31.9355
30.3510
16.5025
28.2798
18.7873
21.7136
29.9202
18.1835
23.7378
18.2428
20.1882
22.9746
22.0463
20.6167
23.1505
17.7541
22.5604
24.7503
35.9621
26.5623
21.3019
21.1265
26.0801
32.1504
25.4286
21.3880
26.6460
26.3747
28.7983
25.0613
28.8988
19.6351
24.4025
24.6164
29.1926
25.6796
24.9179
21.9872
21.4867
22.9485
20.7809
25.7201
25.8249
19.9920
28.8082
25.2819
25.9176
27.0128
21.1371
17.4525
27.9932
25.3740
27.3786
24.3615
21.3855
26.9815
20.8669
22.0829
23.9619
19.3900
26.6313
34.8873
24.6963
26.7328
28.2156
20.6591
17.8955
22.9150
33.4150
30.1805
27.5237
34.4003
23.4116
24.5454
25.6379
21.8805
25.3154
24.1458
25.2866
27.2842
25.6103
26.8347
25.0649
32.7067
28.2626
33.7382
30.1463
29.0067
23.0037
19.0695
19.4464
24.2138
31.1428
23.1273
20.7004
25.1118
19.4803
20.7856
22.7408
24.3895
22.9113
31.2162
20.2257
25.1349
32.4698
30.7927
30.2141
23.3815
25.8315
22.1415
24.5126
19.3725
21.9368
19.2217
29.2911
27.1364
24.4427
33.5067
21.8090
21.4577
23.7346
22.5909
22.4250
24.2550
23.1285
35.1582
22.2706
25.0355
18.8586
31.8873
22.6040
23.0875
25.4238
27.4135
20.7979
23.5749
30.4587
23.7710
23.2493
20.0251
26.2247
22.8992
24.0710
21.2492
28.0346
20.4392
24.4387
30.5506
23.9694
22.4030
29.1245
22.1330
26.1753
25.4743
23.9536
33.9201
24.2444
26.0174
26.4446
28.4615
23.7128
30.5326
25.7526
20.3213
31.9782
28.2735
30.8066
19.8373
25.7992
17.6081
23.4999
33.5714
24.3530
20.7428
34.7407
26.0769
18.8889
25.3961
25.4777
28.2536
21.0112
25.6566
21.5894
23.9511
21.0723
22.9582
22.9149
23.5424
19.1053
23.7662
24.9932
25.6997
25.1257
23.2944
26.5617
23.2406
24.0149
24.9295
22.1144
29.1551
29.5253
25.7850
26.1087
35.2633
28.4952
26.6355
22.3267
23.7159
23.5803
20.5943
29.5378
21.6471
24.9668
18.7550
21.4758
20.3667
19.7417
32.1728
25.6849
25.9677
23.5376
19.2728
20.8901
30.5729
21.4823
28.2296
24.1846
30.0955
25.0188
31.4313
28.4490
21.0724
31.1949
24.8883
32.0647
23.8423
24.0633
25.3203
30.0430
21.6713
31.4512
20.7705
18.3122
22.6784
27.6097
26.9250
35.7096
25.6899
32.5566
24.7525
18.2331
19.7285
34.2787
23.1034
29.6432
25.1489
26.1280
26.8781
21.4407
22.2971
24.3322
27.8556
22.2978
30.0771
20.3627
23.9019
20.3052
28.0155
25.1977
17.7412
27.2603
27.8992
16.8329
24.2263
20.3480
21.0744
21.3153
29.7407
25.3780
17.8288
25.3662
22.6474
22.7963
23.5730
25.5963
19.2231
22.9799
21.9884
30.2499
20.1719
22.9624
28.3860
28.0851
21.4875
25.3017
27.5742
21.3291
35.9166
16.6349
30.6235
31.1488
23.0224
22.9424
22.7268
29.3858
34.0263
32.3102
24.0619
27.3421
23.5276
18.4065
21.2922
19.2533
23.1031
17.7753
24.3177
25.5066
16.9391
21.8664
21.7766
28.1850
26.1905
24.6872
24.5785
24.6605
25.3958
20.1308
23.8780
24.6418
25.7096
23.8689
21.9437
24.6219
18.0657
28.1446
20.7840
27.0025
21.3449
23.7563
29.0070
21.9043
28.1091
23.8451
34.9983
26.5997
29.3713
22.0116
29.5306
24.6622
25.9582
32.1346
24.4660
19.2885
26.1817
21.1011
26.6349
18.4756
20.8979
27.0254
20.4169
28.9144
27.0924
19.9667
27.7022
35.4751
23.5611
23.9642
28.7513
23.6867
21.4873
23.6932
26.4069
27.4331
17.5109
21.6889
23.4366
25.2506
28.4687
25.0577
32.0461
25.4073
23.1536
20.0642
20.7083
24.8972
22.0272
25.0943
25.0788
25.3257
24.2619
23.9922
26.6931
26.2419
31.9793
21.2476
23.3535
27.3765
18.0527
30.5159
24.8830
23.2562
31.9548
21.3079
29.8588
21.1475
23.2183
23.5476
22.1981
26.5286
26.2823
29.2739
36.7578
31.0913
21.7094
23.3531
23.5718
28.3695
22.1508
29.4577
21.4939
27.2572
25.6022
21.4652
22.3085
23.5857
29.8252
24.4571
26.6972
32.6877
25.1911
24.6976
33.2484
29.4757
21.6608
22.1597
27.0616
18.4693
26.1698
28.9655
24.4515
20.2598
28.0920
26.8802
25.6297
17.8378
22.2908
22.9370
24.3511
23.2296
23.0470
23.5911
22.8386
22.3850
20.1137
28.5441
20.9297
22.6352
18.3208
22.2275
27.5441
29.9769
20.1953
23.0178
18.0470
24.1543
31.9368
34.0207
26.9663
26.2284
22.3388
31.9900
19.1206
26.6034
28.6611
33.2830
20.6577
16.0686
29.0101
26.2606
28.5141
19.7431
32.8244
24.5995
29.0576
29.1392
25.0105
18.7691
24.5923
27.2056
29.9185
26.3007
28.5005
20.2040
28.2485
32.2453
17.6282
30.6721
27.8416
19.9424
28.4218
18.0587
26.2498
23.0196
31.3119
20.3152
30.7768
31.0727
22.8508
20.8657
17.3500
29.0763
30.1152
26.9284
22.7437
20.4985
25.0109
25.1429
34.1810
26.5361
28.3786
29.7547
27.7966
25.9170
19.0965
27.6095
22.5576
24.3969
28.0152
27.8849
30.0344
26.0508
25.2230
22.9960
26.4548
23.2584
22.2654
22.3698
21.2272
25.1010
27.2821
31.9064
28.1695
23.6796
20.5323
25.1511
20.9840
24.7371
31.7503
23.2658
25.0620
31.2946
22.8097
25.8186
32.0094
25.2839
28.6244
18.1284
21.6883
31.3990
30.1059
25.7678
29.4620
26.4924
28.1107
33.4889
33.1034
22.2682
24.8801
29.1314
31.4175
27.0554
21.0674
26.9094
20.5109
30.6707
24.2014
28.6586
24.9735
25.5812
31.2981
19.4880
27.4033
24.9885
25.0021
22.8213
23.7471
18.3781
19.8200
26.7902
25.8429
26.5247
23.5858
24.9824
23.7308
27.8842
16.8735
21.3738
25.9466
25.0585
21.6020
27.1212
19.3048
26.1815
15.3985
18.9395
29.7908
20.3937
31.5303
32.0307
26.2594
24.5113
24.9560
30.7245
27.3944
23.6246
21.3005
22.8497
26.1693
31.8922
30.3633
24.5294
28.1525
25.6542
28.0094
23.7448
19.2281
21.0791
20.3267
27.3390
28.2972
22.8333
25.5982
27.9333
23.7269
30.8726
24.4273
24.8852
29.1367
31.0165
31.2805
28.0858
25.7345
29.2859
21.1269
24.7369
26.5630
30.6993
30.2551
25.6647
22.7537
24.4566
19.7409
21.8137
18.0606
29.3975
27.2059
27.9138
21.1526
21.2910
29.1201
26.2263
24.6632
30.3858
23.8847
21.0803
33.4487
19.3236
23.9364
23.8054
25.6963
31.8041
23.8643
26.2601
26.6587
30.4452
29.1747
23.6713
23.6576
27.4545
28.4117
21.8813
25.5576
23.9677
20.6411
20.8880
30.5681
30.0232
26.8093
27.3136
25.6026
29.9285
24.3504
36.1175
24.2280
18.5487
32.6988
30.2194
25.5383
24.0784
30.5753
28.4149
25.9084
26.2999
23.1178
24.0284
16.4085
19.6663
26.8289
32.4546
24.4561
26.5482
23.5146
28.9688
22.2077
26.5870
19.0571
26.2090
23.8197
24.9435
25.5032
23.4137
24.2672
27.9777
22.5323
23.6985
24.8295
21.0778
24.1821
19.7977
26.2837
21.5240
25.8140
24.0383
22.8892
17.3249
35.1441
28.1588
27.5594
21.6462
29.1928
25.6460
26.8852
26.9055
27.6703
20.5461
31.1888
25.1870
17.2896
21.7377
23.6911
23.8959
24.0646
20.2034
29.0936
20.5713
21.3025
29.4180
26.6010
23.1114
30.2495
22.3819
21.9270
25.6746
25.6774
24.2001
20.6567
17.5706
28.7157
25.1103
30.9442
16.2080
23.8126
25.8012
25.0139
30.4738
32.4569
28.4409
31.6112
29.2197
24.0809
23.7194
20.6680
28.8728
33.4910
23.6320
20.6112
23.4734
22.8302
30.5203
23.4939
19.4926
25.1784
18.6310
27.7717
20.5046
31.2113
25.1386
24.2916
28.2476
22.3433
22.8581
29.6115
22.6661
24.4005
27.3348
22.8957
24.2532
28.2437
27.1626
20.5426
36.3666
29.6316
24.5123
25.3021
28.2105
22.2576
17.7598
24.5755
30.0393
21.4622
23.0841
21.4606
18.0786
28.5940
29.3617
28.1817
23.8186
28.0154
30.5236
24.8805
22.4157
32.1441
29.9717
18.1030
26.3506
20.1680
23.1087
26.3903
36.4822
23.7558
26.6988
26.7736
24.0895
21.7441
27.2232
22.9659
22.5726
18.5140
22.9007
23.3187
22.4310
23.8210
18.2523
26.7493
29.5715
24.0902
33.7516
23.6922
27.3197
22.6763
21.4998
20.9454
27.5870
21.2170
19.3130
21.6222
26.2406
26.1043
24.5772
31.8981
22.5633
29.3871
21.4474
31.7915
25.9245
25.8486
24.8856
22.1564
26.4608
29.2333
27.2562
26.9459
30.2420
22.5545
24.8830
28.1077
29.5674
32.7733
29.9541
29.6113
26.9833
16.9144
24.3440
17.0159
28.6656
21.3876
21.3040
25.1401
27.5848
28.4365
21.1749
22.3369
24.2464
27.0504
24.2474
21.9782
21.4393
23.3990
29.8719
22.6527
29.5037
