Orientation_Correlation_Function
0.6507637125001965
0.39097054722380253
0.19986131560858625
0.08272583142123056
0.02461038448368553
0.004326121310010979
0.004109443875435245
0.010944367774327111
0.017529545263791732
0.021058159800232703
0.020998506818427486
0.018318230998507084
0.014690872602354048
0.011219122338858396
0.008350195985257493
0.006168850749828465
0.0046656936095952305
0.003629320244741563
0.0030889567083605897
0.0026471633181733827
0.0019396623297240634
0.001203987981575095
0.0007255022403133626
0.0005556565779355878
0.000496717533875053
0.0003976205009166733
0.00012936066323144285
-6.514684777794174e-05
0.0
0.0
Avg P-P distance: 5.467191866816237
