26.0675
19.6404
23.6984
21.1655
21.6767
33.1097
25.8015
24.7678
26.2280
22.1918
20.2184
28.3109
22.8436
28.7654
23.9680
20.1331
27.0710
20.7310
25.1444
24.1085
27.9453
21.5834
22.1997
32.0180
26.5712
22.1908
24.3950
22.3431
31.3274
19.7946
19.9874
33.8643
19.2032
31.1452
25.8131
21.8367
22.3719
15.0476
30.4097
22.9393
22.1034
18.1322
26.8139
20.2006
22.4350
22.3648
26.0118
21.6147
23.6389
18.8613
27.1658
25.1744
21.5726
29.2695
23.9572
25.5010
20.1496
20.8900
24.5216
23.5160
20.2554
22.6750
29.4510
18.6157
25.2223
23.9310
28.9589
20.9922
33.5739
21.7562
30.2077
27.0620
30.7782
21.1783
21.0640
24.8355
29.7855
26.7515
25.5765
20.7990
14.6708
17.9875
31.3057
25.1329
19.0100
22.9829
24.6375
18.7451
29.1502
23.1825
21.6533
22.1967
29.8027
27.2570
27.9759
26.8966
27.2265
30.5165
27.5759
29.9556
25.5764
28.6181
21.6542
20.2813
23.4878
24.2686
25.2440
20.4930
31.7774
30.7494
27.4500
24.3403
22.3813
27.2850
20.5788
27.4379
21.4457
29.7724
19.0007
21.2621
19.2010
27.6307
16.7750
25.4515
23.4082
24.4436
22.0626
20.0464
18.4340
27.9155
21.9528
24.6885
19.9608
24.2411
20.2740
24.1295
21.5035
30.7126
23.6779
31.1206
31.5826
30.3417
26.1645
30.8521
28.1318
19.3483
29.3094
28.2990
24.3368
19.2669
27.6439
19.5273
24.1445
29.5702
20.8669
31.6449
24.6634
21.4335
25.9062
27.8677
21.8710
33.1476
20.5325
19.5242
24.1087
19.4215
31.1735
24.0979
26.9574
27.9294
30.2423
28.2704
24.3782
26.7347
28.2869
29.7472
20.3342
20.1586
20.0279
22.3934
34.6880
25.1314
28.7334
23.8464
23.2390
32.6959
28.0121
23.6888
20.0898
22.7890
20.7076
18.8537
20.5189
22.1365
18.0908
23.8866
27.5749
22.6601
24.9302
26.6390
27.8528
22.9352
23.8063
33.1398
31.9246
20.7862
19.3445
16.2596
24.3985
34.7851
20.3411
22.9355
18.0586
24.2582
24.9062
23.5678
19.1401
34.6841
20.0949
17.2716
23.6366
28.2314
32.2309
21.0751
16.9960
22.9317
28.2550
29.8401
19.5593
25.9479
23.6203
21.1288
23.6803
22.2371
17.2095
32.2987
32.7371
25.8234
21.9105
27.9723
27.1775
27.7859
22.3574
25.7780
19.5597
33.6881
27.0950
25.1302
27.0384
24.5805
20.1512
28.6108
31.4613
17.1247
25.4592
22.2726
22.4511
23.4087
25.0090
24.7309
24.4892
23.0672
17.9762
27.6518
21.8679
20.1955
25.4309
33.1337
21.7724
20.6635
27.3896
17.1209
24.8318
22.3133
31.2209
20.9969
25.3621
21.6448
20.8423
25.4333
23.8641
20.9369
23.7039
24.1674
27.0440
20.1367
23.8170
22.9141
22.0837
28.1388
27.3877
30.1764
28.0634
24.4471
20.3244
21.8696
26.6685
26.8553
21.7794
20.3325
27.6285
24.2534
28.6770
35.8295
22.5720
30.8238
20.6859
25.6843
33.2665
27.9992
31.7435
26.9470
19.2026
32.6227
24.4340
17.6198
19.6055
26.9224
21.3553
16.5101
21.5570
24.6984
18.2750
25.9849
23.2884
26.6714
23.3485
26.5801
26.3899
21.9690
18.1673
25.7153
33.6709
21.0665
21.5699
27.8194
19.7006
23.1718
21.1796
27.3394
25.8839
18.7867
21.8714
23.6316
29.2302
18.3640
20.5608
27.0573
25.1470
23.3454
28.8552
32.7733
18.0321
20.2427
27.0064
31.1271
26.0078
21.8387
23.1428
28.8749
33.2989
22.6744
25.8368
35.3557
23.0766
27.6536
25.7261
21.0330
21.5909
19.1219
20.9165
31.3139
18.3600
22.8551
26.5165
17.1191
27.9007
22.4368
19.0539
28.7823
28.8998
21.4654
24.3804
26.3103
16.9077
21.4561
22.5764
27.9897
20.7433
25.6396
28.6956
30.0933
31.1287
20.5655
23.8066
28.5794
20.9007
33.6787
18.7898
27.0378
22.8944
23.3774
25.8400
21.4250
24.3993
29.9024
37.0491
26.3672
15.3653
24.8835
26.8249
19.0052
28.7807
27.9458
24.4520
19.8237
25.3077
20.8787
25.1557
15.7408
33.4214
25.1135
21.9244
17.2649
19.7792
25.3547
28.0728
25.3338
28.6478
26.7324
31.9287
28.9176
21.3819
34.7248
23.8100
22.6216
29.0377
28.4383
33.2979
32.5763
27.4072
23.8686
18.8479
32.0560
17.8578
25.9492
21.2714
32.4650
31.6565
25.4072
18.6268
15.4054
33.8366
20.0492
20.7812
26.4838
25.6574
16.4375
26.2110
19.0040
26.6055
24.0774
24.8437
23.6129
33.1198
24.0371
22.8779
23.3743
22.2508
25.7143
28.1770
33.2527
27.8750
21.7084
26.3354
21.9925
25.3688
27.3578
28.7602
21.3451
29.6608
29.6590
23.2713
21.7177
28.9104
25.2106
24.4823
18.0463
21.7277
19.5332
22.6706
25.3169
22.1542
29.2853
30.8978
25.1058
26.1902
23.2773
28.1636
18.5815
28.9560
25.1218
35.8578
27.2223
27.6431
32.1911
23.4153
26.1693
29.7807
23.9026
28.3038
23.9272
29.2192
29.8494
19.9738
24.1443
26.3205
22.4384
19.3352
19.1529
16.6320
20.6207
22.2475
26.5275
19.9157
26.4430
23.4459
22.8279
21.1840
20.7657
33.8568
20.0839
21.7769
23.4338
27.2956
31.0276
26.0017
26.4002
17.9141
18.2362
16.7354
24.1823
23.5009
19.4353
26.1016
24.8007
21.3054
28.1074
21.2531
26.9306
20.8776
17.8251
21.7643
26.2654
26.7405
26.2748
21.2070
22.5889
18.6248
28.7131
22.4781
23.1708
31.3452
20.9955
17.7875
17.8521
19.3237
24.3863
18.0745
18.2843
23.5387
23.1874
32.3641
25.8432
27.5062
18.1186
30.7259
24.1155
28.8599
23.4789
28.6140
26.8678
31.4685
20.4686
27.9879
22.2479
20.0777
16.9080
19.8457
23.1565
17.6299
22.1605
21.2832
21.6341
19.7121
24.0796
32.2813
26.6658
20.8748
26.9137
25.4204
20.0132
24.1189
24.7025
19.3900
19.9343
30.3515
22.6490
25.7214
30.9179
22.2569
21.0769
27.1014
26.9676
25.5010
25.6105
22.6442
23.4305
29.8658
24.3823
28.6976
31.2381
21.4646
25.7267
27.4356
17.4621
24.6658
24.8109
25.3542
19.4636
22.0504
28.9347
20.4857
21.1828
27.1593
25.8109
23.4168
33.0771
20.6353
18.9420
23.4166
29.9696
24.8111
26.8170
22.5327
24.4116
22.0646
26.8119
16.0474
23.6530
28.4815
29.4902
18.2357
27.1370
25.9613
21.3804
22.8836
26.9631
18.1740
31.1581
15.5074
24.5615
19.4118
28.9118
25.5633
35.9210
16.2749
27.3942
23.3726
17.9044
19.0499
26.0148
27.2593
31.6675
24.8701
21.1448
22.7550
23.8074
20.3959
21.2363
26.4939
25.3158
29.6664
26.6956
27.5381
28.4465
24.1746
24.4491
19.7964
23.6762
25.3874
24.1126
28.7915
19.2306
20.8155
27.6910
32.1071
21.9823
30.0353
20.6187
36.7736
24.3176
22.8754
21.0753
21.7026
22.4487
23.8245
28.0673
31.1446
19.3380
28.9735
26.1691
27.2370
19.2564
35.3978
25.7311
24.1883
16.9786
16.8786
24.2825
34.8733
20.6348
22.5137
17.5440
21.0083
31.9524
26.4966
23.2251
26.2216
27.5072
22.3869
21.3176
25.2541
23.0568
23.6927
25.1718
22.5471
19.0210
21.3103
27.9773
20.0444
29.1532
25.6470
23.6124
24.7562
22.9650
30.2486
28.1064
26.7468
23.4976
23.2052
19.8196
20.2598
17.0854
27.9009
23.9062
25.5061
37.4931
31.0288
30.8852
20.8754
19.0898
22.7906
27.5580
21.2663
21.3923
21.7950
22.0915
21.1923
30.7449
20.9879
23.0570
26.9538
18.6222
17.3802
30.9581
20.8732
18.2273
27.2648
23.7908
24.1202
31.9277
23.7312
23.6090
22.1996
27.5236
27.9944
24.5934
24.6834
18.7239
33.8081
19.3463
19.8087
27.9205
28.2334
21.7489
26.0638
26.4062
27.1637
25.4820
18.6078
20.3499
25.9380
21.2294
19.4340
31.9757
25.3262
18.4303
27.2590
29.5651
28.0502
17.4449
20.4659
19.3836
24.3618
24.9835
29.7485
26.5998
22.1781
17.6346
18.2894
31.7179
30.7495
23.5651
20.1967
21.5823
21.3655
24.9267
20.4666
17.2990
17.6359
26.7867
18.6839
25.7454
23.8459
22.1179
19.8680
20.4877
22.1674
28.7619
20.0397
34.4175
26.3519
24.6788
27.8966
26.2168
31.5523
22.8306
21.1886
27.1102
31.6641
19.2203
21.9166
21.5408
27.3175
26.3395
24.3247
21.9964
20.0580
33.2249
25.7976
26.2222
30.3880
28.0136
25.1025
15.7570
19.6738
22.3900
26.9409
30.3191
21.5529
28.8410
23.9431
29.4746
22.1143
19.7854
22.2922
29.9662
25.8018
26.1526
32.7184
21.7572
20.1844
28.1540
24.1118
23.0223
18.3814
32.8337
23.3384
21.0667
19.0080
19.7034
31.2670
30.2034
28.0846
24.3751
18.3292
20.4598
21.5179
18.1406
22.5864
21.8353
21.5223
24.4634
21.4477
26.1873
21.4510
17.4821
24.4802
19.9848
32.1307
23.7277
28.3097
21.7030
31.2676
19.6696
25.2746
26.2390
24.3590
28.7967
28.8741
26.3726
25.8785
27.6227
27.1010
22.9879
20.1302
18.5737
31.3866
25.0079
16.5815
17.1993
27.4212
21.6327
32.0102
22.6328
17.7959
31.8831
26.8654
25.8965
24.6472
27.3792
26.2072
18.4755
26.3673
22.0869
21.7606
24.0751
24.9719
20.1657
20.1522
32.1190
36.4659
26.5269
21.3887
24.3726
20.4937
21.8181
20.9805
24.2020
20.9129
19.2932
27.6639
29.3591
23.3236
23.3174
19.0741
20.8108
17.2010
32.8193
18.9154
23.6885
25.7771
18.3272
19.7820
20.8925
19.6765
29.8492
27.5714
29.4473
25.0499
22.4991
27.6296
28.4210
23.6124
25.9238
21.1993
30.3476
28.4738
19.1026
33.7487
34.8312
29.2821
20.8478
29.2104
28.3047
18.8042
25.9613
27.1239
29.3910
27.2725
25.8706
25.0764
19.0301
21.4722
29.3741
18.3972
25.1230
28.9516
22.9915
28.4666
18.9723
28.9365
24.2745
24.9278
27.9716
23.1869
19.0371
26.7338
20.0729
24.6296
29.1602
30.4220
16.7183
21.4492
25.5448
25.0697
28.2755
24.3029
30.8248
25.2979
29.3017
20.3029
19.9729
24.9513
25.5034
22.0466
25.4273
23.6912
30.4463
23.3930
24.0199
21.1399
26.3081
17.5269
26.1196
16.7858
19.7777
18.9238
25.3018
28.5261
25.2870
23.7705
22.7564
25.7549
27.8546
19.4559
21.0699
23.8572
20.7266
24.9121
29.6273
20.7339
30.9162
29.7314
16.5609
23.3998
25.3758
27.6226
33.2270
26.5936
29.5478
26.5720
22.7489
17.3244
17.4985
19.0867
22.1058
29.8241
25.0669
23.2502
20.8895
23.1370
25.6613
24.8919
27.6023
28.4382
36.6730
19.4596
20.1968
22.7550
27.3712
25.2372
24.0186
27.1235
19.4463
19.3066
26.0833
25.5779
21.1036
22.9917
25.2145
27.8296
26.3351
25.5224
31.0626
24.9293
25.0007
21.2643
27.2637
19.9819
15.3669
29.0942
23.4864
20.4509
17.4468
23.2710
22.9931
22.2588
20.9509
34.8379
22.8940
22.8112
23.8322
23.5742
21.5015
25.9965
29.3116
22.5137
22.3141
22.6900
28.8412
17.7589
27.4230
24.3669
26.1313
23.6804
23.7678
19.8859
27.2136
28.8630
25.6943
28.2478
28.1852
21.6674
27.4550
30.3180
29.7633
16.3553
29.2394
22.5310
23.2251
17.4428
20.7063
21.0492
25.2235
27.3991
25.0356
30.4260
21.8645
23.5661
27.9869
26.8831
27.1241
18.4314
27.8092
19.0033
33.9096
28.4676
31.2974
22.9553
20.5379
20.5660
22.1565
20.6188
29.0738
24.3173
17.7518
24.9763
27.0488
33.3028
19.3806
27.5360
21.5395
28.6949
26.9719
28.9099
25.6327
22.1525
20.9060
37.0230
25.5978
22.7942
24.0214
25.1907
19.5826
33.0412
19.4204
19.1299
30.7083
27.9319
24.7805
22.1395
21.2057
21.7417
30.9878
24.7549
24.5806
28.1372
27.7074
29.7422
20.7236
21.0542
34.6382
19.1150
29.6074
27.2867
29.0383
25.1636
22.8133
23.2928
18.7814
26.4709
31.0930
20.5600
19.8185
19.5582
28.6524
25.6872
24.7206
20.6240
24.3304
18.8855
25.1099
20.3805
25.5855
27.3999
24.0558
22.2282
17.9014
21.6157
20.6800
25.3344
25.0507
26.1098
21.7146
27.7399
16.0906
18.5501
20.2215
24.4292
34.4294
24.6948
31.0249
23.9936
26.5414
24.1630
29.3911
18.8533
21.9835
28.7770
28.6631
28.6779
23.6145
31.0540
28.2552
31.1337
26.4451
23.4886
29.5751
26.0815
18.3998
19.1850
26.7895
26.9037
21.2338
25.9908
17.8034
18.6136
26.6015
25.9477
25.4643
27.9440
28.1993
31.0402
29.2267
20.8791
29.3092
31.4705
21.7883
27.0577
22.0609
30.6203
25.8342
28.3693
21.3508
34.2923
19.8602
20.6257
17.3197
23.6718
23.1516
18.6539
29.0642
24.3767
27.8437
27.7093
27.8445
23.0208
25.7962
24.1258
20.3297
25.7553
21.4860
24.2751
29.4969
30.9520
27.2560
19.7377
25.3500
22.3129
28.1048
16.0553
18.2423
24.7039
25.5503
29.1955
20.0728
28.6053
30.0162
24.9334
28.8528
20.0980
24.7262
20.5414
20.2144
21.5063
24.7992
25.5452
28.8452
23.6529
29.3490
24.2549
30.3852
32.8133
21.2398
27.4446
16.8506
29.2926
17.7949
21.0026
23.3877
19.1435
29.2114
24.2177
29.6310
16.3768
27.8467
23.9194
27.1806
23.5038
23.5190
21.5530
24.4548
19.8102
25.4811
30.3579
28.6021
29.3550
27.6227
21.3160
22.3583
17.9438
35.7779
21.8599
21.6796
23.4263
17.8675
26.1382
22.6040
31.7813
26.5118
22.2569
31.9599
21.9626
19.4830
23.5032
21.4481
26.8768
25.8852
28.5130
31.6272
24.4533
29.1524
19.7939
20.1338
21.2419
27.3053
24.9355
21.8276
28.9519
22.9793
21.1308
20.3473
23.1739
22.0232
15.8639
26.1255
19.7095
29.5202
23.3598
24.6927
25.5288
29.3146
26.8108
26.7398
24.5911
23.9313
23.1358
22.3534
19.3143
20.8426
23.5570
25.0775
26.7235
26.5060
31.9913
28.6830
26.1731
28.2345
22.6664
23.8701
22.4548
21.1658
23.8912
20.7478
23.0267
25.9334
27.6787
27.8582
22.2427
27.3059
23.1816
18.0432
36.6074
23.3618
23.1391
32.8661
23.3643
21.4971
22.9949
18.2815
23.6466
26.0385
25.8596
25.0535
29.6762
21.7313
20.4534
28.0966
29.0975
20.9443
18.1649
21.2610
34.1399
22.3366
24.0408
28.7669
23.1667
27.1472
19.2486
21.7876
23.5433
25.5589
23.6716
25.0013
19.3868
29.0729
28.7587
21.1068
21.7929
31.0039
21.2340
30.6617
26.5946
27.3107
25.6828
27.8273
25.5299
34.0139
29.7712
20.0855
24.6080
24.3630
23.5518
17.4018
21.6117
26.0856
28.6061
29.3752
21.8838
30.3381
26.1526
26.1716
25.0144
17.4499
23.9546
20.3796
22.1458
22.4630
25.9942
23.2301
20.3811
28.3150
23.2611
21.2540
26.0959
34.1179
22.2220
28.1543
21.8081
24.1277
18.2548
22.0230
22.1098
22.0049
25.2573
24.5687
16.2668
21.6046
19.8054
32.0276
33.3616
30.5135
33.1176
22.1667
24.1550
29.9730
24.5273
29.3604
29.8173
27.3029
26.1636
21.5661
18.9686
24.2893
20.5105
28.0207
26.0944
24.1669
34.3278
24.4094
20.8280
30.4789
23.9485
26.0799
20.0234
30.1294
15.7023
23.9624
20.8136
17.7126
21.3756
19.5732
24.2712
30.7840
27.2425
23.5243
29.9061
19.2548
21.5758
29.4039
25.9554
24.4636
22.7197
24.0548
26.2926
23.4035
27.0854
29.7917
21.2675
28.8959
25.3478
26.5457
21.8844
28.3672
22.7427
24.2430
29.9037
22.9595
18.7676
26.2854
22.6407
22.4415
19.3110
29.3248
28.0608
31.1893
24.4407
23.6289
30.4039
34.7993
26.6591
34.5088
30.8018
21.1144
29.9932
23.5289
18.8140
24.7600
20.6732
19.4388
26.3270
26.5089
30.8113
17.6360
24.5501
26.3744
19.5478
24.9222
23.0615
16.6943
30.3337
23.2442
20.6560
24.7511
26.3044
21.5237
24.3774
18.0843
29.5658
20.8722
21.9544
19.5412
29.7475
28.1372
25.1541
29.2393
25.4762
22.3835
25.7020
30.5264
29.6088
21.5005
32.7860
22.0996
20.2754
20.7302
19.5438
22.6105
20.8626
28.2166
21.9055
21.1869
24.1444
20.1879
19.3691
22.9067
27.5459
19.6489
23.2232
27.5535
24.5197
27.4102
22.9011
32.3752
21.7019
24.0837
23.7836
21.4168
24.8930
29.7250
21.9129
21.3629
22.4378
23.1402
25.0347
23.0276
28.8097
24.8309
19.1380
20.5072
24.0716
27.2447
25.7036
21.1391
27.0400
25.4682
31.2387
24.1745
22.7160
27.5084
17.4285
23.0440
25.1829
25.7393
23.7401
20.6518
22.1539
33.8962
24.0320
35.1295
28.9490
23.8740
24.5105
27.2241
27.9804
27.4227
22.2241
24.0713
24.8558
33.1045
33.7767
26.3305
20.3793
21.4086
21.8125
28.4473
26.7795
26.4878
20.9482
20.2831
32.1428
22.6989
30.4410
20.7064
28.5990
26.2475
26.3156
20.6761
28.9522
22.1448
23.1935
26.3362
25.3360
25.8824
30.5687
27.2265
29.6259
26.1527
25.4026
28.4670
19.8689
24.7992
29.2460
24.3171
25.1563
27.8448
27.1520
27.1539
15.6952
17.7939
27.4809
22.1508
24.2176
20.9102
20.9444
27.7523
20.2014
22.5908
17.4673
20.4387
24.2412
19.7849
21.1390
28.8994
29.7396
20.2287
23.1100
22.5682
14.8445
27.0967
24.7034
26.8784
18.6100
25.1787
23.5719
18.2827
22.2411
22.7380
19.2812
21.8677
24.5412
29.4391
25.6797
20.3616
25.7406
28.7769
24.2745
17.2481
20.6954
29.8667
22.4848
24.7273
25.8428
28.7464
33.2428
19.7164
21.2951
28.8287
25.7173
27.1551
18.2578
26.5638
32.3523
24.3680
20.3433
20.6455
23.0253
20.2969
20.0032
29.7905
29.4474
29.6717
22.3200
20.2210
25.4513
25.7188
18.4266
21.9499
22.5633
20.2340
20.8897
22.7151
25.5274
21.7056
24.5295
18.4454
19.1227
21.3059
20.9821
26.2923
23.3582
22.6531
21.7019
21.8784
31.5753
17.7044
21.3116
22.1802
19.9827
31.7177
36.1779
19.9676
30.3047
25.0087
25.7099
19.0082
23.5167
33.2135
25.2301
28.0910
22.9753
20.9173
19.8454
18.9269
18.9019
18.7083
23.3791
22.6648
21.7884
29.1413
24.7190
35.2138
22.3928
22.3778
22.1692
27.8172
28.7363
23.8976
15.8902
17.4809
30.9056
27.8199
27.3661
21.0075
19.2838
23.3809
20.1541
30.3560
24.5547
22.4165
17.9182
22.9276
29.0148
27.8777
23.6117
30.1100
25.9633
17.9089
19.7949
31.7026
20.6125
31.1461
25.4244
23.7340
22.7401
28.0713
30.4604
25.2540
22.7048
18.4061
20.8291
24.9238
17.1861
23.5689
30.2930
19.7549
29.3681
20.6878
25.2190
25.4591
21.4176
25.0386
24.5808
26.2076
26.6996
31.0925
30.0705
18.8786
22.6941
18.9986
21.3055
21.9079
25.6231
24.8317
19.7474
22.6372
26.0866
25.3018
24.4356
23.1706
23.1241
32.6369
26.8833
16.7620
30.6309
19.4491
23.3359
26.0685
31.4658
28.2723
26.1074
25.2130
25.0649
18.8584
23.8968
26.8557
25.2935
21.7136
26.0773
27.8486
28.0864
20.6152
22.1191
29.6992
20.7476
28.5436
19.5506
22.6198
28.0540
18.5407
17.6190
33.1506
23.9351
23.0850
32.2329
23.8956
25.7499
30.7916
18.9918
32.9077
23.4103
25.4189
18.5462
20.8307
24.0526
29.7009
26.5892
19.6368
25.1315
23.0892
26.7100
30.3449
25.1617
30.7108
18.3490
20.0201
22.2836
23.8509
19.6552
25.6077
27.7519
24.3170
26.3432
22.9284
24.7378
24.4490
27.3649
23.9731
26.4955
17.8370
31.1857
20.6155
25.6612
17.1562
24.7023
23.6056
21.5042
22.2373
33.4678
21.4664
25.3433
22.3530
24.8264
20.7721
18.5924
20.6092
17.8115
28.4649
18.5347
27.0179
20.1745
21.7496
20.1751
26.9421
21.0215
25.2641
24.1058
31.8290
15.8682
26.5275
26.6691
23.4894
23.0254
30.8749
20.1100
28.0265
23.0830
32.4984
30.9559
27.9517
16.3401
28.1401
23.9721
25.2705
24.9533
32.9515
24.0150
18.4965
27.4970
21.8951
29.0847
34.1987
25.0700
25.8193
35.5603
28.8050
22.7045
22.1730
22.2299
18.8221
29.3085
17.3378
26.1272
21.1039
24.1915
21.1820
33.0680
19.4953
21.6707
24.4829
22.6199
29.6372
25.4759
22.3079
21.4572
24.2058
26.6985
23.8437
23.5310
21.6077
17.5728
20.0571
27.8215
27.7164
20.7620
27.0594
21.3928
27.6108
26.5392
24.9225
27.3980
24.9552
24.3144
19.7995
28.0469
24.3688
16.3181
24.0203
28.1069
22.4598
29.7969
21.4729
24.6268
27.8228
20.0185
21.4290
28.6302
34.1130
23.4724
24.8744
23.3748
19.1412
19.4609
27.7200
22.5197
25.2571
19.0799
20.2295
30.9762
21.7200
27.0543
23.0665
34.1733
22.5672
17.1235
22.2268
23.6418
22.1168
24.2081
23.6081
22.1444
21.4283
28.6802
28.4903
26.7202
22.2375
26.0591
28.3595
31.2666
29.4760
21.5129
19.9255
22.2236
25.2075
23.9511
23.4793
25.6778
17.6681
27.9584
19.5310
24.6610
27.8687
23.3313
19.3255
22.3728
25.2166
28.3477
22.6342
20.0255
36.0644
21.7036
25.8851
25.2742
20.9296
32.9249
19.0801
26.5020
23.3941
23.0465
23.9975
29.8410
19.3624
25.0293
26.1597
24.0974
25.9137
22.4584
31.1253
26.9182
17.9751
17.6122
23.6153
22.7997
25.1348
26.5016
21.1948
22.3231
22.5497
24.1847
25.5837
21.4024
28.3342
30.3773
20.9068
25.4798
21.9052
21.9600
20.7962
17.3100
31.2778
23.0792
19.5708
21.1150
25.7192
29.3393
24.7208
19.9629
22.5251
26.5470
24.8752
35.2652
26.3755
18.3230
29.0295
28.9353
24.1845
17.3337
30.0414
28.2955
30.5600
24.9923
25.6114
21.3605
27.2199
25.7225
23.2114
23.0751
20.3054
23.9372
17.2152
26.6463
27.4563
16.9700
27.6216
25.5262
21.9396
22.1947
28.4301
27.1086
20.2098
22.3963
17.8016
23.1167
32.1762
28.8834
30.0808
18.2346
26.2114
25.1181
21.6403
22.8581
19.4485
30.4247
23.7935
25.4586
28.0364
19.4188
19.2910
24.9316
31.9914
24.8193
26.0528
27.7695
23.9560
26.9079
22.0406
25.3482
19.0382
24.1367
23.1125
29.9917
29.3349
29.7388
30.4208
16.1955
23.3991
19.7884
24.5937
22.2974
20.2576
25.7191
22.8846
19.8891
29.9890
23.5352
26.9805
21.4154
28.3632
21.9146
27.9316
18.6338
19.4651
17.3015
23.6884
18.0331
20.1865
23.1535
20.7446
19.2202
25.3527
30.5643
19.6505
25.2819
29.0667
20.4997
19.5265
24.5892
24.8278
20.0655
32.4869
23.8071
23.4914
17.4201
21.0540
18.8781
24.2046
21.1669
35.4939
20.7351
21.9935
28.7572
21.2190
23.6438
25.9966
23.3733
25.4807
23.3301
22.2579
29.4640
23.7523
24.5227
18.6643
26.5826
21.9161
23.2360
18.2352
18.7813
24.3508
23.8212
22.9109
26.1890
26.5519
27.1197
17.4506
21.3182
31.9607
22.5141
22.8904
27.3756
23.2334
20.6548
21.9383
18.9703
25.3868
29.9378
27.7617
32.8776
29.9952
23.2745
27.0851
21.4404
28.6529
16.7805
29.8983
24.7949
21.4555
32.9131
30.3023
24.1990
25.8252
25.3924
23.2734
19.9764
26.0156
15.3132
20.1452
21.1338
27.8739
25.5279
22.1436
23.0066
26.1729
24.6690
27.4498
25.8646
19.4655
16.9539
19.4890
31.0809
29.3700
30.2330
28.4941
17.9674
24.6196
21.4799
26.3713
22.8187
25.5463
26.1455
30.1294
29.8531
23.6443
18.9594
22.4103
32.7545
22.5051
18.3102
22.4216
30.0137
20.7815
28.7632
26.8187
19.0064
27.4994
16.6955
23.6541
26.4307
26.9219
21.5019
24.6083
24.1787
28.5517
19.7992
23.9181
22.1491
23.0886
26.3644
21.9013
20.7851
19.3802
30.3021
23.7712
23.3532
26.8802
27.9245
32.1831
23.0312
15.4535
23.2582
20.1603
28.7373
24.7892
28.2900
28.9082
28.2134
26.9139
28.4253
18.8634
29.9450
28.8952
19.9045
21.4273
33.5118
22.5450
25.6427
25.0342
21.0605
33.5334
23.5701
25.7653
18.0746
28.2132
20.4451
22.8971
24.5580
26.3065
17.9882
23.7971
21.3092
17.7390
35.3134
27.4765
28.4275
24.7857
22.8076
25.6000
24.1922
24.1331
18.7636
26.2221
22.2003
17.9050
25.6495
23.3054
25.0893
22.0966
24.6319
33.2093
20.2733
29.6338
26.1524
26.6813
28.5764
33.0372
22.7744
20.7877
17.7034
23.5041
24.9178
23.3505
22.6145
25.8290
24.3937
21.2744
20.6434
27.3569
17.7881
23.0569
23.0448
21.1218
23.0390
25.9224
28.7906
30.6363
23.8176
18.3130
17.2432
20.4638
26.7321
26.6352
20.4072
20.3055
20.3496
17.0811
17.5204
31.2339
27.9277
35.5152
25.3014
23.6557
25.8455
19.8024
23.1151
26.1762
22.0647
31.1601
26.5834
27.2786
24.4758
26.4349
26.8614
26.8873
23.8557
29.8826
31.4166
18.7630
31.3165
30.5197
24.8036
26.1288
26.2900
20.7612
19.0626
25.1400
28.9664
23.2656
30.9087
23.7346
29.7764
22.3071
19.3065
15.0029
24.4127
16.1279
25.1665
23.9129
25.0412
28.4220
23.8327
18.1828
23.6560
25.6962
30.3123
27.5044
19.8928
27.0545
25.5792
18.2005
30.7624
21.6848
24.1765
28.3605
26.9817
22.7699
18.9424
27.8275
20.8809
21.4379
27.1178
21.1999
23.8817
23.6815
28.6141
31.3518
26.2698
23.0905
28.1860
20.0316
21.4715
19.2673
23.4758
26.1559
20.2946
22.9992
26.3175
23.6000
26.0017
26.5859
21.9417
27.6866
18.6991
23.6395
31.3599
17.7097
25.3178
20.0211
25.0999
22.4295
24.2053
26.9688
19.5755
23.6877
26.4263
19.9507
27.0272
26.8436
32.4925
27.1012
26.1993
25.4962
23.8308
30.1961
26.9203
19.8002
21.2465
23.2499
24.2620
21.5392
22.0728
23.4069
23.0901
28.0058
21.4459
22.4922
27.8913
26.8322
22.8881
26.0338
24.2177
27.4519
20.1683
20.3267
23.8120
23.1643
22.3266
18.4821
32.0836
26.5991
24.5015
27.0903
22.6425
20.0309
27.3898
20.4200
21.4189
23.0296
17.1763
22.1386
21.7403
28.2778
20.0200
26.3417
18.4205
21.5457
23.7658
20.2760
34.3338
18.1413
28.1434
24.9181
24.3363
25.2384
27.9375
31.0497
27.4765
21.6379
30.0299
20.8393
19.0254
26.1654
24.0306
30.7665
23.3295
17.4266
26.5542
19.3004
25.6853
30.0576
25.3897
22.2389
24.9796
23.3157
24.3227
34.7218
23.1514
17.8998
28.9005
30.7120
18.3731
25.3629
28.9365
24.4196
21.6079
21.0486
19.0681
18.4230
20.1161
17.5443
25.5529
19.0557
20.1109
29.1725
18.7613
21.5598
23.6049
23.6731
23.4610
15.3882
25.0597
26.9765
22.9665
26.7287
23.6366
23.1601
21.5692
26.7141
25.0260
25.6033
30.1104
24.4159
22.1742
27.9492
21.7418
25.6076
28.4904
21.0722
20.9028
28.0483
16.5704
23.5018
22.7910
26.6237
26.1523
20.6030
23.5624
17.9065
22.6525
29.9626
26.1801
20.7871
21.6796
28.5600
29.0602
28.5937
29.2688
23.1252
20.6006
24.2590
22.6822
23.0535
33.7797
25.7150
22.5241
18.6374
17.5010
16.8352
17.4804
18.1795
17.6727
29.7194
23.2298
25.9421
27.0229
25.0220
26.7972
25.2573
26.0805
26.7339
22.6178
27.3876
25.3144
22.5969
22.3296
29.1372
15.9696
19.7179
17.5751
19.9509
19.9670
22.2213
25.1232
19.4824
18.5677
20.1307
21.8662
19.9711
26.0239
17.2189
19.3774
25.8969
22.8937
22.8549
22.6811
20.3232
27.9815
23.2919
26.5600
24.1791
31.8687
21.6190
29.7248
17.6230
19.6591
20.4967
23.9188
30.7143
26.3907
24.7822
21.8520
31.0143
25.6609
24.9042
34.9055
26.4436
31.3672
21.0535
21.8438
30.8488
20.5020
24.1078
28.8833
18.3739
22.5720
19.7560
21.0029
25.9450
24.1275
26.0057
19.9271
26.1150
21.7186
23.8955
26.7634
26.7917
18.9275
24.0541
26.4335
30.9104
21.9670
24.7715
21.9044
21.6067
34.1814
25.3357
25.7171
21.5061
21.8317
25.4795
24.8732
30.2839
25.4214
24.5435
21.7172
25.9632
24.4167
15.9528
26.1500
28.5102
23.1102
27.9798
29.1970
26.9199
29.9575
23.9773
22.7178
26.3419
24.5064
22.4308
24.6288
28.2615
27.2888
18.5547
33.3849
25.9711
27.7411
25.3969
28.7438
17.7364
25.2239
25.2676
27.0499
23.4702
32.0186
20.5531
22.3210
27.9363
25.9597
24.8445
25.5417
18.2849
25.3032
21.0383
20.2039
26.1955
26.9038
24.4339
27.9657
32.8446
20.9962
21.9588
25.9736
25.8203
21.8051
18.9771
25.1914
28.6695
26.0419
17.6859
21.4258
26.6951
24.8648
32.3225
23.6506
23.1634
20.5988
25.2584
19.9692
24.7358
20.9740
23.0782
24.3036
23.4120
24.9101
35.2347
24.4641
24.2444
23.9202
21.3775
21.8588
31.2606
28.0401
27.1070
28.3774
32.1121
27.1715
22.9719
23.9137
28.9411
26.8049
19.1148
16.1746
27.7977
24.7902
22.9843
23.9710
20.5946
20.8987
18.1790
24.5878
24.8887
23.0709
28.7194
26.1015
32.1955
22.2915
26.5597
22.6376
22.8377
20.6875
27.9308
29.7059
22.7729
21.6960
28.8282
27.3214
20.4431
20.3600
18.1240
25.5535
28.4896
22.5467
28.4325
23.6070
28.9698
27.0925
25.3969
25.0560
25.2567
24.0731
22.5570
24.5982
25.7608
22.7044
27.5237
21.0368
30.7241
20.1371
19.3635
29.1480
24.6730
18.9737
31.6871
20.4732
29.8163
22.1414
22.9299
31.8602
21.9323
22.1137
29.1960
29.0433
29.9244
21.9131
28.3731
23.2085
30.7950
20.9690
25.1933
25.2931
29.7681
23.5695
18.5437
21.5906
29.5633
31.7099
26.5268
20.6847
23.4318
19.0610
19.7462
20.3274
20.1737
23.5067
18.8995
20.6522
24.2221
24.7506
21.5939
21.1824
18.4647
21.6129
20.2219
28.2032
34.1791
24.6822
21.7110
29.3450
29.4016
21.3623
25.8811
24.9178
19.0441
24.2186
27.6611
25.0806
22.2823
25.4364
21.8314
19.6798
32.4000
27.7356
24.7734
24.4007
24.0782
18.1351
24.9991
30.4478
29.2931
25.8058
21.1932
19.3281
26.3321
23.7254
23.0112
26.5671
22.7588
21.7722
27.7229
30.9015
22.7250
20.8043
25.7604
23.2527
29.3818
18.2715
22.3916
22.3666
24.8219
29.7452
22.4401
32.0220
26.8904
28.9419
18.2211
21.7260
26.0867
30.8024
19.9244
25.6027
27.1691
26.0295
28.7191
30.4835
25.0499
28.9153
23.1400
24.9186
32.0158
19.0734
24.6856
19.9777
21.0976
20.3613
26.5781
23.1763
27.1179
28.5378
18.1977
28.2384
24.3116
22.6256
33.1125
20.3994
28.8020
18.1644
26.8517
23.2895
21.4613
23.3833
21.0632
24.5530
25.2251
29.1916
27.0475
24.7760
24.8887
22.5680
21.7753
23.6482
18.8546
21.5811
26.3462
31.2017
20.9733
20.4026
30.9169
25.0809
19.8956
15.1638
25.3469
37.0226
28.3163
17.5079
17.0606
16.9399
26.4974
26.3278
24.1140
19.1458
27.3135
26.5433
27.3824
31.4521
26.6986
21.5992
30.3788
19.6359
27.6990
22.8536
30.3486
28.5947
36.2882
22.3550
23.2093
22.5096
25.3355
24.1763
24.9543
23.1635
25.9863
27.6378
29.9366
25.5782
19.5992
26.6010
23.6267
20.4937
30.6626
22.6274
18.3459
20.9740
23.5445
25.2924
22.3027
29.7842
18.5812
28.3442
22.4694
32.9521
28.6402
20.1643
23.1672
19.6247
22.9781
24.7016
21.1080
19.2670
24.5061
33.1546
22.2631
24.0232
20.2037
16.4563
30.2358
16.1312
19.0202
27.0721
20.9076
30.0395
32.5502
24.6775
27.1968
22.6027
17.6366
23.7523
18.8077
20.7680
26.6783
20.1667
20.5150
20.4386
18.6944
26.5059
30.9595
22.7481
21.3319
21.5261
22.6594
22.7859
26.5975
25.4820
31.3830
29.1728
24.7369
20.6621
22.5036
27.6772
19.3950
29.7989
25.1542
29.1021
20.8990
24.9781
25.5679
22.3357
26.2971
22.6771
23.1722
19.4641
21.8838
25.3316
20.2846
30.8017
20.1967
25.9880
31.6183
30.2158
32.7512
25.8734
17.1087
26.1328
16.8584
26.4332
16.5031
32.4747
20.1562
29.8130
17.0702
27.4924
31.1669
24.9193
23.7917
23.9719
29.2739
29.4297
25.1998
24.2143
18.2511
27.6056
21.4142
33.5316
37.4108
22.3800
26.1089
28.7029
27.8396
27.1165
26.1079
19.0385
25.4286
28.8449
21.3453
25.0902
27.3753
19.9801
20.6741
23.7218
27.8190
20.0055
26.3065
28.5997
32.6952
20.3563
20.6046
19.2817
19.8769
22.3158
21.0862
21.8345
32.5577
26.4343
27.3657
25.9050
23.4654
20.6520
23.1926
17.3149
24.3961
33.0081
21.9357
25.3148
22.3074
21.6294
24.1801
19.1767
22.6588
27.0742
24.8296
25.9435
26.0952
18.9316
24.7542
19.8738
20.9047
26.0068
22.6026
23.4428
29.8056
26.0420
29.2047
25.0957
21.2977
23.8374
17.7006
26.0367
24.7139
21.8692
22.2673
22.2004
19.3795
26.4027
16.9687
27.4379
24.4134
25.7101
22.3316
24.4055
27.5931
26.9072
26.7587
21.8714
20.7446
23.9737
29.0629
22.1059
21.3888
22.3659
25.5642
23.7351
24.5086
21.2747
31.8596
26.4806
26.9902
20.4998
21.9386
19.5276
27.5509
18.2825
22.0865
25.2673
25.6329
29.8919
24.9884
25.5637
30.2219
23.9535
23.5861
22.9561
22.3364
26.1010
22.9535
31.3174
25.8876
25.4043
27.4608
23.8156
25.8349
32.4709
24.4360
22.3989
18.7215
18.2839
31.6975
24.3400
21.3800
18.4149
20.7135
22.2884
23.1254
23.3627
22.6080
18.9100
24.9030
20.2711
25.5920
23.9222
19.1364
27.5247
32.5373
22.1443
33.4684
24.5668
25.1803
23.1696
25.0754
24.1010
20.9777
28.9166
31.5395
27.5552
21.0588
25.9990
21.5697
30.8481
18.0646
30.0198
19.5856
21.9895
28.4423
20.8583
22.4360
28.2104
25.1667
20.3538
16.5791
30.4656
27.7550
30.3298
25.6654
34.2156
30.4220
21.3185
25.9392
26.8287
21.2517
26.0955
30.0069
27.3261
21.3582
27.0688
29.8194
25.8729
22.4626
20.5620
29.5658
25.2176
26.6615
19.7159
19.6047
22.4831
30.0193
24.9626
20.9548
24.2934
22.6141
17.6146
19.5329
22.9882
31.9065
21.4984
26.3719
29.5980
24.7426
23.4290
17.8310
26.4295
27.2837
30.5690
23.7011
20.5315
26.9275
25.1834
27.0025
32.8224
21.9114
20.5160
27.0572
19.2361
19.9897
27.6630
29.4036
22.7841
18.0822
26.7756
21.5906
21.0863
23.4224
19.0533
16.5083
18.5668
23.6031
18.8994
28.6121
22.0210
19.3534
30.1790
26.4142
26.2419
20.6097
26.6269
23.3915
21.0424
32.5965
24.9183
26.4137
27.0898
28.3825
28.1818
21.5732
25.0872
29.9733
29.7822
25.9226
20.8953
22.4593
21.9514
20.1801
31.0795
19.8150
19.7252
23.5611
26.4477
22.8900
27.7865
24.3342
22.5381
18.7232
27.6358
25.9832
20.2230
29.7101
20.8947
18.3232
26.2821
17.8538
35.1444
22.8880
22.3872
23.8917
30.0396
21.4026
23.5199
23.3541
30.9480
22.7365
26.9816
25.0961
20.0704
25.2227
18.9260
27.9152
27.8483
26.0869
20.2396
26.6370
25.7946
23.3030
24.7647
21.8276
26.6374
26.1825
20.5308
23.2188
23.8218
35.4655
27.6820
24.5788
18.6538
22.3464
20.7002
22.0501
29.5266
25.5711
26.2758
25.1055
24.8928
33.0408
23.1923
34.2731
20.6073
20.7195
29.9644
31.6043
20.8114
24.1471
28.0266
31.3142
15.8055
28.5256
26.3532
21.7067
30.5508
26.6815
27.6652
20.5293
31.8671
23.0693
25.6887
24.5891
20.2197
23.5513
23.9125
20.4415
20.5975
27.9098
21.1598
22.4501
23.5349
30.3390
28.3320
19.6551
29.7846
21.2634
20.2620
19.4697
21.4982
27.1952
31.1405
24.3707
24.1576
20.9659
24.6888
26.9102
23.0985
22.5858
23.4176
24.6447
18.6446
26.8303
21.0692
26.5344
26.5045
20.2230
23.9990
25.4965
20.9765
19.7359
24.9839
30.5033
21.2937
23.2686
27.8434
20.2094
24.1624
17.4821
19.6314
31.6792
27.7809
25.9068
20.6468
24.9517
20.2393
21.5339
29.1741
32.9520
19.9644
25.4098
24.1897
26.4305
28.6236
21.5886
21.6126
17.7092
24.3099
22.8855
30.5066
19.4970
28.8424
20.9181
22.3057
30.7567
25.2981
20.3846
31.1048
31.0675
31.0856
24.7404
32.2599
25.0192
30.9203
20.3074
26.2437
26.4023
26.5433
19.8033
18.1567
24.1683
22.4186
24.0757
22.9540
21.0568
28.0970
28.8335
30.6821
25.1635
18.1796
20.8837
22.7942
18.8246
23.4043
18.1316
26.3376
21.5378
19.2888
24.3568
23.4994
27.2445
31.7300
28.5294
27.7738
24.7071
20.9462
19.4422
21.2507
37.1508
18.9852
29.7903
33.6235
26.0786
19.4370
20.1624
30.0426
27.7635
21.7838
27.8576
22.9948
19.3109
21.6343
30.1770
24.0643
23.6042
24.1167
24.1086
22.7794
26.7123
25.5736
27.4150
21.3573
20.6238
24.8703
21.7241
29.7144
25.1131
25.4802
26.2037
21.3944
27.7698
26.2786
24.7820
23.7823
22.5630
20.0178
26.3313
22.0854
20.2442
30.6508
20.2188
32.2236
30.6920
24.5065
19.5272
23.1952
18.1012
31.3865
27.6565
22.7248
28.6888
23.1668
18.9237
24.6899
18.9105
34.9450
18.5991
20.7296
24.8880
26.0059
25.9334
22.9744
28.0415
22.2072
27.7003
24.0945
18.0272
19.2194
21.6945
19.7502
21.1606
27.7858
19.5666
22.1383
30.2881
33.7426
25.4553
26.7504
31.0971
27.8011
24.1738
27.1779
25.1126
14.8664
32.7511
19.4105
28.7405
28.3259
26.2582
20.5022
26.8481
27.0081
32.8468
20.8363
26.5535
20.7253
30.1917
29.7245
27.4913
21.7489
23.8068
29.3297
21.3112
22.6842
24.6366
26.5387
22.5908
16.5673
22.2822
27.9483
28.5103
29.9351
23.1663
30.7584
18.8233
25.0997
23.7988
29.4825
24.3173
22.2136
24.8952
27.4850
21.4649
30.0647
33.1477
25.0628
17.7510
18.2026
26.0278
26.0212
28.9332
27.2102
17.6971
26.7469
18.8032
20.5271
19.9005
27.4802
22.9685
24.9622
23.7896
33.3614
26.2288
29.4980
23.4422
25.7830
18.5878
36.0332
23.0190
20.9984
27.0767
28.6935
23.4999
30.1321
23.3810
23.3232
22.9930
28.8274
25.4981
23.3661
31.6373
26.6204
22.6245
22.0440
20.1683
22.8555
20.8704
21.6150
21.9006
20.9479
18.6699
21.3236
20.4054
20.1133
26.3699
20.9338
18.6132
19.2323
25.9996
24.4731
31.3305
27.2465
25.1204
32.0895
20.9052
23.0557
19.0789
19.9592
22.0995
29.7433
31.1294
20.9545
17.9531
19.6130
23.4414
22.1467
28.6479
19.5640
23.1989
24.9454
19.0026
22.5387
19.3978
20.8469
23.3354
26.4000
18.7128
23.1993
18.1022
24.7214
18.5033
32.3889
27.1501
28.0971
28.9459
22.4527
23.6488
20.8760
26.4627
29.9078
24.8874
32.6913
22.1096
28.6094
24.6819
26.8673
21.1490
27.4070
22.3150
30.4200
23.0863
30.1793
26.3637
27.8579
21.2465
25.1111
22.9243
20.5410
27.6950
21.1848
32.8749
24.6090
29.0219
23.0202
30.2091
17.5451
28.4833
25.6543
20.3505
27.5370
24.1642
24.0100
28.9892
24.6540
23.2133
17.1525
29.2616
23.0487
19.7586
19.6202
18.7705
20.5438
28.7990
25.5012
22.3672
26.6833
23.0564
23.2269
22.1605
33.7265
18.8036
25.3074
23.9400
23.2223
25.9688
22.5882
29.8994
22.6492
27.2708
20.7287
23.6969
21.0168
23.6444
27.2908
31.4130
19.3657
23.1982
16.9588
23.8182
29.5794
29.2745
21.0428
19.8051
24.5802
26.2022
25.9263
20.8377
22.0351
24.3978
24.9829
21.7307
26.6362
22.0175
19.5666
25.7292
25.8309
31.0262
18.0633
32.6797
23.7309
21.6520
23.9725
25.2550
24.2353
30.6762
30.1647
25.4750
22.2008
21.7813
27.1770
24.9161
19.1715
20.7174
23.3686
24.1666
32.8295
26.9487
38.5666
30.2411
25.0771
34.5705
20.6679
19.6261
20.7526
21.9914
20.7574
26.9100
32.4028
28.6059
20.6006
20.8705
21.9173
26.4911
21.7471
24.6682
23.6603
20.9072
22.7638
25.2481
24.0868
23.6556
25.4494
24.1919
18.1219
17.2757
17.5491
23.4265
29.8687
28.4013
31.6535
35.9122
31.5080
21.9467
25.0067
27.7525
23.4163
26.8144
21.6786
30.0529
24.3928
21.0064
21.7886
21.0833
24.3157
25.1466
23.3439
19.7732
25.2115
31.3448
24.9892
23.2062
22.4567
28.9288
18.7215
24.0081
20.5876
24.2189
32.2979
24.0659
28.2167
20.6552
26.2703
28.2431
27.0965
26.4548
20.9156
21.0190
22.6505
22.7488
30.0901
21.0048
21.9695
23.5709
24.6802
22.3053
27.5707
20.4139
23.5596
20.2795
20.9839
27.4495
22.8640
25.4908
34.4460
27.6755
22.1435
25.1827
20.5114
20.6340
26.3504
23.0656
26.7843
24.7362
26.2177
23.5768
20.9591
27.5014
28.9648
22.8212
29.4854
26.9349
25.4489
24.4472
24.4263
23.7783
20.9267
25.5954
19.2474
23.8944
35.0728
23.9977
29.3345
20.6471
22.6078
21.4953
22.0378
25.7066
22.9812
24.0173
31.7118
20.3970
16.8593
22.9181
27.0387
25.4746
16.7404
18.8171
29.0661
17.8731
25.0061
25.3212
22.6419
22.1778
19.3715
31.8750
21.5978
32.0503
20.3013
25.2638
21.2914
25.5333
24.2074
28.6764
22.2542
20.8226
20.2087
25.9037
23.5093
27.2469
32.0258
17.8823
23.4229
19.2914
20.2346
25.8194
35.0995
19.9368
22.8707
27.1594
22.7518
30.1866
32.2948
26.2307
22.8438
30.8154
24.8061
29.7385
17.5569
27.7128
21.2353
28.4328
24.0205
22.5358
23.0299
22.0915
25.3067
19.2952
24.8918
18.0229
25.9991
24.9507
21.3695
25.2393
27.1729
17.8344
21.9347
16.5123
26.8431
32.8589
21.4228
20.2399
34.6009
22.1956
19.7615
21.5958
24.6786
27.2846
27.1579
26.0930
26.7823
23.7633
17.9665
27.8309
24.2625
26.1319
19.5579
21.8085
20.1721
32.4659
21.2987
24.6538
19.2324
21.7306
18.0894
23.6038
19.6754
23.7925
24.4072
27.5142
23.6790
22.9596
28.5478
23.0742
29.7101
27.8774
32.3978
28.1262
23.7949
28.8655
23.2965
22.8990
18.3042
17.8381
24.8804
27.5469
26.3071
30.1305
18.8141
26.9196
27.9089
18.4283
19.8081
23.8953
19.4681
33.5987
23.4056
24.3656
31.2904
26.3705
30.6970
23.2716
32.2601
22.8231
18.4397
21.0209
21.8083
23.8974
22.3430
24.7633
21.8822
27.1692
25.9200
34.2691
25.9253
33.6547
19.0597
17.3586
21.5670
26.1601
24.2532
21.3540
35.6334
23.2862
27.4478
20.4031
21.6039
19.5977
18.9588
17.3134
30.9649
20.2202
23.8722
24.9058
29.7672
26.2633
20.6847
20.2598
20.3276
23.3091
20.5287
22.9788
24.7890
29.5111
25.1356
16.6124
26.9403
18.0856
28.0961
24.4776
22.6275
19.0046
22.5227
27.8205
26.0203
27.6966
26.0961
21.6532
36.5078
28.1677
18.0832
27.1469
32.0851
24.0495
19.3283
19.5606
21.2537
22.6160
19.6604
23.3678
19.7527
30.5124
22.1844
21.5370
23.6455
19.7029
22.2161
17.2346
18.9030
18.1483
26.6531
22.0536
20.4430
23.5859
27.7243
28.2774
19.9487
30.6061
29.4374
18.6329
33.4434
25.9266
34.1028
23.1317
23.9729
23.8800
31.4232
22.5367
26.0719
16.3470
29.4235
19.1299
24.4453
27.9446
26.1548
33.8614
20.1842
26.3382
25.7055
31.0141
24.0404
28.9894
27.2133
31.0166
21.4981
26.2080
22.1865
24.7793
21.0256
20.5133
31.9545
22.6766
26.2399
37.4812
29.9241
29.7671
20.3189
25.9800
30.1639
24.8297
28.3945
24.1548
18.5466
25.5822
24.5411
31.0409
27.2344
18.1531
20.5935
22.4234
17.2910
22.5522
21.2985
19.4758
28.0669
21.4062
24.6637
22.5492
17.2435
19.4301
19.0277
24.6320
26.1628
29.2811
23.7086
17.9103
24.2331
27.6148
26.0806
17.6080
23.7122
29.2983
19.3560
27.9632
23.2169
28.8731
24.2163
22.5743
33.0365
20.3115
18.5300
27.4139
22.2601
22.4885
25.2201
24.2577
20.9045
17.6413
27.8040
25.3780
20.9135
31.9930
24.2352
23.2735
25.9733
29.1912
23.6326
25.8842
20.6062
22.7785
28.0720
28.8675
31.8790
23.7214
26.8953
21.2114
24.6741
27.3597
14.9813
24.0804
25.1637
29.1785
26.1883
23.2570
22.9143
23.8083
24.2820
21.8368
23.5000
27.6635
19.4829
20.4441
26.7464
27.6805
20.5557
32.3604
29.1217
24.7388
27.4272
28.0616
21.3145
21.9803
25.2272
24.8692
24.0062
28.1087
26.0700
30.4801
23.2398
34.8694
21.4692
33.3329
18.9046
18.9201
20.6054
25.9776
17.7478
30.4258
22.9564
23.7953
24.6443
20.1163
24.4555
28.7607
19.9232
24.1422
22.2727
27.5700
21.7150
34.7888
27.1177
24.1588
23.3726
28.9100
22.3101
20.6789
19.6728
21.8528
19.4845
23.8987
21.8560
22.6092
24.3881
27.0667
19.3780
21.7279
31.7634
30.5750
21.8032
19.7462
26.4612
24.1266
23.4531
18.7402
27.8580
28.9398
24.2154
20.4545
22.6280
25.3024
29.8966
18.5078
26.7605
25.6985
26.1674
17.1042
24.2021
27.2359
28.2924
29.3232
24.5942
22.7074
22.6844
30.3924
29.2926
33.2201
28.3705
20.6156
22.3365
29.2328
18.2469
17.7970
24.5621
31.4721
21.6518
26.5682
20.3754
21.7437
16.4470
37.6581
23.3291
28.1735
23.3183
23.7951
21.3096
24.9853
20.3663
16.9213
21.2912
24.6767
20.2661
25.1011
29.5688
27.4906
23.8251
30.0460
25.2798
32.1913
20.1562
27.7890
28.7717
19.9047
28.9943
25.6205
31.4349
33.2483
35.1815
18.6002
18.9265
20.9485
27.6557
20.0480
22.2553
19.6425
22.7288
21.8210
28.8551
27.2597
28.0672
28.0785
21.9086
20.6538
26.9508
26.5557
31.7954
25.6222
29.9213
20.9800
20.6096
25.9790
31.7699
22.0531
19.7447
19.4555
29.6765
27.7301
19.2958
16.7425
30.4226
27.2670
22.0928
23.0996
26.1065
27.3988
26.9208
28.6620
21.4313
22.1860
26.1504
25.5872
20.1432
29.5810
24.9567
35.0673
19.0867
28.1170
20.3403
32.2919
18.7674
18.5641
26.3134
25.3230
17.6566
24.5599
23.4246
23.3006
18.8202
30.8300
23.4156
17.5344
24.9840
18.4985
18.2066
25.3084
29.0643
21.2692
23.8780
29.3056
29.1387
26.9001
33.3020
32.7015
26.9988
29.0992
19.8044
29.2495
30.3613
28.5481
24.4085
29.1650
29.1607
23.9964
27.6668
25.9899
23.8462
19.5808
19.0454
26.3259
21.2573
16.2588
23.8297
19.1075
23.7700
31.8864
20.6368
19.0514
25.8344
17.5768
31.9177
35.0644
26.7374
20.4180
24.9411
27.1376
27.7648
23.1016
24.3030
22.6092
24.8605
28.7649
19.3005
20.9845
19.5067
24.0377
20.8754
25.4102
26.5320
25.7996
18.3071
22.0759
30.0097
22.4294
23.2427
22.8729
22.1026
30.7157
32.4970
20.6368
20.4493
21.0527
28.4586
31.6027
24.2592
25.1841
26.0709
23.5520
26.0971
25.8277
18.5947
25.8688
28.0933
32.8433
26.7572
23.8518
30.8784
30.7293
22.7453
26.9697
19.2447
17.7220
20.3102
24.8025
33.8855
25.8680
20.4770
19.3882
21.0152
22.5705
34.1886
24.7400
27.5275
22.8729
24.5991
19.3054
23.0274
21.9309
24.3031
22.0890
31.7916
26.1540
27.8103
18.0628
18.6005
17.2324
20.1239
26.8603
19.9112
30.5178
28.7782
24.0587
32.6843
20.6880
20.1875
28.0963
24.9371
31.6860
24.5474
24.3574
18.4037
27.3761
21.5629
20.8713
18.3637
20.7509
20.2060
23.7527
22.4810
25.5174
28.6691
25.3306
25.4873
27.4236
24.5573
21.9260
26.3686
23.9597
23.1203
20.2763
22.1670
30.3194
22.4155
22.9414
24.6124
20.2861
27.1983
20.1015
27.4982
21.6457
29.0646
28.7620
30.0743
19.9133
28.2915
27.9585
22.9429
24.0055
21.4326
23.9283
27.0616
27.8860
21.6657
20.4968
29.3489
30.9400
19.7726
27.1865
21.0646
21.6517
28.4331
27.4677
21.8191
27.9988
26.0106
33.6877
24.5572
28.9161
18.4692
31.0658
20.1417
25.6024
19.2790
20.4089
28.0908
19.9057
25.9790
26.8745
26.3784
18.2384
20.2639
29.7185
19.3536
25.8775
25.3961
23.2146
32.9104
28.2410
21.3834
26.6594
23.4489
23.6769
28.7578
24.6722
23.1554
20.7805
26.1551
30.6299
22.8872
27.9905
20.4797
29.5436
25.5450
15.9088
27.0370
33.1130
29.1203
25.6984
29.5445
26.0480
29.0590
24.4984
27.4222
20.0338
28.4841
19.3816
16.3398
29.3228
24.4252
24.6473
26.0717
21.5241
26.6524
20.5610
19.7761
19.2202
30.4815
19.3165
22.1267
33.0113
24.5985
23.7392
22.5258
21.1920
22.9652
27.9466
27.8125
29.7612
20.4644
18.8283
30.2968
22.5850
25.1081
17.9681
25.9477
22.1717
21.0817
27.2718
22.7047
21.0706
26.4988
26.8602
30.4927
25.6612
20.6546
24.7024
29.8810
30.5125
23.7746
30.0369
27.7899
28.7889
27.1120
23.1897
18.3964
18.5903
21.4227
25.4707
24.5771
24.4836
28.6182
24.1625
27.5805
26.0059
25.9395
28.2372
23.6762
22.9661
17.8112
24.4752
24.3430
25.0910
31.6343
25.5191
26.5688
29.5840
26.8092
20.3088
22.2764
22.6037
24.3822
31.2966
22.3248
22.2546
18.3394
24.4039
28.6964
28.8892
21.9903
20.0649
30.2439
25.3746
23.9167
27.7670
26.4456
31.0401
22.5983
22.5899
29.4172
21.1510
22.3552
25.4189
21.9623
22.4774
23.0573
25.1227
29.7206
19.1218
20.2231
23.1509
27.6287
26.6017
23.7051
26.4470
25.3768
27.5386
24.1201
30.8463
24.4271
30.2616
22.0365
22.6727
36.9532
24.1192
20.2264
26.1687
20.9445
28.0276
23.7310
31.4877
22.8585
26.9961
26.4698
20.8825
32.4817
26.0937
18.2728
20.1142
23.6012
23.8360
26.4943
19.7463
20.7724
21.8592
27.1008
28.9251
21.8559
29.7186
25.7498
29.6141
21.5882
24.7044
21.6720
21.4485
23.0954
25.1998
35.8572
17.6096
34.3792
23.7760
27.1400
36.1441
24.9429
23.2104
28.3238
18.8877
20.5773
27.2318
21.9082
30.1816
28.4824
19.7616
22.8879
22.8235
27.8328
29.0937
24.6470
25.4598
21.2259
25.4665
21.1986
23.0419
27.6648
25.1334
33.6147
26.2123
24.1721
21.5657
23.0238
25.3127
29.0838
27.2255
21.6862
22.0486
19.7584
26.6145
21.1451
22.3749
21.7641
26.0136
26.2724
30.0471
22.6578
29.2387
26.4525
16.7562
18.0598
20.8306
26.5221
25.8577
22.4872
18.4810
21.7356
28.4235
17.8751
22.7960
28.7501
28.1377
24.9092
27.2071
22.5532
23.3989
25.5723
20.9863
31.2824
28.1540
25.7250
25.3829
25.6212
32.2834
33.8133
27.8688
18.6294
28.4185
34.4116
26.8398
17.6509
24.9722
23.2682
23.2122
27.6388
26.7740
22.4391
17.7608
25.7293
17.4460
20.9588
22.2115
28.4546
22.1757
22.7569
23.1157
20.7177
26.5304
24.7196
16.8572
25.2645
32.3212
25.5340
26.9640
22.7932
26.0080
31.2540
28.4197
17.2428
21.2223
19.4083
25.8933
32.0729
23.1317
19.0750
33.6577
26.4883
28.1183
24.4051
33.9258
16.0815
28.6682
28.0077
26.7323
20.8749
20.2142
20.3283
23.6113
24.8663
28.8392
31.1515
27.3350
27.8095
27.3514
25.5860
25.6093
29.7505
23.1977
25.3862
28.4477
28.4323
25.2425
24.7279
30.6096
20.3399
27.4089
31.0319
17.2827
22.2416
33.4661
26.2480
26.6411
24.4407
21.6363
24.2205
19.5120
25.1595
26.7763
21.8732
19.5605
20.2418
23.6771
28.2074
23.1315
21.2969
26.0392
20.7191
19.3928
19.9866
26.9804
24.4567
29.3466
20.4758
20.9694
22.1931
22.3753
26.6678
24.5966
25.3914
29.4404
26.7907
23.2814
23.7240
21.5573
30.0117
23.9002
31.4746
29.7265
25.2962
30.1612
24.2991
18.8553
27.3197
29.1752
21.6408
22.2758
23.4581
23.6595
28.6337
25.1029
36.7739
21.2091
19.8421
19.3884
23.0632
23.8439
25.1457
18.9354
27.9796
23.9495
30.2693
27.8143
26.4188
19.6423
23.0988
18.9712
20.5222
22.9245
22.0196
26.4204
28.5841
20.7536
25.1641
24.8653
26.9853
25.6476
24.1344
20.8501
25.4589
24.6278
27.4435
21.0479
21.3394
19.6084
30.3387
23.3120
22.7129
25.2501
21.6339
26.8494
27.7656
15.6367
19.2417
25.7935
25.5978
20.0671
24.7788
21.2117
15.9241
24.3515
26.4819
19.2725
22.9230
25.5605
22.2070
23.4161
28.0535
32.7532
26.0872
21.7792
21.7416
20.9553
25.6473
22.8708
20.2820
21.3255
18.4295
16.3975
29.1296
16.7906
21.4949
32.1665
21.5203
33.0072
21.5971
26.0758
20.4885
18.3175
22.3551
27.4075
23.1474
22.4893
25.1564
19.3476
30.4137
27.9089
21.7294
26.9412
27.1922
22.8547
31.6582
25.8033
25.1224
26.4498
25.7864
19.4250
25.2791
21.6048
18.6502
25.2652
23.6545
23.6359
26.8528
23.1542
19.7732
31.0815
18.2961
20.2947
34.8341
23.9891
22.2514
19.4423
30.4886
22.8464
20.3089
26.5316
29.1902
28.5860
26.5201
32.5787
20.7436
22.9219
30.6672
17.6637
23.1912
29.2521
35.3592
18.0225
22.5739
28.4109
17.9596
30.9732
22.3950
29.8428
33.0719
18.7221
22.8985
21.6551
20.2279
22.7116
25.9716
23.0945
21.6968
19.3915
24.4337
30.0627
35.5540
22.9365
27.9425
23.2919
30.9299
21.6984
25.0206
32.7827
23.2325
23.8491
31.0004
27.0337
27.5389
18.3234
33.5096
26.3765
21.9870
23.7573
28.9978
27.4283
23.9525
19.7904
21.6546
28.6104
17.0757
23.4911
21.1493
24.2222
23.6632
24.4073
19.6681
23.8721
22.4018
25.7130
28.3065
29.4767
20.7017
20.1591
22.1814
17.3280
19.1174
23.6517
27.0255
18.4230
19.7968
21.2074
26.6054
20.5162
18.0657
24.1874
29.3364
31.3669
30.1435
32.4200
30.4981
24.4333
21.0220
22.6230
23.2198
19.0251
24.0764
27.0783
29.1247
26.2711
24.5092
28.0108
26.9954
25.6797
19.0920
22.1717
16.8672
18.8093
22.8736
36.9055
20.9352
32.8053
24.0339
24.6754
19.5848
20.7566
21.2189
27.7210
21.6854
27.1329
24.4002
31.6301
30.4604
21.1382
18.5794
25.7627
24.4413
27.4812
18.6318
23.5233
26.5027
20.5933
26.8433
31.1040
24.3339
24.0197
25.0416
20.2669
17.1539
29.0327
20.7687
23.7976
24.5255
19.7858
24.6072
34.8312
27.1409
21.7921
29.8277
18.0254
21.3331
21.1510
23.2540
21.5285
21.8122
25.3224
21.1848
23.1940
23.1116
26.8567
25.0132
18.5121
25.6234
25.1471
22.1790
26.2690
31.4004
32.5437
22.1176
20.3040
22.9752
27.4833
32.3372
28.7849
30.9770
30.5547
23.3441
20.3182
29.8816
30.9357
29.2037
23.9010
21.4967
23.0970
26.9832
27.7697
21.8195
25.5709
18.6168
19.3708
17.0266
21.1393
26.3287
23.1005
32.9559
17.6118
25.4023
29.4389
29.0857
21.8622
25.5902
17.1531
19.0233
24.4946
24.0738
22.0073
31.4145
18.5229
33.4187
25.9072
27.2375
23.2110
27.0206
28.5138
19.0907
20.4281
30.1594
32.4187
19.4492
23.6683
23.9281
20.7549
18.3497
22.7868
17.6150
23.1814
23.2528
21.1237
19.3471
36.4719
32.9953
23.1649
18.3151
21.9259
24.5658
27.8496
26.0334
26.8457
21.6635
22.2093
23.6124
19.4882
33.6110
19.0762
22.2268
31.0665
18.1415
23.7483
18.2918
24.5599
17.7902
23.7197
25.8356
20.6851
23.5098
34.4461
26.1952
29.3050
27.4726
25.5520
26.8819
24.9937
32.6756
19.3715
24.3230
21.1973
20.1754
18.4262
24.2235
28.0604
26.3218
23.7424
21.9579
28.3640
29.4402
34.7875
19.4846
26.8821
26.4127
28.7980
24.6114
20.2419
24.7205
26.0058
20.6949
24.6190
24.7817
28.9025
22.0427
22.5183
19.4061
20.7752
22.0200
29.9314
18.1724
28.9161
28.9874
24.7218
14.3365
22.3874
19.9262
32.6104
32.8569
26.2493
27.1149
25.1334
23.4675
18.7347
27.0808
29.1273
26.9450
23.1971
21.2488
21.6942
31.7305
23.3760
17.6332
16.4783
20.4020
27.9900
21.9829
22.2224
24.4972
23.7200
26.0174
22.6291
20.5242
28.3588
18.6891
24.1748
25.4575
25.8504
19.1263
23.9513
22.9778
29.5416
31.5885
25.2720
22.4577
25.4916
25.7707
16.3171
17.5541
27.7411
23.6700
22.9636
17.6616
24.6847
18.4176
17.6683
24.8898
22.7305
23.3661
31.0993
29.5285
29.4059
25.6619
21.0683
21.7978
28.9775
27.8215
19.7794
22.2797
19.3189
24.9719
28.1866
29.2698
24.4206
21.3390
29.9535
29.9350
30.5463
21.8216
31.7507
26.4665
25.1971
24.6901
24.6658
22.4312
27.3630
22.1206
23.7881
19.4434
27.4783
24.9033
26.4801
25.4975
20.1712
24.3062
27.9389
22.1192
19.8942
26.3145
19.5759
21.1079
20.5377
33.7918
28.9302
15.6658
18.7009
27.0831
29.7938
29.5757
20.4359
24.3733
21.9654
17.9246
28.1379
19.7415
23.8163
23.7572
22.4559
23.9679
29.2522
26.8261
23.1484
23.4338
27.2931
16.5513
27.6995
20.5268
33.1275
26.5208
21.1367
20.8289
19.9642
31.0067
24.3062
30.0292
32.3756
22.0223
23.9959
33.7255
33.7103
21.2804
21.0497
21.6284
23.1417
23.5554
26.3708
30.6267
21.9971
22.1686
27.0485
20.5680
23.1443
30.4728
24.0428
21.6064
21.7633
19.2000
24.2134
20.9596
27.9422
26.2882
23.4419
24.0218
27.5198
24.1870
25.9945
18.6687
22.7691
17.9197
21.4739
23.5038
21.8587
20.7266
28.7118
30.9687
25.8760
30.1508
22.7463
29.5010
22.1310
25.3100
20.5561
23.5000
21.9076
26.3429
21.5002
30.3485
25.2310
22.2132
29.7880
23.0346
30.8449
19.9484
23.7871
16.4057
32.1108
28.3438
29.8992
27.0042
21.9086
23.6830
25.6561
26.2942
22.1493
28.5271
23.6022
21.4321
17.6682
22.3160
34.7816
30.1060
28.1266
18.2343
26.4940
21.4760
29.4360
19.8941
20.3620
23.9918
25.9189
25.1187
27.8879
23.6283
28.6119
28.0238
29.4903
20.3685
19.9151
21.0132
18.9377
21.8079
18.1307
25.1035
31.1421
19.1899
26.6103
20.9361
20.6129
16.9400
26.6665
23.2152
23.6907
26.3123
23.3508
21.6765
21.5792
30.9728
20.5877
30.0593
25.7479
19.3034
19.4218
29.4841
21.5490
19.6420
21.6251
27.1211
23.2616
29.9736
18.7546
22.6306
26.2917
25.1360
18.4162
26.1798
26.4972
23.8257
27.0263
29.2972
30.6044
30.4041
28.9161
27.0701
21.7131
27.8713
22.9580
28.2038
26.7480
30.6387
28.1714
23.8888
20.9834
19.6499
30.8269
25.0088
25.6858
17.9609
21.1188
17.0733
20.5400
22.4024
31.8574
22.1431
22.9232
23.8335
21.6709
25.1179
16.9680
31.2569
26.5380
30.2850
23.0349
19.3427
28.5796
24.9886
23.9006
24.2575
26.5268
32.7211
35.6476
31.1541
24.5622
34.5518
25.6331
35.9439
22.6300
21.0554
21.4928
21.5125
25.9011
20.5668
19.2614
29.1438
23.9894
25.6885
20.1246
32.3899
21.1710
20.7276
24.8503
27.3258
20.7983
23.1947
23.5480
22.9057
24.6685
23.5306
21.6834
27.7356
27.7261
22.8569
24.1627
21.7401
27.6480
23.5066
23.1851
27.0371
20.1004
24.4861
26.8625
26.6748
33.8718
22.1852
18.3513
33.4088
23.5916
36.3902
22.4148
28.1166
21.3961
22.0538
30.4513
31.1186
20.1520
28.5573
20.6659
20.9862
29.3242
23.2278
23.2693
24.0582
30.1719
24.7474
29.3909
24.7485
19.4230
27.0021
22.2876
31.9626
30.6350
32.0823
27.7224
18.6117
24.6443
24.7239
28.7694
22.1706
23.1213
28.1573
29.9098
29.8763
26.7756
28.5291
26.3194
23.7677
28.3145
28.8810
25.6326
29.6883
22.1360
24.3563
21.2552
18.0255
27.8364
27.5455
20.5501
25.2244
26.7478
21.9109
20.4707
32.9783
17.4085
25.8917
31.3605
22.3690
27.9779
30.6363
31.7149
28.3519
25.9086
20.1876
22.9486
17.4774
26.1531
33.2234
22.6520
20.5216
29.3596
22.4020
27.1822
17.8089
32.4968
32.9839
19.0117
23.9905
23.4052
23.8323
17.2022
26.2910
22.4369
24.6679
26.8832
21.5626
33.8973
27.0440
23.4220
24.2904
35.5015
25.0241
33.1344
27.5866
24.9190
32.4978
23.8845
24.6311
24.2531
24.5497
20.7709
21.2060
26.2712
22.4728
21.0922
20.1682
21.1678
30.3518
25.2134
26.9743
21.2915
23.3581
18.4991
27.3153
28.0247
19.0531
22.3360
31.7917
26.6286
24.0478
26.2608
20.1405
29.5562
23.1078
19.3420
23.3322
27.2206
23.9488
26.8837
18.1659
20.7266
24.9846
19.8931
25.5451
27.4058
25.4442
20.8906
28.6387
31.0371
31.0730
21.2114
25.6418
28.0308
27.2510
22.2124
25.2376
29.8502
25.2288
26.0433
24.2248
29.2384
24.0712
22.6218
24.0759
30.9388
23.7725
24.0400
30.7071
21.3923
20.2164
37.0852
17.3574
22.2869
25.9712
22.6907
28.9387
23.9314
23.4987
24.2947
21.5089
26.2079
17.9832
20.5800
25.2103
20.0696
20.6494
20.4616
22.7669
17.2134
31.3176
20.2155
20.6980
25.0216
20.2349
26.9377
20.1209
24.4607
24.6451
24.3405
26.7692
22.5102
20.5287
21.2600
19.6281
28.4194
22.6493
25.6377
21.8614
18.4611
31.0788
27.5887
26.4334
23.9816
20.2174
20.3701
28.8247
27.0538
26.2767
20.8220
20.9306
19.0214
21.7895
30.8040
21.9576
24.6164
23.4042
23.5043
24.8900
18.0866
25.9508
25.5847
22.0355
31.0911
23.5027
17.1096
30.9514
20.5056
26.9547
23.6568
20.7855
22.4260
25.0618
26.6833
31.4352
25.8160
29.5409
29.1784
31.7996
25.1158
21.8361
30.3715
30.3068
20.3115
29.0559
32.1046
29.1146
21.1723
24.3643
20.4965
23.4102
29.4090
26.3361
27.7837
18.9900
22.0629
16.9504
22.1103
23.0714
31.5274
25.2925
29.9427
31.3888
28.3073
19.6720
24.1799
20.8494
25.6894
21.6776
24.8813
32.3762
21.8388
19.8814
22.1921
25.1261
22.7987
20.8041
24.7278
22.0820
28.1548
27.1142
32.3144
18.2162
26.2153
25.8693
16.2478
20.9783
28.4197
21.9816
29.9648
26.7404
24.8801
27.3146
26.9322
27.9455
23.1763
19.7077
18.9414
21.4298
24.2487
22.3110
23.1683
22.0967
19.3112
20.2037
22.0384
30.9785
22.3237
30.6843
16.9214
26.3508
18.9569
22.9436
19.7410
17.9973
27.3681
27.3635
21.2204
21.9142
25.6138
25.2998
28.0032
22.9855
25.1722
20.4877
21.7927
27.4982
26.9228
24.3487
27.2558
33.2096
26.4847
19.6682
31.6081
32.4043
22.5310
28.7681
22.8343
25.5513
21.1144
22.0181
26.4740
20.2825
33.5871
21.0210
28.6847
31.5403
25.1477
21.4676
16.1595
34.1517
27.6203
28.0959
22.0493
22.1083
24.8777
28.2325
23.9769
25.8303
22.6664
30.5124
18.6106
20.0234
19.1150
20.2519
21.1222
29.1120
18.0374
29.8723
30.7485
23.8743
25.7852
26.0244
26.5279
30.1525
20.8069
22.7630
29.4099
18.6531
27.6306
20.6609
30.0496
30.0946
22.0333
16.6302
20.7346
28.6338
25.9228
33.0284
27.5659
25.0274
19.2436
29.8902
22.6876
21.5411
34.4721
33.4783
20.4122
14.2732
25.8364
25.9021
23.1867
27.5582
20.7417
23.8226
23.7514
26.0137
25.0816
24.9187
31.0767
23.5005
22.9355
25.8188
21.9100
21.7321
23.9582
27.1680
20.7168
25.3370
25.5193
27.8627
19.2834
21.6630
25.2438
18.1782
23.5128
30.9233
22.3488
31.0316
21.9187
21.4119
33.1287
30.2197
19.7971
22.0267
19.5770
20.0531
32.6246
21.8362
17.5744
19.7644
22.9623
24.7647
26.5292
28.2150
31.1936
27.6826
16.3340
23.9170
24.8724
25.2410
32.5996
25.3421
25.8611
27.6955
28.6186
27.3303
25.5134
29.2969
22.4741
25.7533
33.2788
31.9827
20.7257
25.5430
25.6230
25.9891
23.2277
26.7442
30.9474
20.9927
20.5558
25.3220
28.6808
27.3589
22.5039
18.0618
20.0187
19.9356
28.6605
27.9997
25.7061
32.3362
22.7579
28.4142
26.9909
21.4746
21.2917
23.5855
29.3077
28.2970
25.8040
23.6528
17.9920
18.9486
25.1280
21.5644
19.4526
19.4299
30.2859
25.0744
30.3585
18.7371
19.0880
25.5561
27.0326
25.2361
30.5140
22.7494
27.7328
24.9739
29.0770
17.8089
29.2190
20.2707
21.7725
19.8546
27.1481
25.6721
30.4051
34.0807
18.3226
28.8489
20.1301
16.6497
17.9271
23.9596
27.2229
26.2806
24.8523
18.4884
38.7335
20.0950
18.2865
21.7562
31.6326
22.5024
19.8572
27.0651
23.8381
32.8059
27.9408
26.0754
23.9054
32.2909
24.9734
16.7806
27.0509
25.3730
26.4133
27.1315
31.5045
28.9975
25.1974
20.1903
23.3432
25.4433
18.6275
22.6701
30.8222
25.2663
25.3038
22.6573
22.3830
25.4382
24.9526
23.3180
29.3411
19.5243
27.0708
16.8731
25.3801
27.3847
30.6216
26.4424
19.6720
26.9931
20.8448
25.3843
31.5627
25.4109
18.9166
23.5715
26.4134
20.1049
23.7881
21.3494
17.6238
29.5633
18.1548
18.9177
19.6368
22.3968
27.6594
18.2470
27.8516
27.6682
20.6328
20.1044
19.9288
23.3604
24.9190
23.3565
20.0363
24.4915
26.8883
24.1243
19.1670
26.0918
25.8959
23.2952
20.6330
25.5110
16.0622
28.5004
22.2449
21.6762
23.6879
20.8667
24.6138
30.2893
23.6147
22.7719
16.8802
25.3905
30.8230
26.1728
17.1084
23.9871
27.5519
21.6335
25.6848
23.0996
20.4633
21.9394
28.9882
21.1996
25.9781
23.1827
19.1502
18.4058
31.0322
26.4344
24.0072
27.5410
19.4090
19.2741
21.8385
21.2499
20.1029
21.8871
25.3922
18.4970
25.6699
24.0295
19.9933
24.3707
21.2855
31.5749
20.6877
24.0301
22.1834
20.2109
25.2279
26.7086
26.7926
19.8428
25.9834
19.9617
21.7788
27.4272
24.6832
24.6381
26.6669
31.0100
27.8121
34.5722
27.2476
22.4546
21.2184
24.9790
22.1774
29.9045
23.5875
21.7629
24.1518
24.7990
25.6984
32.2561
22.8348
30.3228
19.9109
23.9382
24.5778
21.7862
20.0879
25.4350
24.7765
25.6671
27.4479
31.1029
30.2148
27.2952
16.1132
28.3383
23.9024
22.7295
31.6768
18.7641
20.9510
25.8935
23.0930
21.7854
31.5691
24.0100
21.0978
25.5597
27.0433
27.2702
22.9988
24.5700
27.8907
18.3554
21.4450
23.7968
25.1976
28.6755
30.1195
25.7905
26.4575
22.4477
18.2827
20.2940
24.5874
26.2448
26.8589
23.6218
26.5752
30.3291
20.0645
21.1283
29.0914
22.1801
21.0933
17.1113
33.0117
22.0638
27.4984
21.5108
28.4106
30.6955
23.9893
22.5877
24.9791
27.1172
33.7671
20.5395
25.6764
29.6831
34.2207
27.6823
26.2288
20.0933
28.7376
23.1360
18.8766
19.0398
19.5314
21.5903
26.5721
26.5880
18.8589
20.2729
19.0199
24.8121
22.7681
23.0146
20.2380
20.2751
30.5356
22.9340
27.0388
29.0208
25.6290
23.2769
22.6670
32.1669
21.6010
23.5370
25.2121
30.4999
21.1604
20.9028
28.2451
26.9921
25.3627
22.4012
26.4884
23.1983
25.7397
22.4576
19.4124
18.3322
27.3796
24.2133
18.5210
27.7781
21.2776
20.5096
23.3962
26.7181
20.7568
30.7377
29.7172
25.8817
22.9228
19.0504
30.0000
25.1544
21.9022
21.9915
21.3859
17.8997
20.7381
23.9723
24.5903
21.3971
20.4590
27.7939
27.8487
18.6051
26.6569
24.5604
25.8070
23.3118
17.3742
20.8933
23.0082
23.3611
24.3482
17.5084
22.2359
26.6311
28.4159
26.0859
26.3824
21.1395
30.1825
25.6467
28.0018
28.2957
33.9239
23.0299
17.9884
26.7319
32.3523
29.0959
20.0648
34.0841
22.8350
22.3544
22.1968
29.4785
23.7224
22.4599
22.8256
25.3384
31.4947
23.8137
20.4057
20.7375
20.0333
22.3725
23.8845
28.6038
23.0759
22.3408
18.6511
25.8685
32.5196
21.0688
28.5939
25.6912
29.4329
22.3578
28.3927
23.9038
26.3133
25.7187
21.2482
24.1564
26.1004
26.5001
25.4811
28.7555
20.2768
24.1216
31.0949
34.9041
22.4237
31.6284
20.1311
21.0450
30.2149
29.7143
27.3972
19.4469
19.2946
18.1610
33.9034
26.7021
22.2307
20.7074
20.2327
16.4639
23.6967
16.0679
23.9052
30.7164
24.3809
26.7676
19.1569
24.2308
19.7280
28.6906
24.5077
33.7033
19.6557
23.1192
28.2400
18.5227
26.7001
25.3809
23.7886
19.5185
31.0497
25.5171
25.8075
31.2440
20.0902
23.1957
19.8701
29.5954
23.7668
28.8570
26.6913
24.1888
25.3634
28.4220
27.7172
22.3254
24.5310
21.9912
25.8011
26.5598
25.2904
21.5117
21.5867
33.4429
26.3472
24.3522
24.3769
24.3389
19.8801
24.9719
23.0057
24.6264
20.7640
28.9674
25.5566
18.7562
34.0481
26.3224
24.9550
16.8612
26.9724
29.6143
20.2612
18.1485
27.7519
24.4003
16.8638
19.1049
21.7234
20.7390
19.3752
26.7830
24.7278
21.3190
32.0246
22.5437
28.1759
27.9278
21.6003
23.3054
24.5592
32.9220
21.0093
20.2724
24.6565
22.6778
20.5082
25.5445
27.3518
23.0754
19.5827
19.5036
33.2062
21.9795
34.0694
24.7283
22.8752
23.3120
17.4106
18.4973
23.8231
24.2776
29.7191
19.7444
31.4807
26.8171
25.6716
21.3570
28.4028
26.7915
25.0312
26.6626
16.8391
21.2363
21.9184
26.6141
23.9721
19.7152
27.9839
30.5024
34.2695
17.7449
19.0721
26.5916
22.2866
29.6427
21.7145
28.4219
23.5108
22.8566
26.3427
18.9928
22.2785
17.6421
29.3064
18.5888
26.1158
19.7870
20.1462
29.2219
21.0636
29.7184
23.1067
26.3698
27.2337
22.2270
23.0890
22.1173
22.9564
26.5590
27.7911
26.3864
28.3229
30.2515
22.9779
23.8297
22.1352
13.7529
20.0552
27.5964
22.9530
22.5223
28.7264
20.4807
30.8394
23.3336
23.1532
30.9009
28.4043
22.4431
22.8243
23.2824
21.2544
27.2636
32.6476
29.9804
23.9070
22.7266
25.6915
25.1749
23.4237
20.3558
18.8475
22.9793
32.1915
29.9592
28.1681
26.0922
27.8846
26.1412
20.3460
24.7696
18.7905
23.8712
25.3696
19.9440
26.2213
22.8520
19.8847
32.4740
20.9031
26.7793
27.8766
24.8171
22.6537
21.4043
26.7633
27.9055
23.5665
20.0450
27.5467
28.1472
29.9585
20.9729
27.5496
21.6657
27.5720
20.7513
29.8263
18.7894
16.0055
17.6187
28.8238
27.2889
27.4879
18.6641
21.1407
26.3081
29.5058
33.6971
27.0732
29.1206
27.4686
21.4005
21.3660
24.9051
28.1631
16.7656
26.7157
24.7117
30.8784
24.5608
19.9889
27.4101
26.5412
26.8176
31.7816
27.5964
25.7750
34.0819
24.8049
29.6484
29.5178
32.4360
28.9445
29.8279
33.5497
26.0721
25.7571
27.6692
26.9929
23.4434
20.8696
26.1590
20.8785
21.8515
26.0960
26.6719
23.9167
21.9625
28.3016
31.8512
23.8659
25.8738
22.9311
27.1468
20.7395
28.8298
25.9483
24.1990
28.2248
29.3698
24.4136
21.2093
23.6464
20.6568
21.4233
28.6996
32.3919
24.6630
23.4941
37.3625
25.8493
17.4561
23.6510
25.4433
22.6629
24.1009
28.8460
25.8208
25.6470
20.8575
25.9013
19.6658
22.8881
21.4456
28.2821
18.3833
16.6864
18.6209
23.8090
23.7225
22.1486
22.9047
29.7776
22.2214
33.0080
30.7410
26.3033
19.5175
28.5903
25.6271
29.1702
19.1515
22.8744
23.9486
25.5743
28.4361
14.9081
23.7515
30.1583
17.0314
27.6083
28.6010
32.0097
28.8759
22.6460
34.1447
21.1636
25.1089
32.7992
33.6857
19.5403
20.5952
19.5142
26.5314
20.7279
24.5050
26.0216
28.8968
30.3503
27.1752
16.8563
17.6580
23.8370
29.4370
19.4136
30.9522
22.1949
26.3632
28.6657
20.5667
21.9338
25.8624
23.2053
32.8357
17.3883
16.3931
21.9923
21.1641
25.7492
27.4120
22.6896
17.8035
26.1253
22.0030
29.4800
21.4662
24.9358
33.2862
27.0367
22.1534
19.9893
21.9048
29.9537
25.9050
29.7012
27.3970
26.5251
28.3529
24.7799
19.8902
29.0122
20.0900
21.3995
26.3438
28.9907
18.7754
32.8520
34.6275
25.9741
18.7930
24.0811
30.3991
21.5245
23.8133
30.0136
21.8253
23.9618
26.5862
21.9919
22.1217
22.3288
23.1815
25.5995
26.7374
29.4206
21.7965
22.3160
21.3171
25.8150
20.1094
20.8695
25.1397
27.9990
19.1802
21.1573
23.7571
23.9166
24.1232
16.9548
19.1386
17.6788
24.2879
19.6360
22.4698
21.7302
32.2070
31.9919
19.9956
21.8611
20.8531
27.8901
25.5796
19.9799
23.7628
20.4177
28.4012
27.4367
25.8156
31.6666
17.7693
27.1731
21.6985
25.0193
24.3344
25.2239
28.1234
27.1973
17.7692
26.4870
26.8466
28.1563
29.7805
27.1111
23.1613
31.4640
26.7999
21.0362
28.1483
25.4999
27.2761
26.6328
28.0916
25.3132
23.3668
21.1207
19.2913
28.5713
18.8419
20.9684
20.9312
22.0688
23.1247
24.2175
19.1410
18.6965
23.7105
23.3699
25.5965
18.3730
29.6051
29.4278
22.1961
29.2667
25.1716
24.7240
30.4028
29.9798
25.0604
21.5316
20.7218
35.2589
21.5375
33.4104
19.6869
17.1556
22.8774
27.3168
25.1942
16.9731
30.9322
24.3575
26.4868
31.5215
27.6725
21.6293
22.2242
20.2043
28.9108
26.1903
19.4502
21.3450
20.6157
17.7105
19.8316
22.0953
21.9681
26.3772
25.6890
20.8108
26.8548
20.2732
26.8680
25.9547
19.8342
18.5824
30.6493
21.8454
29.4733
23.4601
26.0971
23.7260
24.5875
24.8986
29.2788
22.9937
22.1214
31.7209
21.4989
20.4603
23.6395
20.5713
23.2583
19.7861
21.9163
25.9729
27.1939
18.5604
24.1865
27.5478
19.4411
20.6405
28.1269
22.8121
23.0570
20.3759
19.5262
18.1154
21.3016
22.5642
24.5192
28.4854
19.8563
25.9656
24.3293
25.4658
29.7550
20.3695
25.0296
23.4796
30.4860
24.5152
25.4886
23.0071
19.2765
28.6465
19.7856
27.4045
25.4164
26.4417
35.4701
16.7686
27.5997
24.8788
21.5564
24.5057
28.4383
26.2266
25.9632
25.8496
23.6037
29.2886
26.3800
26.0824
19.4082
30.7202
29.2030
19.3004
32.2161
22.1603
26.8638
25.3821
28.6648
19.1557
24.8671
29.5197
27.8196
27.7398
22.9079
23.6831
19.2755
27.6018
29.3408
25.4158
22.4582
20.9697
24.8911
19.9731
17.9517
25.6983
20.9241
29.4766
21.1150
22.4335
19.4020
23.6478
20.0014
24.4620
27.3524
28.4051
28.5037
26.8433
21.4482
28.8640
25.7770
16.9938
29.2722
19.0198
23.5947
21.0326
24.7864
29.2315
26.7693
21.6718
19.5175
27.6773
23.8585
29.6651
26.7556
28.4481
28.4706
20.4004
21.0592
21.0778
20.2584
33.7112
32.0403
22.3552
21.6901
24.9908
17.8731
28.1064
24.3035
26.9402
24.7805
23.8071
26.9174
16.6901
23.2881
28.1232
19.5789
20.1594
22.7549
24.5492
25.2633
18.9619
20.6607
24.6718
18.2114
28.1761
34.0890
25.3370
23.9801
21.7062
22.4992
21.5482
17.9323
24.5875
22.0765
26.6789
36.0182
23.0608
20.0994
30.9255
21.5321
25.0558
27.7546
27.9158
25.7110
35.3879
26.8515
27.6474
18.6947
32.2405
23.2936
18.3779
17.8483
24.7616
25.7842
22.6003
24.8675
21.9237
25.8281
28.4641
26.7015
20.8889
21.9634
18.5237
19.9093
23.5068
26.4140
24.8327
19.4499
20.8166
23.4950
27.2581
22.5142
33.4694
20.7696
24.9972
23.1794
19.1147
21.5199
29.2311
22.7054
22.0900
30.0254
19.7459
24.1370
26.5346
28.7116
21.0499
24.0352
22.3154
22.5313
17.6875
21.5792
31.5226
27.5264
21.4437
22.2053
27.5348
23.7964
18.1705
25.8348
22.5129
37.3831
22.1256
18.9371
31.6090
31.1244
23.3785
24.5072
23.5367
19.0128
26.0110
27.3399
20.5454
23.6191
22.3397
24.1516
28.0534
25.2764
23.7744
18.9556
27.4114
22.7496
33.4344
26.9580
28.7714
20.7240
31.1234
20.7243
17.6131
33.6479
28.9472
28.7094
23.5337
22.9997
23.1468
30.1738
25.0825
33.1252
32.6719
27.0460
28.6845
19.7960
25.2653
26.4105
19.2613
19.5809
25.2450
33.0390
34.5610
29.2832
25.1387
27.4866
23.3735
21.7586
23.8064
23.8490
24.4455
36.0322
22.6875
20.0679
28.7519
25.3205
23.0345
22.0691
27.0497
20.2346
25.1561
20.2837
27.6075
23.2877
32.4930
30.5217
27.1134
21.7817
30.0681
22.3188
26.0266
23.8321
19.2097
20.1357
22.5472
18.5643
21.4170
23.1077
24.1041
19.7586
18.8293
32.5582
27.1911
20.5030
27.9536
18.7723
25.6086
23.3461
26.1333
25.5991
21.0271
25.1021
25.2360
15.8763
21.4288
22.7458
20.2087
23.6815
21.6875
21.1942
16.6596
19.0129
26.4883
22.8066
22.1773
20.0051
20.7402
25.3033
26.4307
21.0091
23.3113
19.9956
21.2653
18.6370
21.9781
31.5094
29.6191
20.1007
30.5534
26.3810
32.4596
32.6173
24.5197
16.9530
26.8849
22.8944
25.7748
27.5641
24.4797
18.2800
27.2909
24.5615
25.6172
23.8395
28.5113
33.1194
22.6800
20.0954
18.6454
28.5909
28.7192
27.3157
18.6626
24.5788
28.8335
21.9954
32.5996
21.4947
24.4913
23.9490
25.6549
31.9080
18.7071
23.4844
31.8844
32.1030
24.0984
26.9090
27.6307
25.9728
29.2955
24.8843
22.4071
23.1681
23.8673
18.7879
18.1882
20.2127
25.5658
27.7363
26.4270
18.7411
25.3423
23.8605
32.9383
23.4674
31.0184
22.9511
21.3197
28.3376
24.1865
29.8695
25.9239
20.6078
26.6878
16.6485
19.8296
26.7103
28.7157
16.1737
33.0098
35.2136
24.8191
31.1924
31.9538
18.5609
26.9724
26.0285
29.5031
25.2756
22.6978
20.5346
17.7121
17.6304
17.8372
22.5328
20.3333
24.4997
29.5666
19.4193
20.0044
28.1344
20.6070
29.7592
24.2410
25.0805
19.5164
32.3251
19.5132
19.6422
30.6758
30.3212
30.3415
25.0067
19.4032
25.3801
21.9385
23.4735
23.3866
28.6817
28.9248
25.8752
32.6082
24.7991
20.0148
32.3936
19.5033
23.2587
20.0333
29.1160
16.4209
21.3767
26.6841
23.0557
23.0002
25.7809
27.2847
21.8969
22.9861
25.2599
33.0057
25.0306
19.2044
25.9246
21.5510
29.4044
25.7405
19.2280
28.2790
28.0415
28.7777
20.6296
26.2093
31.5575
28.1406
20.9290
20.9775
21.0441
27.7687
30.8603
19.9990
21.1958
25.9481
29.7954
18.3486
20.5987
22.2827
26.8384
24.5663
24.7182
26.3048
24.8954
18.7471
32.0500
22.9072
19.2137
28.2084
22.0557
20.9649
23.5293
27.6970
21.9196
24.0130
29.4144
24.8323
35.5143
35.1159
30.9391
28.0469
23.6716
25.5103
21.1131
23.6706
20.5029
24.4716
21.2578
16.1404
25.7270
25.4151
21.7908
32.0821
25.0090
36.9381
31.3503
18.1787
21.1474
24.5447
25.4209
23.7854
23.0388
20.5354
29.5638
24.8440
18.1791
18.1480
21.2490
35.2068
29.5368
30.8648
34.4852
16.3296
23.7687
32.9160
19.9138
18.6615
22.0342
22.9786
18.7295
22.7496
23.7949
23.4144
26.0088
17.5714
20.8865
19.7050
19.8831
21.7555
26.2087
23.6204
31.1006
20.2893
31.5763
26.7215
25.4780
24.3508
33.5744
21.0629
23.7668
31.5553
31.5531
31.0893
25.4204
26.7341
22.4526
31.7771
30.6472
21.5561
26.5426
31.9457
33.1584
21.6596
16.8409
19.2491
29.1172
22.4172
25.3528
31.8659
20.5758
26.6746
21.0709
31.9597
22.2309
23.2606
32.2033
29.3815
19.1782
21.8685
33.3151
27.5771
22.3939
20.6103
23.5753
19.3769
23.5300
23.2000
19.1212
27.9444
24.7132
28.4615
24.3800
22.1558
22.6455
26.7409
35.0214
18.0792
19.0514
28.4364
22.5972
20.4579
24.2233
21.9723
25.8113
26.7193
22.1713
28.9308
29.0103
25.9328
21.2935
30.9088
24.1222
27.2803
26.9721
22.9072
27.3863
23.9015
30.8450
20.9887
22.9911
27.2699
25.4871
26.2408
20.9110
28.9693
27.2959
22.2761
28.8320
24.5449
22.3441
20.7680
18.1729
29.2563
23.3728
28.0803
27.2579
24.3077
22.3581
28.9823
21.2215
26.3109
20.6607
26.6713
24.6982
24.7055
32.3539
21.7568
24.7166
23.1286
30.0602
20.2967
25.1460
23.5608
35.4501
22.9248
26.7383
24.8573
23.8274
25.6127
25.1073
26.8175
26.8604
20.1410
17.7975
27.8375
27.4664
32.9489
21.2898
31.6475
20.0750
27.3647
21.8077
29.0231
25.5760
19.2353
26.2016
19.5755
26.5578
31.0856
17.1143
22.3419
25.7488
29.4628
23.9676
29.1222
32.7459
21.6106
29.1554
33.5194
34.4074
28.1541
32.4123
27.2063
26.8984
27.3625
18.4513
27.3339
16.8550
22.8676
27.3972
21.8606
21.7341
23.2590
21.7336
23.8289
21.5744
23.3933
25.3066
23.3632
25.1865
26.2767
30.5702
18.8119
20.2360
24.3127
29.8574
25.4459
24.3396
21.0758
24.2197
26.6433
24.8060
27.1902
18.2745
19.6888
30.2934
19.3398
22.6174
21.8448
28.1372
25.4757
22.2309
24.5207
23.3248
26.5963
21.8145
32.5843
24.5123
25.0872
32.2101
21.0634
21.6526
27.2067
25.6648
26.5210
22.0553
29.0277
16.5029
23.9437
21.4446
22.8493
22.1672
19.4855
26.6429
31.1507
27.5623
30.3670
22.4443
30.0441
31.7923
27.8837
18.2963
27.1597
25.9231
20.1353
25.0026
28.6967
22.7471
30.1219
28.3483
26.1463
29.1505
25.2347
21.3893
22.4303
23.9656
27.4740
22.7242
31.5832
24.5029
18.0682
22.3376
20.8724
25.5603
29.6164
26.0699
37.3603
25.0594
27.5317
25.7330
25.6296
24.1039
27.9938
27.1043
22.3108
32.3064
26.5203
23.3023
23.0829
26.1398
23.9625
24.6472
22.6039
15.7862
27.5256
32.6727
19.2868
19.9092
23.8715
18.0545
26.1185
22.4338
21.4222
30.8079
30.4901
29.0474
25.0862
26.9930
27.2584
26.8469
23.2297
30.9237
19.9551
23.0163
29.2865
26.5331
21.7401
27.7148
19.8279
25.9645
19.9875
28.5479
27.6276
30.3111
26.9392
26.5439
23.7651
21.9296
25.7192
28.4511
28.1018
33.7837
19.3652
27.2405
22.4949
22.9348
17.5374
20.7191
20.6492
31.8756
31.2582
28.2646
22.4878
31.5797
20.0839
27.1026
24.7772
24.3721
26.5018
21.1387
25.1555
23.7850
27.2312
17.7877
24.2103
28.8700
27.4873
28.6834
16.5953
22.9321
19.0495
20.2271
22.9560
20.8723
28.0776
29.1437
29.9982
29.0344
20.4340
22.4350
24.9804
28.6534
16.4685
20.8157
24.6481
24.0412
19.1226
23.9969
28.1843
27.5622
21.5751
21.7322
27.6368
22.9915
22.9044
28.6060
32.5731
23.8803
32.4237
32.5368
22.8588
25.4739
28.9429
19.8806
18.5434
29.8987
22.0865
18.4457
17.7170
22.9988
25.7847
25.9370
28.8620
26.0055
22.2596
19.1151
23.8800
22.3936
22.5961
33.9224
20.6418
28.9891
26.5939
18.5619
20.6677
27.9847
28.2490
23.6692
15.7639
26.0055
22.7113
22.9186
20.9094
22.1227
27.2401
22.0383
33.6275
17.5206
30.1473
31.2494
25.0852
21.5870
18.6628
27.4618
23.7614
27.8127
19.3742
33.3945
26.6903
21.0850
22.4689
23.8834
29.1718
25.0807
26.7657
28.2276
29.9062
25.2765
23.9364
23.6961
29.3655
21.1416
26.8172
24.5489
16.2434
17.2300
20.0198
25.7351
24.4764
29.6988
21.2928
23.4910
25.0847
24.4716
30.8299
32.4471
20.7557
23.4415
22.3300
26.6771
32.4438
25.9776
20.3859
32.1084
22.1229
24.7520
36.6208
24.2934
29.1919
27.5319
24.8183
25.9227
20.3095
22.5707
26.2184
27.2344
28.0493
22.1544
22.4668
33.2717
27.2759
16.5522
28.0718
26.6274
22.8788
23.4303
23.7787
31.1689
27.5370
20.7145
25.7925
26.4824
31.5368
22.4983
33.9441
25.3603
30.6405
25.4550
22.1999
29.0467
23.7602
25.9599
29.1034
19.4014
17.5656
20.5898
28.2216
25.0382
28.7188
24.9051
26.1991
28.9240
29.6529
24.7318
21.1610
19.6943
26.6704
21.5344
32.1843
24.5417
27.4032
18.7873
15.0923
25.3685
32.9400
27.1956
25.1949
26.0581
24.7299
24.2869
23.7144
23.1127
19.5368
20.6718
31.0714
22.2061
27.5034
20.7921
25.0351
20.5288
25.3739
21.8660
19.6110
23.1507
20.7996
31.3325
19.8158
32.2727
24.8172
18.9251
36.9225
32.2410
27.3062
25.6837
27.5961
25.3922
23.4231
21.5830
32.0726
21.3797
21.7418
21.2971
27.8097
27.1951
28.8133
19.3095
31.1877
27.9786
32.4906
23.2601
24.7720
25.4535
20.8355
20.7541
19.9462
26.4587
21.9937
26.6148
19.7903
25.0345
26.5278
26.3276
17.3543
33.0707
19.2772
24.5898
26.8331
24.8249
24.9767
22.1498
27.6985
21.2507
28.5243
21.2455
24.8839
26.1139
24.0750
29.2088
18.6564
26.0225
24.0623
29.3514
23.2925
21.3955
27.3162
23.0319
26.7016
19.9284
23.1443
24.4903
27.1504
19.8524
37.7489
32.7590
22.3144
25.2710
27.7694
21.4136
26.7361
23.2778
19.0873
26.6245
27.3876
32.7567
26.4721
25.3337
20.8059
18.1317
33.9038
32.6336
25.1491
31.5443
30.8140
26.2314
20.1527
31.2068
26.0948
31.6649
20.2853
26.8152
19.1943
20.7166
22.1105
32.1657
24.8536
19.8498
27.2509
28.9125
33.1241
21.7070
35.7516
26.4284
28.2782
25.2577
26.5672
24.0425
31.9429
19.5725
25.8408
22.5134
26.3738
36.7555
21.6279
19.8981
18.2470
31.1776
28.1262
20.2540
23.8019
31.7771
25.9382
28.2578
27.4077
24.1826
24.4105
19.1089
23.3353
20.9785
25.3686
23.7537
28.8283
23.5543
23.3066
21.2432
28.1111
24.2469
24.0751
22.6969
26.2386
27.2740
25.6607
24.0623
21.0856
19.1245
27.6197
23.2983
26.7196
23.6338
23.9509
22.4449
31.1570
23.3859
19.5601
28.5007
29.3891
24.5241
25.3029
20.9205
27.0102
22.4288
20.1587
20.9628
29.2451
30.5848
20.6497
26.8423
22.3577
22.7709
19.8874
21.8003
21.0838
23.8983
22.1493
20.9960
22.5737
22.0896
19.3189
22.2438
23.6398
34.2520
23.8186
26.9497
24.7382
28.8306
20.6089
27.6885
23.2942
25.0653
22.6069
18.8838
27.6230
29.5949
23.1989
36.8434
32.7348
18.8626
26.8643
25.6964
20.8843
24.6545
23.7917
20.2409
20.7178
24.6600
25.2482
22.3692
26.4161
21.4082
22.9681
29.2767
18.4247
21.0088
25.4450
22.1069
28.5914
20.6084
29.2470
29.2732
25.9057
33.6764
25.6371
17.6787
19.4404
22.1580
26.1968
30.9198
24.3161
28.7935
26.7942
20.0953
18.1724
34.6613
22.9849
32.4850
27.9050
21.5431
25.7957
22.3323
21.9661
21.9863
20.0789
27.9354
30.3913
27.3718
22.6835
20.8323
23.6166
20.7478
24.4154
27.2519
31.8478
30.7672
25.8648
18.6355
19.5385
28.2040
30.1853
30.1283
18.0200
20.7634
24.2023
23.6193
27.0775
30.2490
25.2896
29.2429
30.4397
29.5962
32.0261
31.0934
23.2045
18.7467
19.8029
22.5195
21.5561
32.9547
33.1213
24.3043
19.8026
25.6515
19.4437
20.2497
26.8879
38.2453
31.4363
25.8470
27.9119
28.1604
28.9253
22.8558
17.5421
21.8459
24.9263
31.1310
24.2551
22.2112
20.4181
21.7152
25.7017
18.6208
29.9231
19.6830
20.9843
27.6232
34.1027
26.8355
26.1382
24.9094
21.0122
24.5639
26.2783
28.7947
24.9971
25.1183
24.4135
23.8109
24.6308
25.1397
23.1800
21.7201
28.9785
23.2477
24.3693
23.1294
26.8698
27.7493
24.2066
20.8597
18.6421
20.6604
21.9108
26.1956
15.3277
25.5682
27.0487
22.3380
27.1730
25.6726
22.9259
33.6259
29.7840
24.4335
25.0861
23.9332
21.0675
27.6302
29.0773
24.1950
30.2265
26.9960
18.6387
32.6319
26.8253
22.7194
25.2014
32.0732
21.7222
25.0330
20.5986
23.0221
26.8987
27.5855
16.7939
21.2763
23.1064
19.5294
21.4679
25.0527
22.1148
22.9586
24.8789
25.9113
22.8390
26.6195
27.0188
23.6853
22.2667
31.6551
22.5430
26.3045
21.8984
30.1490
24.8003
29.0872
23.5982
21.6525
22.3642
18.5836
19.3586
17.8121
28.5687
29.7394
24.7601
24.5005
22.5999
19.5576
21.1852
29.6782
25.1206
21.9314
30.6536
17.7706
25.3734
23.4195
22.0353
23.6302
22.5205
17.6455
19.8738
27.3247
23.1947
22.1831
23.7819
33.0731
27.5240
24.2985
31.9896
25.9776
22.5594
18.5566
21.5593
31.2861
22.9360
22.8940
25.4037
25.8413
31.1008
19.9072
26.0063
28.6645
24.8594
22.5767
26.8501
36.0247
20.2901
25.4465
21.8260
21.2874
27.2298
29.0140
27.9724
24.6987
22.4197
23.2380
27.5717
21.9851
21.0769
20.7460
26.0052
16.7862
25.4674
16.9638
17.9440
18.1281
27.9426
25.8587
25.0477
20.5349
21.7177
22.9898
24.7427
22.0546
17.6888
27.2057
34.9970
19.6505
20.0555
25.1702
23.2237
22.3949
17.3156
23.9546
24.7312
27.9648
23.8533
29.5360
21.6745
22.7092
22.6477
19.7969
25.0154
20.0445
26.7503
22.8949
20.5596
22.5712
26.0711
22.2150
22.8066
19.1294
17.0165
24.1160
24.6010
33.4744
30.1055
20.8093
23.4234
21.0397
26.8765
21.7427
17.0773
17.9539
29.9775
25.8245
19.5986
26.2003
22.9735
20.2091
23.8166
19.4458
23.8063
22.9898
30.7609
21.5982
22.9267
27.5627
21.2900
16.5822
25.0104
28.7728
34.2671
23.5027
26.0927
34.3441
26.8700
30.6723
20.0375
21.3687
34.3902
25.0168
18.1199
31.2075
33.5728
20.7436
21.1435
18.4761
30.3767
25.4286
30.0261
28.0894
22.6730
30.4122
29.9825
28.2561
30.1953
25.5707
29.9476
22.2523
28.6938
35.0242
18.5027
24.2211
25.0635
30.8456
17.5160
17.5959
22.3360
18.5411
18.9161
23.1937
35.7000
24.7479
24.4600
26.9693
23.7602
21.1559
26.1924
31.1390
22.7845
25.9979
29.8258
20.7722
29.1784
24.2960
22.1357
19.7615
22.0318
30.6650
16.8718
20.2511
26.8595
28.4486
18.9085
21.3419
30.1770
26.1674
32.8475
30.9224
30.8650
20.3756
24.2078
24.4588
32.9830
23.3196
18.8697
21.4397
36.2488
17.9866
20.9365
23.5799
24.1357
23.6409
20.7453
18.5920
25.3665
18.3307
26.6921
31.3194
23.4616
25.1555
23.5324
24.8537
26.6218
23.1917
24.1638
19.2826
28.6745
28.6227
21.1082
28.1825
25.8368
26.1451
29.3733
15.6633
21.3365
26.2604
23.1786
21.4871
33.3849
18.7242
25.9685
32.7298
29.8219
20.2922
29.0665
29.8336
25.2347
26.5603
20.6300
31.4571
24.6740
25.3654
29.1568
24.7968
27.0768
25.6280
16.7406
16.7721
28.0861
24.8181
32.8834
27.6310
25.1159
21.8756
24.3562
23.7394
26.7609
26.3415
27.5562
25.8205
28.7599
25.7091
30.1782
30.1136
25.9238
20.5009
24.3862
18.0558
28.1188
21.3036
27.2374
22.3657
20.2665
29.2172
30.1109
16.4777
21.0013
31.7033
30.8259
23.4488
22.6942
35.4925
24.8799
25.9576
25.7110
26.9451
21.3923
22.0478
17.4035
29.5907
25.4315
24.3616
30.9150
20.8274
33.8058
20.8762
19.1703
30.9564
25.1540
17.5715
22.8808
23.1791
21.6864
31.9355
22.3312
21.3215
31.9577
28.4222
21.4176
20.6907
26.0042
24.2774
22.9689
17.7060
26.3989
23.3274
23.4203
24.2401
27.4572
21.8875
19.3548
25.0744
23.1367
30.9441
23.6170
22.1570
28.5851
21.8318
18.8301
21.1037
20.9313
21.3819
20.1668
32.3911
21.8340
30.1585
27.9071
16.3727
26.3140
24.9080
20.7498
22.9713
21.4273
26.1219
20.1460
23.5265
20.6887
20.0419
24.6485
21.2771
18.0050
20.3052
19.2990
25.6156
28.5654
26.2108
20.8818
20.6595
16.8276
26.0296
26.2701
28.5450
21.6791
25.7955
28.7886
25.5255
32.9572
23.2472
22.4851
29.2282
25.1823
24.4497
20.5161
24.6243
25.5189
19.6655
28.5006
27.0458
20.1426
24.1196
21.1444
22.9620
24.0636
24.9459
21.3234
19.8217
22.1323
20.7059
32.6108
21.4044
26.0972
20.5621
28.6334
28.4709
23.0064
24.0987
23.3349
24.5762
21.4861
23.3029
34.7557
27.6072
23.3325
23.6641
20.1188
25.4775
28.9769
27.1908
20.4667
29.9125
22.7861
21.1076
20.3512
21.9495
21.7701
19.7409
24.6101
19.2105
21.5118
27.1428
27.2262
23.6188
24.8031
26.2498
26.1110
27.6660
22.4297
21.4369
27.3616
25.5234
21.8522
29.0306
24.8447
25.1270
22.7650
20.8047
20.3317
20.5196
27.3670
27.6987
28.8101
21.2978
31.1647
24.5524
22.6607
25.4775
20.5277
24.4633
33.3517
30.9606
24.7687
19.3641
20.2879
21.9743
24.2334
25.2864
19.3288
31.0608
29.2578
29.1238
25.1399
26.0999
19.1416
21.0879
24.3203
32.9254
30.5863
26.7925
33.9909
30.1512
20.4355
20.9767
26.0379
20.3532
28.7677
24.4905
26.8787
19.2795
24.7806
17.2766
25.9813
34.1175
21.9452
22.9837
26.1078
29.9830
22.2660
21.8936
23.5111
22.8800
22.4686
30.1117
19.8087
17.8420
20.3087
19.0744
28.4007
28.4053
23.0348
32.3291
31.2550
26.5921
23.6293
29.2237
30.6996
20.3857
24.0489
18.6025
27.3315
26.9132
25.0522
21.7937
27.9190
17.8265
28.5935
19.8395
22.6760
25.2902
27.7081
23.8458
28.9625
21.0976
24.7896
23.2790
26.6026
21.8730
26.7847
22.5842
28.9925
23.6234
23.2236
25.4177
29.2018
27.0059
25.1242
22.3041
28.8563
22.8767
20.2733
24.1932
27.1892
19.4987
22.5186
22.2435
22.5533
26.0909
27.2740
24.7257
21.8452
23.5324
21.1354
23.5488
28.7579
22.5925
21.6169
28.6450
26.6563
30.3770
31.5619
17.5696
21.4772
32.0035
25.9949
24.3810
21.8019
27.3676
26.3200
22.8499
20.0023
22.8768
21.0735
25.6773
19.2376
26.0966
24.8090
34.0338
31.7099
28.2846
27.5325
31.3613
22.6648
22.9006
22.6513
17.1455
28.4101
22.5509
20.9265
27.9293
19.3037
31.6268
18.0609
18.3666
23.8748
24.3753
24.6477
22.3720
31.0583
23.8709
23.0450
31.4383
26.1659
22.9150
24.5154
29.3663
24.1147
34.9239
25.6099
23.6620
25.3526
29.6432
23.5703
34.6936
20.3830
20.9558
23.6154
28.8777
19.6819
16.6515
22.6404
16.9595
19.7180
29.4907
27.1465
21.2786
15.7390
21.6536
16.8110
22.6055
26.0379
19.0198
21.8462
20.5364
16.4399
27.2744
22.5019
28.1046
27.9337
30.2737
25.2771
28.3819
22.8408
25.1556
25.8166
19.2713
19.7874
28.3957
26.6897
19.6415
22.4408
24.1826
20.1774
27.7484
22.2670
27.7414
18.3911
20.2561
21.1457
23.4659
15.6266
32.4439
21.8122
26.8276
19.1482
18.3749
23.9789
19.4056
27.8172
25.8532
21.8071
25.1354
23.1158
25.6232
23.4621
21.3205
20.0224
25.0564
20.7633
18.3349
20.3183
26.1047
23.3395
23.2754
32.0082
27.8664
29.2058
21.8461
29.3505
24.4335
25.8301
32.8501
34.3008
27.0428
29.4418
20.9839
33.5313
18.1888
22.0269
24.2385
25.8236
17.5424
17.3524
31.6843
20.3723
24.6836
24.3863
28.1930
23.2545
21.6019
23.5731
20.8216
26.5350
27.3551
21.6975
29.3178
22.9761
24.7036
22.3475
20.9197
23.8512
24.8940
20.6128
23.2875
21.9107
27.4130
24.6466
26.6517
31.1816
25.1060
24.4972
23.4379
24.8768
20.8830
28.5284
32.7526
21.8399
29.4774
33.5969
29.0674
23.5106
33.8208
17.4961
26.3639
17.0530
21.2770
31.2859
24.5546
35.4522
29.6071
25.6759
26.5539
25.4369
15.2413
20.9536
28.5111
25.1610
24.4612
29.4687
26.5002
28.0251
22.8376
32.4336
28.1293
19.8338
25.8048
20.6529
22.0836
21.3111
18.7603
23.9605
23.0868
19.2891
24.1980
30.1500
24.7616
28.8049
21.6105
23.4413
26.0135
26.7237
28.7088
22.0918
30.1442
29.2893
32.6780
24.2410
24.3369
19.4544
31.4455
26.2577
25.8999
22.2001
25.4912
23.8734
20.6537
25.5174
30.8940
26.9801
18.1950
23.8916
22.2333
16.9510
27.1295
34.9885
27.4542
23.5076
23.6482
27.6736
16.3702
21.1735
21.5428
26.8167
24.6466
20.1132
21.9373
22.8577
22.2164
21.5383
18.7937
33.8725
22.2085
29.0270
21.7771
26.1413
23.3061
18.7472
21.2881
20.2582
25.6392
26.2168
22.6800
21.8551
26.2000
17.9320
27.9495
32.1410
22.4788
19.3104
34.6878
23.4251
20.1870
33.7171
30.3980
18.9377
19.8535
20.7019
20.5803
24.0929
28.2093
25.9663
28.2335
19.4385
25.2750
26.9284
23.7986
20.5031
18.4852
25.9360
29.7948
19.2107
21.7449
18.9607
25.0290
20.2054
20.3945
22.6708
31.7179
29.9563
34.9819
22.6784
23.0160
28.0006
20.4416
28.9365
26.5804
32.1498
21.7913
21.8393
30.2675
18.1431
25.4622
27.9415
24.4775
23.0171
18.8636
23.8534
24.9607
26.4026
24.9934
24.9409
20.8859
17.3760
22.9130
19.1241
23.4066
21.7794
24.2259
22.9671
23.8755
22.3660
24.3499
21.2392
22.7023
26.9837
23.7310
24.5912
30.3857
25.4125
27.4656
21.9904
19.2613
26.8725
28.0443
18.4547
24.2954
25.3074
28.6312
29.1752
23.6353
30.9402
27.6012
21.1036
23.2649
24.7326
22.0849
33.2150
35.4845
26.2200
23.6581
20.2320
30.2542
25.3153
27.3902
24.8459
28.3114
26.4238
31.4543
20.2733
22.4398
23.1689
23.1797
24.2670
16.9152
24.8800
23.6243
22.2239
26.7090
20.1281
23.0973
28.1921
30.0629
21.5570
23.7733
29.3686
19.9988
26.5801
25.3220
21.4899
30.7487
30.8955
26.8690
28.2607
26.0754
17.9091
25.0547
22.9399
37.2035
24.0926
28.0514
22.5619
24.4541
18.8616
33.4561
27.0202
20.1952
29.0756
23.5486
26.9962
28.2339
19.4400
25.2430
20.0795
21.6693
20.8228
28.6426
22.7722
23.7251
26.3693
26.4576
28.6771
33.9251
23.1874
25.9713
22.9960
26.2358
28.3750
21.4038
28.8092
22.2036
31.9518
24.8069
25.2162
30.6650
25.2331
25.9307
27.2327
23.1235
23.1820
22.6853
25.8880
34.2782
24.3522
20.9562
18.9813
19.9171
20.4151
29.0276
22.3715
25.8046
30.6275
25.7193
29.1077
26.7830
26.8433
19.4512
28.4200
23.9061
26.0563
29.1914
19.6662
26.5356
21.7311
27.0634
23.1232
22.3656
16.3674
22.9758
24.2922
31.2718
22.8591
30.6876
22.1792
25.2800
35.2567
22.2273
25.9811
31.9902
23.3815
24.4080
27.6993
27.9654
31.3322
22.1964
34.1553
21.6523
33.7542
23.0420
19.3622
20.6143
22.9647
23.2758
31.2212
33.1390
17.2482
29.8017
22.0097
22.0115
21.5681
28.1988
20.5496
24.1497
23.5953
25.4427
18.1331
20.9596
26.7031
17.4478
20.8466
23.6495
22.5960
29.1270
34.0079
26.1597
30.9587
24.1187
26.5768
37.0043
21.8256
29.5609
24.5520
19.6169
29.9676
22.8502
31.1316
25.2028
23.3363
32.1687
27.6264
24.0751
23.2674
16.2150
29.5173
28.4598
27.1098
23.6005
27.2317
27.8878
29.9309
18.7571
25.7659
20.8547
21.7335
27.9093
29.0670
20.1466
17.1272
21.8721
23.2453
27.9452
21.8338
16.5534
22.5573
26.3330
30.1607
24.9075
29.3018
22.2507
21.9743
20.2815
20.3214
26.8334
18.8983
27.9234
21.1660
27.6305
25.9419
30.4479
26.2381
34.2740
20.0910
23.1113
20.7067
28.0302
20.1769
25.3760
15.6989
24.8540
21.2122
22.9333
23.8234
24.4370
24.7838
31.4364
30.7078
21.6733
24.0347
18.9301
29.3747
26.9944
20.8681
26.2466
24.6237
21.9693
25.4506
18.8895
26.4825
36.2763
23.0017
23.1092
29.5840
20.5747
27.0237
22.4262
23.8058
22.6179
23.1348
30.8870
22.0620
22.4667
27.2256
28.4485
22.2332
28.2467
29.8089
21.9208
24.1797
28.0610
25.9494
23.6643
26.9337
29.9071
25.8303
22.8668
34.3009
31.8740
21.9568
23.5494
17.1712
25.3664
26.8036
27.5594
30.9140
31.7164
27.0946
28.4811
24.9428
23.8676
26.6001
28.0056
23.8991
23.5377
23.3296
18.1155
29.3921
24.5775
20.5296
33.7281
21.6052
31.9822
21.3281
19.5292
26.6894
25.2076
26.8620
18.8358
22.2073
24.0975
23.7581
20.6088
17.2434
22.6496
20.8225
32.0391
19.8717
30.7774
24.4046
29.9937
27.0978
26.4784
24.0335
26.9297
28.9741
25.8479
20.0422
22.6833
19.4302
20.8267
24.9242
18.8188
22.5553
22.8377
28.2938
30.8393
21.2430
22.4774
18.2998
19.9797
31.4428
26.6254
23.2192
25.5072
30.0887
17.2735
24.2611
22.4394
33.5816
24.2847
17.0947
18.7283
30.8695
19.1843
33.3930
22.3130
23.0956
18.0041
28.8719
27.4155
23.7834
20.5640
27.5570
32.7548
18.8101
30.7255
20.3546
18.0861
20.2928
24.3262
25.7693
31.1673
27.0000
35.6372
20.1348
24.4796
27.3393
19.6854
18.6281
23.3050
32.9338
20.0465
25.5088
18.2933
20.8837
24.4500
24.3223
21.3870
19.1537
25.8024
24.6839
18.7388
22.4677
20.3003
26.2845
21.2734
24.3547
27.7977
19.9284
23.5181
28.5228
23.2087
23.2359
22.4440
24.2471
26.7181
30.8763
20.3209
19.3367
27.5562
25.2680
21.2857
23.2626
17.8672
28.9648
28.2933
33.6969
31.7509
25.4700
32.5237
21.1460
25.8109
24.3194
23.7880
31.4375
28.9357
26.5408
29.0469
21.6633
17.5813
22.9928
20.3682
23.9055
24.2604
22.2435
21.4035
18.7194
36.5336
31.9995
22.4229
20.7686
31.6352
27.1272
24.7044
26.3920
18.8430
21.3844
26.5965
27.0786
28.8996
32.2806
27.7037
33.9239
25.3113
30.2314
32.2056
31.6998
26.9062
21.9469
31.4429
33.0857
23.0061
19.9579
27.1974
34.8723
21.0605
22.5112
25.6131
31.8032
25.8738
29.1886
33.7110
20.6696
26.8266
16.5199
22.9210
25.3975
20.2319
15.5725
21.6960
28.0832
20.4035
17.4749
20.1540
29.5174
26.5624
20.3711
26.2550
33.2739
19.2996
21.9058
17.7852
23.4098
23.2920
25.1951
27.6073
24.4999
32.2139
21.5551
22.6945
27.7716
27.3499
27.6754
29.9636
28.0064
23.5040
23.8497
20.4820
19.0926
24.9310
21.6177
28.4937
30.7224
20.7833
25.3795
