Orientation_Correlation_Function
0.6351179468791601
0.3856843235533412
0.2101137903932691
0.10402803383756337
0.04960469208711703
0.027369882700802314
0.021545841976401157
0.021835790312217652
0.022981968890118016
0.02269117890541209
0.021082885507734846
0.01867579068651116
0.015480000613202718
0.012381178000556561
0.009396852150191261
0.0073520862236408965
0.005760803268997382
0.004413132248634235
0.003394766810744574
0.002458547316950644
0.0016639638671794577
0.0013496021189335927
0.0009988069842693222
0.0008287798794203385
0.000502963818978654
0.0001488777410708038
8.471242719509367e-05
5.091872965005071e-05
0.0
0.0
Avg P-P distance: 5.464773034558594
