20.5894
31.1488
20.1061
24.2414
24.0187
21.3476
25.2636
24.2244
27.4254
30.3202
19.3108
21.7175
22.1003
21.2461
27.2135
31.7389
29.1114
25.7958
20.2541
32.7658
16.1521
21.2415
24.6042
25.9213
29.6795
26.4308
21.2116
23.5899
19.9723
29.6798
27.5493
29.4934
24.8470
20.7276
24.1138
23.3965
28.3537
25.6971
27.1391
27.8868
19.2245
20.2607
14.9919
26.8621
28.2618
17.5834
27.0609
23.3829
23.2466
22.6816
28.9471
22.2327
25.2612
22.4866
18.7287
20.2690
25.3463
20.9610
22.9306
22.5608
18.5293
21.0308
32.6041
25.6582
23.7695
26.1228
22.4355
22.6879
22.2155
19.2828
33.6776
25.6475
24.0158
25.2256
25.7312
23.2248
20.3073
21.3848
29.0329
26.3811
18.1069
25.0677
19.2187
27.2355
21.8074
22.1724
24.8661
22.5016
23.6335
27.4824
21.3274
24.2014
16.7485
24.3271
26.4518
26.8563
21.4295
29.2698
25.8950
29.8459
22.9934
24.5814
25.9506
20.1877
26.5635
24.3675
25.1282
30.8381
21.5733
22.2458
25.7442
21.3175
21.3632
25.4480
18.4360
34.0805
31.9997
23.5451
28.3094
20.4160
25.2654
20.2580
19.6102
30.5596
19.9367
25.0527
31.0104
24.0505
31.3001
27.2167
24.2394
24.5998
21.3034
30.4227
28.5604
24.5449
25.7916
26.3449
29.0883
24.5438
21.6636
31.5526
32.5890
20.1354
22.8615
21.6834
18.2622
22.1359
22.5227
22.4863
21.0490
24.3468
18.4264
24.0593
21.1204
26.1181
30.3325
20.0152
24.7263
22.9063
18.5346
27.9033
31.2126
22.9940
23.8167
24.3898
16.6068
22.5036
27.1779
27.1505
24.4824
28.2711
26.1158
20.4152
24.3172
20.0844
15.9877
18.2317
24.7887
19.1939
22.1750
29.5204
26.8975
21.0046
24.7501
18.0180
23.5672
30.7434
20.3066
22.6982
21.4488
27.8343
19.9818
22.2950
30.9418
20.9443
21.3351
25.7708
19.4240
22.2584
32.5302
26.9332
27.3903
25.6668
18.6027
30.4673
24.0122
29.4516
19.7824
21.6099
19.0320
29.1793
23.0688
26.7417
21.6056
26.9633
30.3447
20.1555
18.6050
18.3843
20.2598
21.7260
23.5265
20.7977
15.9525
18.1239
28.9762
19.0407
25.6361
21.2519
24.9846
25.1650
26.1161
19.1903
22.0142
18.9763
21.0786
27.7634
26.5770
18.1151
23.7425
17.0460
26.6808
29.4862
24.0939
19.8829
18.6364
17.2611
24.4114
21.0016
27.4008
29.0321
17.2620
21.4562
25.1977
25.2986
23.6160
21.0757
30.0088
19.1655
28.1301
26.3281
31.2510
19.2621
25.8122
18.5292
30.0903
22.7945
23.1409
23.1508
22.1004
21.5055
31.9128
23.2063
34.7847
35.4875
26.4159
26.1254
30.0973
25.9028
29.7525
17.7784
23.3996
30.1912
22.2006
23.8764
26.2931
30.5470
24.2070
28.3251
27.1791
26.7373
17.3183
17.0765
22.6452
24.5426
28.9668
28.9907
19.5247
18.4218
20.0045
27.7412
19.4159
30.7087
28.6782
21.7435
29.9574
23.1640
31.5048
22.5984
22.3096
24.1393
18.2286
24.8733
25.4670
25.2140
21.9019
20.8346
26.2284
22.7440
28.3514
23.2204
24.0680
28.5947
17.0936
23.1807
25.0143
20.4413
21.2880
31.9011
28.7636
23.9439
24.0321
19.9949
24.4549
20.7537
16.8885
20.4759
19.4757
23.9329
20.4547
24.2126
27.6330
23.5033
24.2751
20.2556
18.1945
25.1134
19.2388
19.9019
24.7655
29.0167
23.2041
22.4021
25.8827
19.9679
23.0583
20.0150
22.7903
20.6820
24.2507
18.9199
24.5041
23.5993
25.6520
26.0196
19.3414
23.1887
25.9415
18.9836
20.4093
22.4804
27.3131
24.2683
21.9143
23.9945
20.8524
25.9624
27.6112
18.0059
25.1499
20.9122
25.0508
22.4085
24.5140
17.6313
25.5037
29.5693
20.8977
25.6765
18.2453
23.7330
25.9778
22.2735
28.8956
25.8521
32.3455
24.7195
24.7757
27.6008
20.1410
25.4202
19.7156
30.7907
26.6979
15.3869
23.0585
25.5451
24.7612
26.1507
30.7190
22.9735
14.6868
16.9103
23.4040
24.2703
31.2140
24.7608
25.2529
21.5099
27.5823
18.8747
21.6233
21.2462
17.1624
26.6039
23.7137
32.3948
26.4753
27.7327
24.4989
21.8724
19.6785
18.1503
26.2817
21.8991
17.0570
15.8599
30.3443
28.5085
27.7102
21.0490
22.2629
30.3998
31.7616
27.1293
23.5642
23.5393
23.3280
18.4205
28.3227
30.6781
19.7572
23.3675
27.7263
21.0120
19.0452
20.6954
21.2670
26.5940
21.7348
19.9334
22.2240
19.5662
23.3014
25.8928
22.7756
19.7135
26.1861
29.1422
18.7623
30.2327
21.2097
20.7731
32.5720
23.6500
22.7528
28.5780
25.4345
16.6597
28.4104
23.7737
27.3792
23.7362
28.5884
18.9082
31.9709
34.3198
28.4209
22.4128
19.1233
25.2576
24.1757
20.8918
29.0241
24.3985
28.1442
23.8889
26.5861
21.4393
22.1695
26.6068
21.9523
23.2781
22.7094
24.4205
18.8042
15.4366
28.7253
28.7189
23.0411
32.8301
21.4164
30.0110
26.3713
21.5982
26.6405
28.6664
19.0058
29.8281
29.3914
23.6763
23.5362
24.7229
19.4261
25.2852
17.6325
32.5163
19.3021
21.6812
31.5448
22.1577
27.3684
31.5790
33.1909
19.7098
19.7349
22.3042
28.6006
23.8451
21.2432
25.2711
26.2763
21.5827
19.4997
28.8766
19.4902
18.6047
17.7269
25.7416
16.6115
28.9364
19.3470
26.4630
24.6698
29.9566
24.5836
32.0266
29.4376
21.4734
33.3142
19.3382
26.8974
24.1312
30.5260
31.0455
29.8493
22.2337
21.6606
23.4201
25.4440
17.1876
22.7223
19.1646
25.0567
21.8163
20.7227
27.0822
22.9661
24.5169
27.1005
30.0883
19.7121
20.0764
23.6069
31.3369
16.5260
27.0271
26.4374
17.9791
19.6469
24.2050
28.5643
25.2455
17.4923
19.6283
24.0090
29.4941
20.1025
22.9088
23.7000
25.2158
32.6384
26.0833
23.3669
19.6141
24.8735
21.7850
22.2585
19.9276
23.8745
22.9985
23.7701
25.5640
21.1424
30.9036
20.1385
22.3338
20.6471
20.6215
24.5843
23.7929
22.8281
21.2572
36.1135
22.1318
27.8589
27.8473
28.6545
17.5996
25.8176
23.6491
29.5058
23.1015
19.5402
24.5819
26.0588
20.4528
19.2880
25.3203
25.5192
26.3405
16.5551
23.8289
21.9694
24.1595
23.0952
28.2021
33.1250
21.0735
26.1419
24.6727
25.0548
27.0395
20.6216
29.9072
26.3342
30.4222
24.3195
23.1686
34.8113
24.4783
19.4967
18.3627
20.1763
32.3620
18.0845
28.0358
29.4571
22.8282
24.3678
23.4873
19.5553
19.7127
27.0524
19.5078
24.6021
23.5513
21.4559
21.0316
31.7827
16.6808
18.7228
32.2852
26.3612
25.8004
16.3411
24.1837
21.3840
23.9677
23.4899
30.8615
28.3815
21.0280
31.8101
17.4682
16.7998
27.9653
26.2381
18.2049
15.9174
23.1431
24.7869
25.4837
22.6288
30.0752
26.4823
25.6629
26.5068
18.2825
22.0659
21.4172
21.3732
20.5690
20.0196
18.4563
17.7646
28.5435
24.9748
19.3597
29.1494
25.2245
22.0980
24.0705
27.7288
23.1246
22.1452
21.0078
22.6913
17.7074
20.1391
15.8426
24.2556
28.8433
18.9249
29.5352
26.6781
26.1461
24.1125
17.9385
23.2988
24.8502
29.8346
19.8237
22.1259
18.3044
19.8927
20.4020
21.8627
32.5843
29.4253
23.8519
19.6738
20.9778
20.4725
24.8606
31.7688
31.0677
31.1059
20.5164
23.0251
17.7733
22.4469
23.1130
30.2252
30.3168
26.3093
17.3875
19.9150
18.8986
23.8659
20.8437
16.9054
20.9331
19.4493
23.6856
20.8163
19.6422
29.5491
16.2313
25.4660
24.3864
32.3044
22.6922
21.0571
26.3087
27.3772
23.8149
19.8228
22.4519
25.0507
18.9781
25.3950
25.2302
26.1863
20.6362
28.9549
19.0605
26.3746
29.3493
28.5009
19.1523
23.1003
30.3857
20.4529
17.2853
24.8308
23.9088
29.5718
26.3591
21.9442
19.5739
30.6312
27.2889
21.8768
22.0625
18.5200
20.7442
32.1544
17.4009
32.0965
25.4398
18.2193
25.1035
25.2938
29.3126
18.9878
24.3033
20.3076
24.9062
25.3912
34.4729
24.2616
19.4916
18.8968
25.8130
23.4861
24.9823
22.4054
31.1010
17.2290
23.6303
26.1014
33.3080
27.6529
26.8214
24.3704
21.6645
20.8073
33.2570
23.9973
26.4143
19.1607
25.8404
30.5205
27.1485
30.3630
21.2968
26.9852
19.2656
28.9289
18.2245
31.0035
24.3690
27.5126
20.2259
20.1635
25.2250
20.8991
19.4027
26.7484
27.5143
22.6501
17.2552
17.8883
21.2393
29.1972
26.7762
22.6498
28.2843
28.1971
23.1190
23.2434
23.8756
25.7669
31.4996
15.6864
30.2926
15.6486
23.7697
23.2313
27.9063
26.6762
24.0260
30.7133
23.5900
20.2535
27.3198
16.8571
26.2509
29.2782
20.6096
21.3373
23.7283
20.9941
21.3217
31.4777
19.3577
25.6660
22.7820
20.6568
20.3518
28.4752
27.0800
24.2687
20.2357
24.6995
22.3157
23.0462
21.4144
22.3484
27.9254
21.6046
25.7578
16.8857
22.6200
26.2211
24.3408
21.6102
23.8939
23.2803
17.2896
30.1779
22.8143
27.4766
20.1608
24.0368
21.2724
25.5819
27.5411
36.0290
22.6300
20.1360
21.3120
34.6778
21.7266
20.3705
23.3821
19.9975
27.6160
26.5464
21.8157
23.9093
28.3891
23.3296
20.5391
24.8479
24.4732
30.0860
24.0769
24.6843
23.9262
19.9448
20.2989
23.0975
20.4504
17.9767
21.4986
21.8195
25.4614
28.7138
19.4556
20.3969
22.0118
26.9982
21.1985
29.2990
21.8396
23.0687
23.9609
16.0965
21.6328
23.1013
18.8880
20.9865
25.6286
27.1634
20.2039
20.4907
22.5230
24.4198
22.5097
17.2864
23.7541
32.0552
21.2428
26.3902
20.6104
25.2709
27.5194
20.5874
17.8663
19.0242
20.6213
24.9292
22.3358
24.4310
17.9464
30.9575
31.5115
19.1375
24.3391
24.8143
29.4504
19.1783
25.6457
33.0674
17.6018
27.2564
19.2254
21.7939
23.6429
27.0458
28.5647
26.5483
17.8209
24.7204
32.6267
27.0995
23.7131
29.2247
26.2361
38.9198
17.0832
30.8350
22.8545
23.6724
24.1011
27.3915
22.9598
24.3855
20.9813
26.6421
19.9812
25.1157
27.8957
19.1180
23.1090
28.0974
20.6984
28.1630
23.9450
22.4653
24.8895
30.7573
31.0088
23.1800
24.1318
27.5847
25.6745
22.2346
21.1751
27.1333
21.6117
26.5886
20.3578
18.8008
16.1715
28.1404
27.7756
25.0428
23.2053
24.1948
28.3243
25.7513
25.4744
29.7976
19.1342
24.6172
20.4901
21.6589
18.6028
18.9861
19.9690
23.7371
21.7549
19.6780
19.8127
21.5177
20.3216
19.1015
30.0047
27.7617
31.5428
27.3726
21.6011
27.4454
26.7038
20.1022
27.1170
24.5623
19.5018
24.8125
26.1215
24.6208
21.0560
27.2356
24.0710
22.5107
20.4049
30.3934
17.0490
22.9639
24.4562
18.8877
19.5942
21.0518
23.6525
26.1606
22.8990
21.7679
17.6317
28.9902
22.5156
20.9637
28.6457
16.8270
18.4970
24.1480
28.8327
21.7187
23.8938
19.7212
22.5449
17.5530
28.1045
28.8387
18.3040
24.2933
34.9289
25.0219
18.4163
25.0300
20.8995
22.6635
26.5494
15.9814
30.9842
20.0682
23.3389
30.6628
17.8357
25.8056
21.3401
20.5983
24.2910
32.6783
19.6567
27.1894
24.6559
28.2650
24.9641
25.6565
23.2521
32.9360
25.4188
23.3989
25.4446
29.7150
31.1800
23.2577
20.3718
33.3233
33.0559
19.6931
22.4137
33.6997
28.5126
24.7467
21.5161
21.4276
21.6909
19.9120
17.8769
16.9239
16.7214
28.9276
19.4458
19.5486
21.1972
26.8242
24.4644
30.6785
19.7533
20.8158
22.0251
23.5819
31.8134
23.4720
30.3596
24.5265
19.5398
23.7089
24.0501
27.7456
31.9543
29.6874
16.2609
20.1636
21.9419
20.3458
19.8822
24.6391
26.0584
16.9410
19.4010
16.9740
17.2916
21.7193
28.4097
25.4536
31.8635
19.8816
22.6364
21.8932
19.5931
23.6082
31.0277
19.9633
23.7991
29.2664
32.6096
25.1940
31.9077
28.2004
20.9314
21.9201
29.2136
21.1640
26.0077
23.8130
24.4734
21.9697
20.8856
22.1162
20.1142
24.9464
19.4914
20.6045
23.2456
23.2010
18.2947
23.1513
21.4797
25.2390
24.5948
19.4973
23.1950
21.8134
22.1973
25.1719
22.3767
26.7243
29.1470
23.7087
21.9847
19.7096
27.6733
20.4637
28.1455
32.7878
28.5512
25.4156
22.8654
27.9679
17.9330
27.8066
28.1387
30.0950
28.9945
29.4246
29.4834
25.0477
18.8470
35.7453
22.4843
21.0103
27.0325
18.6916
22.3239
19.3976
31.7625
19.8138
18.9805
25.8772
24.3393
33.7992
23.2647
30.9513
25.7707
16.7034
27.3957
23.1866
29.3230
24.3249
28.3259
20.2326
18.3631
21.7838
18.8749
20.6921
20.7116
24.0701
17.8045
31.2637
19.7045
29.7355
25.1460
23.1916
22.5873
25.7882
19.8365
24.8441
37.0238
19.1348
30.1873
17.5454
27.4814
25.9505
27.3270
28.8245
28.4389
20.6481
23.5516
35.9965
20.1997
19.8746
23.4654
23.6864
33.7189
18.0332
21.6434
19.8437
28.4654
26.2460
17.5426
17.8433
29.9060
33.0996
28.8559
22.0057
20.8137
29.9275
17.8254
27.3917
17.2125
19.3537
25.0114
26.8567
26.4266
22.3416
22.6405
25.9636
23.5353
28.9278
21.5433
20.2825
18.2578
24.7995
21.7338
25.9974
20.1342
21.2263
24.7475
29.3120
25.7306
19.8178
18.0980
26.5973
20.8439
26.9747
20.4747
22.6544
18.2918
24.0157
30.3274
23.4618
23.5898
27.3554
24.2575
18.4166
21.9956
22.2484
22.5932
19.5235
37.5773
24.9557
25.0607
33.7863
26.3949
23.6076
21.7679
20.9604
26.2768
21.6761
20.8863
18.6330
29.6293
24.8169
24.4054
25.1864
25.0282
29.5657
25.3437
31.5330
31.5164
18.4394
27.1087
22.6089
31.4837
32.6605
21.3670
24.1230
33.2761
33.0363
25.8708
29.8586
23.4625
20.1944
28.5867
26.2654
20.3391
17.4121
23.1837
21.6626
21.1881
29.9793
20.6873
22.8510
20.9798
16.8725
30.4100
26.4218
32.9713
25.3608
17.6094
20.4537
19.2964
21.6529
26.4789
27.9244
25.0331
19.2883
16.1637
21.5240
27.6772
30.1219
19.4714
25.1625
31.4110
22.2953
23.9038
23.6067
28.7969
27.2499
27.3774
18.6183
31.3491
28.0930
16.6880
29.8853
21.9273
17.6983
26.9504
21.2733
33.1860
25.5403
26.5566
20.6746
17.8400
22.0840
29.5509
23.6275
23.8815
24.3744
34.1615
33.6163
23.6828
19.3244
28.4790
22.0525
21.2498
23.4750
20.7733
26.5913
21.4641
27.5377
32.6208
23.7749
27.3080
23.9058
19.6350
25.3324
16.5316
18.8913
19.3256
23.0376
19.2791
18.7286
28.5336
19.4064
20.2039
19.1603
23.0929
25.0541
20.6548
19.7792
33.3938
23.7355
31.6295
25.0614
29.9624
30.3392
20.5332
16.5008
20.8672
27.7026
23.9036
28.3316
20.3776
29.4022
17.8751
21.7731
27.1906
26.5277
23.9012
21.4848
25.5544
22.2346
27.8037
23.3105
22.8068
22.5476
21.5541
24.8065
18.4285
29.8213
25.8271
26.4841
23.4653
28.3566
23.9478
28.9106
21.5211
23.8837
23.0914
32.2218
30.6899
24.8124
19.1411
29.2971
25.4278
18.4750
25.6319
28.7374
28.2736
24.5288
27.6842
19.2461
24.9414
17.7379
26.3478
22.3232
19.2536
23.8893
24.5320
25.9391
18.9984
27.0253
32.0817
29.7147
21.9618
26.0673
19.7088
19.2042
17.3425
25.5529
19.1297
25.6671
20.5246
17.8528
26.0227
20.3746
27.8508
28.3173
21.2574
29.0028
18.2456
29.5914
32.9638
28.3330
27.6583
23.2928
23.8307
26.5938
19.0906
28.1746
21.9047
32.8374
25.9766
25.1271
20.4494
34.3516
23.7957
20.2621
24.9626
20.4995
22.8796
19.2664
27.0741
18.1750
20.9910
24.0186
22.7751
21.0394
27.6077
25.0662
26.3208
24.8242
25.7005
23.7570
28.3036
30.5375
22.6680
30.1944
20.8800
19.8350
27.6291
30.1088
24.7188
28.7509
20.0609
22.0268
26.2581
32.8732
31.6751
18.9779
24.0455
24.8273
25.7428
24.2449
26.5190
22.6242
16.2245
25.5000
20.7915
22.5887
31.2508
25.4236
23.9620
30.2285
22.2250
20.5027
22.1884
18.5618
22.9406
19.6386
20.9616
19.6601
17.4480
26.1802
20.2300
23.6152
22.9974
22.6915
28.0951
32.7476
25.6873
30.7764
20.7736
28.7303
24.1246
19.0187
27.8057
18.6758
26.9937
23.7085
22.2225
19.1896
19.5993
16.0662
18.7386
30.2087
25.0173
25.4863
29.0016
19.7545
20.5748
28.9706
23.7140
21.0286
24.1854
20.9926
27.2180
26.7542
28.4194
21.3460
28.9754
18.5560
30.0457
16.9825
25.1844
24.0026
19.4523
18.6811
21.4322
35.5321
26.5706
27.3178
27.4141
34.2549
30.4034
21.9897
17.5717
18.4067
19.3562
16.5407
23.6582
28.5097
20.8354
25.4274
27.5282
22.4048
31.8205
28.8233
22.0306
23.5525
24.0274
20.6746
23.6094
31.5343
22.0324
20.2153
24.4868
20.7808
28.2089
28.2589
31.0644
27.1599
20.7347
26.8272
25.2874
25.8328
15.5792
26.1587
25.7748
27.0685
27.0461
33.2405
16.3325
26.3495
26.0719
19.3093
28.8137
24.3723
21.4166
27.0931
29.5246
24.3125
32.3896
32.2122
34.6559
15.1852
26.8251
25.5909
25.4105
27.0492
26.7622
19.6343
31.5000
27.7638
19.8784
17.3928
25.4216
18.3728
22.6082
28.2375
22.5220
24.8672
26.3608
24.1664
18.0868
19.3104
18.9796
23.5178
23.3258
31.1018
23.1303
19.7009
21.4516
19.2902
23.9903
23.2623
29.3684
24.9524
29.5946
29.8290
26.1607
20.5888
28.1087
23.6238
16.1124
17.8370
27.8105
26.4280
18.4452
22.8263
23.9152
20.3598
23.7912
24.1330
29.6889
19.5272
22.6636
17.1561
28.3001
22.5306
25.0213
19.0429
27.8960
19.9340
28.4969
28.9069
23.2418
19.3243
21.6113
27.0487
21.6869
24.3554
24.3138
26.9631
28.7579
18.8845
25.5176
27.5408
20.1871
18.7297
24.7535
27.0998
29.7559
29.2736
22.4127
24.3297
30.0533
29.6416
25.6990
23.8798
30.9244
27.3519
19.7405
22.1022
20.6594
23.6535
28.7169
23.2708
20.3621
19.1416
18.0777
21.0999
19.0917
15.6324
20.0136
24.5799
18.4308
18.8624
21.2541
20.0010
24.9112
20.0445
20.8739
23.0801
20.3116
15.8190
16.9711
26.1618
20.0636
22.6168
16.2025
33.2241
17.2158
18.0056
24.3535
28.9904
21.4686
21.9474
28.6271
20.4006
23.5837
20.8507
16.6105
20.9956
21.7200
20.1488
23.9061
23.0109
22.7412
22.2399
25.2570
23.2822
24.9973
21.6845
28.7956
21.5711
23.7974
22.8276
22.5929
22.6362
21.4674
20.7115
20.3450
19.8600
21.2413
25.4278
20.3731
22.2233
26.2263
20.5405
28.3186
18.9729
20.6111
27.5339
29.5345
22.6097
18.1465
24.6273
31.2819
23.7420
24.1616
23.6113
30.6586
27.8835
21.5431
20.5201
21.0514
20.7370
23.0393
24.5863
28.9125
24.3451
29.6920
23.9998
18.7893
25.0102
25.7080
22.9029
26.0461
31.0306
26.8270
27.4248
26.9670
22.0222
22.4373
22.0185
23.4584
24.2513
19.9777
26.8273
23.6140
21.8934
24.2894
31.9448
23.9115
25.1260
20.7738
21.4556
20.4727
28.9983
24.7811
26.0174
18.6727
27.8974
17.9672
28.6711
22.9559
32.2295
18.6121
21.0549
28.3158
32.7443
34.6137
17.6878
21.7823
20.8443
25.5447
22.4938
18.7842
28.4451
29.2990
17.6850
23.6286
25.6221
22.3999
27.9590
20.3346
28.7655
22.2653
21.1398
22.1511
23.0496
18.6673
21.9124
21.7641
21.1597
27.4404
26.5349
21.6570
15.4320
29.5313
19.8556
22.9907
24.1182
20.5943
23.0717
31.4173
21.7328
22.9469
24.7831
31.2450
31.8124
27.6575
27.9041
33.9063
25.7549
24.1478
18.4515
21.9939
20.7834
20.9472
21.6775
28.4435
27.1176
22.9633
26.8198
21.6894
24.8563
20.7146
23.6910
29.6168
22.6610
24.2841
21.9235
21.5978
20.7209
24.1590
21.8021
22.0575
22.2402
30.1453
23.2017
26.3698
21.9217
28.3253
19.1512
22.2736
23.6937
19.7163
19.5648
23.3363
25.8005
30.8571
20.2163
25.9312
18.5039
20.5518
18.6856
23.2949
21.7672
25.1948
22.1503
23.4459
24.1762
20.0272
21.4592
25.1939
24.0374
21.8601
30.1491
22.1927
20.7360
28.9051
22.6563
21.0730
22.2233
19.9264
22.6643
26.9837
22.7350
24.1343
21.1044
28.5911
21.0172
26.1477
21.5964
15.9233
25.5361
19.4648
23.4823
17.1200
34.6102
21.0779
17.1659
17.5879
23.9231
29.2896
21.0936
17.3151
23.1280
20.1330
17.7736
29.6996
22.4579
22.3122
29.4635
19.0650
17.0021
29.4963
27.4078
29.9464
22.1091
20.0838
31.1454
28.2979
22.6274
21.5814
23.8537
19.8174
15.6532
20.5440
22.7727
23.1310
19.9321
23.2216
23.0505
22.0609
25.6639
28.4262
28.6075
22.2383
26.9796
19.0755
23.0477
25.3764
27.0575
26.6322
25.1923
25.6919
29.6974
21.5950
24.6196
18.2992
30.5138
19.5086
22.2084
26.4970
26.0876
26.3620
19.6707
25.3545
22.6287
24.0456
19.3196
26.0632
27.2491
19.3182
26.3771
26.6000
26.1547
26.3751
25.9499
18.2902
24.2816
26.0076
20.2440
16.5443
19.5248
29.1640
21.3760
18.4376
23.3397
25.6321
25.9776
27.7536
22.1350
17.5858
28.6138
31.3959
26.5964
17.4378
18.6023
27.2535
17.3012
30.0952
30.3731
38.5893
16.3900
27.4854
27.6704
27.2288
29.5595
30.1319
30.4700
24.1845
22.3926
26.0688
25.4775
21.6374
24.6501
25.8869
25.1140
21.2862
20.6800
22.7329
20.8248
22.8735
21.4055
29.4660
33.4235
28.3963
23.8876
21.1973
27.1410
30.6576
20.5404
21.6090
19.5269
19.1216
19.8417
23.9461
30.3139
28.2063
20.9240
25.1842
24.7676
29.7742
18.2645
22.9523
28.9257
32.8523
19.7038
21.0085
35.3304
20.0906
23.5235
18.6340
19.7316
28.5504
31.8552
27.7533
17.3424
21.3812
20.1725
23.1982
27.3813
24.6606
25.4790
29.2840
19.5442
24.4385
21.7773
20.7220
20.5677
21.8547
29.6085
19.8862
21.2871
19.2732
22.5943
18.9282
23.8064
32.2919
25.9660
30.9973
20.9353
23.0425
23.9203
22.8294
19.8471
26.0862
28.0527
23.3553
35.4686
24.8740
19.9399
27.3866
25.7993
27.9145
19.0932
23.3563
30.9051
20.7546
25.2465
25.1282
21.2216
25.2525
30.4183
24.7123
21.5952
22.4878
20.6272
24.6732
29.7683
23.2854
25.3978
24.0373
21.3399
26.8557
26.2671
27.0949
27.6607
18.2099
23.4901
23.6817
22.3172
18.1990
30.0204
22.8808
22.6891
20.5236
25.1820
32.0208
27.5726
27.6118
19.2197
26.5860
30.4241
15.9340
21.0110
27.9489
16.3499
27.9782
22.5986
28.6837
29.3833
27.6763
35.1530
34.0061
20.7214
17.0781
25.1810
33.4215
22.4629
33.6167
23.0432
32.0069
27.3509
22.7185
32.2543
21.8505
20.3501
24.9479
23.8606
18.6737
29.9457
26.6590
28.7480
27.3490
31.3631
18.0073
15.5616
20.8994
34.9969
29.1743
25.6789
23.2792
23.2133
18.7663
26.5392
20.5812
27.3052
23.5344
28.1169
20.5746
30.4681
18.3203
24.8829
17.6379
20.9859
22.0415
22.6753
19.7115
26.9918
27.5445
21.7730
19.5237
24.0279
31.1163
17.9558
23.7941
25.2759
21.0668
21.3848
33.6912
28.8397
26.9596
27.9379
18.3399
19.7967
28.3536
29.9427
26.1169
31.3814
28.7608
16.5364
20.9742
25.2963
19.9783
26.1240
20.4808
23.1563
21.0217
24.8963
16.2993
25.8982
19.7737
20.8931
25.1893
22.9262
22.5974
24.3168
22.7025
25.0792
20.9581
22.5044
20.6350
31.6130
28.3919
22.5636
20.5214
25.6991
23.1983
28.3736
32.3239
24.6301
18.2692
22.7182
27.7050
23.9343
35.4910
19.7172
31.7628
31.1768
25.2951
23.3158
27.2282
22.1053
18.8696
23.7050
27.0365
29.1283
32.9112
29.7100
24.1109
18.6917
22.6125
35.5875
29.1493
35.3957
19.1926
30.4045
29.3888
23.2440
27.3089
32.3579
22.7543
30.2811
17.2378
22.6619
21.8162
26.2399
32.5360
21.4656
29.0837
23.1195
19.5083
24.9737
18.1635
20.4264
25.2818
29.9230
32.1384
24.1576
30.0837
24.5746
27.2246
20.9440
29.8054
32.0574
18.9226
18.0138
21.0706
26.0733
25.8289
18.6281
28.0790
20.7380
19.4039
33.5127
19.8488
30.8975
23.1532
29.9240
16.5872
29.4596
28.1505
20.5508
30.4526
28.7137
31.0831
32.2762
23.5863
22.8279
22.2162
32.6641
31.5237
31.6872
22.5268
29.6762
25.5126
30.0562
27.7946
27.1687
28.2427
24.9401
24.5588
27.7525
26.4796
23.4810
23.1216
31.4308
25.7297
22.1840
17.7664
26.7470
22.5756
22.1328
33.4738
20.0515
32.7252
28.4089
30.3632
23.3402
28.8169
20.3728
30.7809
26.8541
19.2865
28.8695
29.4380
17.9908
22.1718
29.8253
26.8229
22.7676
20.9564
27.3682
25.3363
29.0593
18.9535
26.2117
25.1096
29.8568
20.3216
22.0845
21.1840
27.7803
25.4951
21.1769
18.6728
22.6628
20.6642
19.5898
21.6598
16.1145
26.6066
24.2968
19.0264
20.6360
31.7898
22.4507
26.4646
16.8067
27.0352
19.1184
25.6276
27.5639
18.3953
29.1024
25.3049
19.1802
28.8462
29.8146
24.9839
29.7450
24.5172
26.2880
19.5532
27.6210
21.0747
23.5473
28.4091
20.8465
27.2231
16.9600
22.9239
27.3254
19.8525
21.5375
20.2074
29.3106
24.2911
20.9366
26.2783
19.8613
28.3302
21.2626
25.7300
17.5403
21.2167
27.9083
23.6697
24.1258
21.3529
21.6520
22.6381
25.9772
27.6936
21.2724
19.9154
29.8849
27.6486
31.1782
26.0115
26.8123
17.4153
26.4398
26.2333
22.4488
18.1281
25.8327
32.2815
28.1804
21.1153
19.1112
23.3334
26.6521
24.1078
25.7371
19.5850
26.7265
23.4444
33.7612
20.6542
24.3086
33.3215
18.8468
18.8373
21.3585
29.5954
29.5619
28.9967
26.4392
26.3387
26.5381
20.8545
32.0890
31.5421
21.2824
28.1864
33.6377
33.3016
25.1311
19.4907
23.3195
24.6706
29.5446
23.9172
27.4302
22.3346
23.8772
20.4509
25.3189
24.7877
25.0240
26.2916
20.7343
34.9905
22.0102
23.4243
15.2901
31.1754
19.3919
15.5016
28.2629
24.5077
25.6096
31.1820
19.3725
26.0913
26.8086
20.2264
21.6462
20.6341
19.9252
25.5521
28.2686
29.9514
22.8247
17.7302
23.4036
26.0764
17.4848
25.1867
20.4174
23.9960
25.7751
26.9071
31.8428
26.9885
23.1106
21.4947
28.6867
20.0036
26.0649
26.1136
27.7175
29.7545
24.1464
20.3628
28.2643
28.2324
29.4884
20.5227
22.3758
18.9592
21.4525
18.4158
20.2588
20.6790
24.7356
22.2965
25.7021
31.3093
21.8265
22.8445
19.6718
25.0568
27.8479
28.2384
33.6365
20.0959
15.7915
29.9264
30.8204
24.5599
30.0447
23.8060
22.6112
18.0847
27.7676
15.9951
21.2998
30.9872
25.3126
25.2089
25.5869
21.4180
26.5200
23.6080
19.9869
26.5490
37.6993
32.7671
31.0813
30.6087
24.2731
21.2442
19.4559
21.3329
26.4683
26.9841
21.8660
19.8513
21.0386
28.8347
23.5829
31.8459
17.9852
18.1700
31.1870
20.1540
22.1120
30.4272
24.2587
18.3590
28.2847
21.5860
27.5423
21.3798
26.4326
23.0561
24.9924
23.6555
26.3183
26.7951
23.2341
18.1471
29.6770
24.8019
22.7385
20.0617
27.5025
18.9664
30.3661
22.9576
23.4783
23.0291
22.1162
18.4823
18.5633
25.2973
25.5148
26.9717
20.6982
34.2172
23.0273
19.7620
20.9785
24.1259
25.3114
27.2848
26.0598
21.7494
19.9224
19.5806
34.3017
27.9363
23.4970
29.7846
22.0370
16.7716
29.1334
19.7349
25.5312
32.3656
23.2775
21.1490
26.9668
29.3964
17.4145
21.5025
18.2337
18.5448
19.7422
22.3481
27.5988
18.6888
28.1428
25.8357
17.2849
21.4620
25.9173
21.5831
28.4943
19.6030
31.1231
20.9730
18.9835
25.7760
17.3185
24.4099
21.4961
19.3671
25.6475
21.2249
28.3710
24.8879
19.5356
30.7404
20.8499
17.0014
27.4535
20.6747
32.3597
22.6344
22.4133
23.3685
25.2433
28.3532
23.6019
30.0315
18.5853
25.5623
24.7250
24.8539
20.7025
18.2886
22.5315
19.7722
31.5028
25.1510
18.6966
23.0744
26.9846
17.6436
31.8005
33.5223
28.5032
23.3133
22.0019
17.2520
22.9487
24.8864
34.2277
25.1581
26.5173
20.7140
23.0958
29.5719
26.4056
24.7638
21.6676
23.2640
28.4437
26.0806
21.0157
20.9627
32.1363
22.5323
30.9436
36.0326
39.6124
20.7542
23.1531
27.9710
20.1934
23.0809
17.8296
25.5268
19.6998
17.0079
23.4061
24.3095
21.7260
24.2724
24.8582
32.2132
27.9488
26.6164
26.1566
27.9916
23.4250
23.3756
25.3107
36.6990
28.7487
19.1165
19.1738
21.0109
22.3167
25.0801
18.7027
22.1580
26.1840
23.0827
21.4517
22.2856
21.3747
23.7222
27.9402
21.3155
29.0951
16.8748
23.8886
23.5942
29.5375
20.2413
29.7183
17.0709
23.8503
23.9257
21.3858
30.3700
28.6718
28.4419
18.8844
28.2433
24.4800
25.5866
23.5280
25.0263
27.8140
22.9374
26.9439
26.1620
28.4879
18.9179
27.4735
22.8419
27.4601
22.7343
26.2466
22.6032
26.1859
26.0847
19.4117
27.4043
26.9037
31.6428
20.7345
16.8643
27.6621
17.3124
33.5282
19.2971
25.8957
19.9876
17.2754
23.2835
24.4540
30.0850
30.2673
24.3122
20.2974
21.5878
25.4296
25.4126
17.6605
20.0408
28.6938
25.6088
28.5718
29.9217
29.9939
29.2401
28.4860
26.1089
22.4471
26.6024
21.6185
20.6944
29.2138
25.9337
19.7367
27.9757
19.2012
21.1181
20.0277
20.4574
19.8310
24.8968
25.5309
23.9538
22.6093
24.1276
29.0817
25.8025
20.2651
25.5200
17.7221
34.5432
24.1625
22.5164
26.1912
25.0158
21.1007
23.2064
24.0947
21.6583
23.5997
35.7316
16.3311
24.8565
28.0210
18.3611
30.2742
20.6184
17.3200
20.0089
24.7013
33.4453
32.2051
24.9855
18.0056
25.5462
23.9609
30.7879
23.4368
27.3451
33.5764
16.3841
29.5400
27.3897
32.0839
21.4645
22.1118
28.3075
29.2866
29.9703
22.4448
30.3213
28.4781
28.1469
20.1382
23.2776
22.2861
25.5613
26.0632
18.7712
20.5517
22.3720
29.7186
18.7029
30.8044
26.2139
21.7599
21.2160
25.6931
25.5470
24.0208
27.8335
23.0412
22.2660
24.4096
18.8027
28.7218
27.0830
21.9181
22.0370
28.4135
35.5423
18.2299
22.2529
20.8825
35.3741
23.7622
21.3055
19.9803
18.5201
26.0058
19.2455
20.7308
28.1165
20.5273
31.6108
26.0002
22.2109
20.8016
26.2871
29.3167
22.3606
26.1776
22.4401
19.8150
23.2181
29.1092
17.5684
19.1911
16.5029
21.8011
24.9409
24.8843
20.2964
22.6082
25.9683
27.3380
22.4864
28.5573
16.2483
26.3008
27.9575
25.0189
31.3840
30.8511
22.7583
21.5512
21.6389
18.9501
26.1195
24.0280
27.5794
28.8056
29.3956
19.4538
25.1909
21.8798
26.6080
24.9950
25.7110
29.3306
20.6315
27.3114
28.1810
24.3751
26.7134
21.8346
27.0347
21.3868
32.0645
22.9211
27.3151
27.2853
24.5444
24.3200
22.4341
27.5474
20.8378
26.2066
21.5957
31.6038
22.7980
18.1811
19.7041
25.2503
22.6537
21.5408
16.3305
24.7888
28.2962
30.8956
21.8610
26.6766
18.4084
24.7291
26.4051
24.7442
22.9505
22.8790
24.1207
18.2721
19.8121
13.9777
17.8177
21.8252
20.9221
18.1237
24.5891
17.6112
29.0623
33.5004
19.2613
30.1107
27.6596
25.1004
23.2588
21.8871
24.7341
21.7910
29.6284
19.3162
16.8842
19.9781
34.8762
31.8332
20.7654
23.2144
32.6908
23.7442
24.3363
30.1956
26.3171
25.4438
30.3038
18.2197
25.5036
20.3920
24.0750
29.9521
29.7395
19.1431
24.1606
31.8789
18.6402
31.3325
25.2490
26.9300
21.9787
21.0478
29.0695
24.3091
21.7509
26.6995
17.5423
18.9591
19.7801
35.3517
25.0662
23.0084
21.0505
22.9709
29.4132
19.6177
21.2659
15.5769
24.6694
23.6540
27.3010
22.6458
26.1301
18.8672
24.4639
22.3242
25.0223
26.9314
26.7022
19.8604
28.6525
23.8266
22.3888
31.4138
23.2159
22.0929
21.9077
25.0026
24.7587
24.5291
22.0513
21.9218
29.0760
19.9984
29.4588
20.6401
28.2520
27.0038
26.4120
19.7466
25.6138
19.3983
28.9468
21.2046
22.1360
32.2129
16.1065
26.1995
21.7291
26.1935
29.0347
30.6576
19.0977
17.6238
24.8658
24.7290
24.0509
24.9164
19.9685
26.6199
21.3834
21.5423
28.5745
28.5706
26.9113
25.2440
20.3902
17.6278
24.1466
25.6344
19.8029
20.5097
29.3707
22.8256
22.3370
22.0869
34.7755
31.2951
21.7791
22.8582
29.4009
18.9604
29.3868
21.4158
22.4640
29.3211
17.9688
24.6810
22.0648
16.4693
23.4422
23.1504
30.4184
23.6068
26.3440
20.0956
27.6777
25.2037
27.4252
18.5511
21.3895
29.9134
23.8216
27.9766
19.9562
19.6508
26.8415
29.6942
23.5386
26.6322
25.7619
22.3180
21.2403
18.9586
31.5631
25.4741
21.1709
21.2050
23.7064
20.1006
22.2635
19.3217
20.6800
28.0721
22.4036
18.8043
21.0156
24.1522
22.1588
22.0316
23.1366
24.4650
19.1135
22.7298
22.6430
30.3954
24.7379
29.5926
24.4546
23.5698
26.0953
23.7027
21.4595
25.0897
23.6640
21.2815
23.0318
24.3532
26.5631
23.0307
20.7471
25.5482
19.5669
29.3348
22.9682
18.8818
24.9033
26.3701
22.0458
30.5457
25.8643
24.5659
22.1559
17.0571
27.6542
26.4699
23.2696
24.0912
27.2195
25.0523
22.2925
25.3427
24.5991
20.5463
26.5539
33.4852
30.6475
28.6311
16.3776
20.3521
26.7583
23.8143
22.8028
20.8714
22.7684
21.4519
20.7625
24.0491
24.7702
27.0140
26.3587
20.3536
33.3834
24.3346
20.0172
25.7100
20.8959
21.5079
21.5225
31.1011
24.4040
20.9095
23.0877
29.4321
18.4241
32.2157
23.3116
27.2960
23.2197
26.3953
18.6087
19.4204
19.2035
24.5551
18.2936
27.0866
30.6745
21.0124
24.6234
21.8545
28.2721
29.0571
27.1934
29.0262
29.2612
30.1436
23.7330
17.5078
22.6552
22.5731
29.0757
22.4797
21.7121
31.2810
22.8846
19.5344
23.5055
25.5600
32.1878
25.7730
25.9943
25.2564
16.7873
26.1735
27.5687
23.7969
25.6321
25.3743
26.6116
26.3179
18.1857
31.1167
26.6807
27.7245
24.7979
23.0730
17.4610
31.5772
25.5240
22.2682
18.9705
22.9139
22.2094
19.3396
21.4529
28.1491
30.4226
22.9892
15.4853
19.2766
19.7482
33.4089
22.2626
23.5928
22.1633
20.1502
28.1467
17.4153
29.4032
21.0903
21.8810
31.9520
29.7538
15.7089
22.1591
25.3179
29.7921
24.7171
30.6756
26.7410
19.1115
21.8457
32.4258
23.6550
25.9353
26.0224
21.2849
22.7987
19.9199
32.5308
24.6180
19.7592
27.4387
27.7701
19.9254
22.1126
16.0504
27.9543
27.7785
24.3908
23.1247
23.0459
17.7108
26.9548
19.5402
22.8004
18.3490
19.2952
28.8322
16.9903
16.5550
25.7119
24.8955
27.2851
27.9894
27.5376
20.1015
24.0023
31.3420
24.7869
22.3060
29.4088
18.9340
27.7854
31.6556
20.2313
30.1116
24.5041
24.8703
26.2469
24.9130
27.5103
23.4178
25.4919
26.9740
28.5287
24.7864
27.9815
22.8699
21.1274
27.4836
22.2242
23.8476
28.1000
26.2119
32.2302
27.9322
25.0378
23.4037
30.7115
25.5829
19.9708
23.9857
25.2974
28.5896
22.5506
26.6201
25.0015
29.0054
28.1072
28.9222
23.5947
21.4588
31.2309
23.7439
32.6292
23.3485
19.6097
26.5449
28.0658
25.4634
26.0189
29.1470
19.6260
21.5163
28.1359
27.9829
28.4602
30.3483
27.4719
23.8067
28.9235
21.1840
24.6715
23.3713
23.0426
31.9340
28.0907
22.6950
27.9728
22.1070
19.0621
18.5429
26.3549
25.5234
26.3407
23.5342
28.2872
21.3831
21.6235
25.0547
18.1959
33.7871
18.0589
30.9726
31.8702
23.4306
23.8583
25.5494
28.3749
21.4187
23.9482
21.8011
19.6241
27.1460
21.0233
25.9479
25.6944
18.6302
23.3418
28.9144
20.7407
26.8300
24.2798
16.7367
34.8068
28.9862
20.9487
22.6978
20.0362
21.5300
27.1076
22.2917
21.5561
22.5196
29.8449
26.5786
26.0285
27.9123
23.1468
21.7281
21.0046
28.8050
29.1146
22.0977
28.2343
20.4000
22.6174
21.0016
24.6822
21.8372
26.8985
19.1843
27.1259
21.7784
24.5613
20.2171
23.6134
28.4005
27.3147
28.2351
19.7152
23.8177
29.1451
24.6321
17.2192
22.8581
31.7818
20.2772
18.1442
25.1230
22.2685
22.1631
23.0778
19.8286
25.2374
30.6695
23.8894
25.2277
23.2937
24.4530
19.7438
16.8802
25.8250
23.2245
18.7962
28.0482
25.5709
20.3085
28.6733
20.0606
25.1278
21.5172
30.7082
27.7260
24.4557
26.1289
21.9260
29.7590
16.9751
22.6024
21.9174
17.7504
18.9881
26.9582
27.1551
29.3739
21.6422
21.9286
25.1825
29.5145
22.5755
17.7820
35.6851
27.5519
21.6705
25.8395
28.4229
20.7869
27.4474
31.3406
24.9664
24.1847
17.1433
23.1779
22.6163
22.2407
25.3629
29.3604
21.6180
18.7348
24.7625
30.0644
23.9228
30.1322
26.7498
28.3712
25.9744
23.3962
19.8235
24.6929
25.2870
16.6988
23.9660
21.8296
16.8994
28.8252
25.1346
23.8549
29.7011
29.8399
29.0854
20.0609
30.4083
23.1959
23.2637
25.4293
22.2285
24.7615
26.8929
26.8239
31.1983
27.8214
19.1427
21.8743
32.4903
18.9802
28.7658
30.2382
29.5949
24.3723
20.0278
23.0823
25.9319
29.7658
21.9674
19.7315
24.8577
24.9107
27.8254
25.6713
24.3513
21.9130
35.9693
28.5079
27.8428
27.5086
26.7462
26.6677
23.4584
30.0783
32.7925
29.2118
21.2978
21.0819
21.7712
20.0710
23.8169
26.4138
23.0211
29.6883
28.1792
21.6685
24.2821
26.3424
19.7979
24.9136
21.7091
21.5034
19.3276
25.3552
20.9629
25.7072
21.5319
23.8878
21.7036
18.3323
26.2160
24.3436
19.7567
24.5486
24.8707
23.6455
20.6972
26.4311
27.4344
30.0056
23.1330
20.3859
26.1888
15.3732
21.5802
23.7040
18.6537
20.2187
29.9291
32.9010
21.7750
24.5113
25.4071
28.1739
32.5828
31.8733
28.7620
23.5087
20.9886
32.9728
27.2213
22.4009
27.1859
27.8703
22.3731
22.2949
30.7015
21.6220
18.5843
23.6393
19.4517
32.8784
22.0773
18.8241
25.0953
24.1045
26.6126
23.6405
27.5770
27.2627
24.1478
25.0958
23.7821
18.6018
31.3981
28.9805
33.0183
30.9897
29.7584
18.3830
22.9714
25.2577
21.3959
27.2608
23.4353
14.4607
21.7950
18.2774
22.9530
17.8150
21.2121
24.1464
22.7374
26.5777
25.8900
17.3011
18.7111
19.3218
23.0538
28.2268
20.3931
21.7814
24.3298
22.5145
20.4561
17.0813
29.8795
25.9749
16.9462
27.4933
19.4228
22.9394
23.3886
31.2158
27.7292
22.5319
18.9457
17.8676
22.1831
28.9427
23.5079
18.7961
19.4271
19.8660
19.7801
21.1273
22.8363
29.7179
28.0049
26.6864
27.6052
31.8084
20.7102
20.9887
18.4052
31.8942
21.7381
23.7521
15.4006
19.8562
22.9709
20.9922
32.5874
21.9224
32.8428
25.3576
21.9219
21.9875
34.6650
26.3993
21.4506
20.4671
27.3070
22.1721
25.8957
35.1702
18.7729
17.4707
23.6818
18.6791
20.4026
19.7819
27.3988
21.4376
19.5409
20.1934
19.9572
23.6953
21.4886
25.5849
18.3188
15.8812
24.9844
29.0776
15.5790
26.9306
17.0561
18.5176
30.6090
23.7468
28.2922
22.9983
30.3262
20.7223
20.0405
22.5855
24.4927
25.6113
26.4490
18.6971
26.6208
18.9522
19.4327
18.0667
22.2480
23.7276
17.7147
23.5890
21.6123
20.4343
25.8724
27.6150
14.8175
27.4956
21.9270
27.3174
25.0608
21.2180
27.0525
22.6410
29.0195
18.7551
20.8280
26.2237
29.0326
23.4421
14.8100
32.3906
28.7600
23.0478
18.1264
22.8512
23.3752
27.9932
32.2204
30.0108
16.3967
30.5096
27.3612
17.6025
31.2703
21.8890
23.7034
27.2545
17.1599
19.0530
30.5421
19.1538
27.2923
24.4694
21.0262
26.4674
22.7511
19.7856
19.4337
17.9188
26.2611
25.2934
24.8647
16.8359
30.5073
25.3391
18.7042
23.8566
28.0910
26.8461
24.3893
24.4149
21.9425
24.7302
25.1273
28.6159
18.3407
19.8691
17.7868
27.0028
18.9028
25.1470
31.4183
30.7564
25.1640
30.6103
26.5148
26.1586
31.1416
20.2749
27.6914
23.5727
31.4145
20.9691
21.8780
26.7821
26.3826
25.0826
29.3776
26.8553
27.2793
17.9302
29.5543
19.3773
22.1755
31.0626
19.7061
27.9581
26.6294
30.8626
22.8746
23.8989
23.8161
18.0641
23.5403
23.4240
28.8878
24.1961
31.4303
20.7711
24.5830
30.8207
30.3532
23.0140
25.2628
16.8846
32.1193
19.6886
27.0463
23.0462
25.3656
22.3198
32.7184
21.5120
17.9220
23.8591
25.6319
24.0550
31.5773
19.4615
22.6286
22.9486
26.1731
23.6171
18.5159
28.1384
27.7957
28.9893
19.4631
26.2415
28.5887
33.0795
22.4330
22.1010
21.5154
23.8298
19.1581
22.8201
17.7942
23.1715
25.4288
25.6681
27.6759
24.1038
23.5950
23.5756
18.4012
29.1505
22.9274
23.0835
20.8342
19.2292
31.9447
21.8158
18.4994
23.2764
35.9531
25.4319
18.8300
22.7071
23.0998
18.9368
15.8964
19.7053
26.0401
24.9111
23.9565
29.6796
20.5114
21.4412
31.8251
22.2926
26.5442
33.4054
20.2383
27.6176
18.5624
22.8273
21.1757
26.1296
19.1743
28.5169
28.8283
31.4214
23.2610
30.2354
19.4837
18.5938
27.1120
24.6723
26.7131
20.5491
23.0337
23.1939
27.3056
29.0154
22.3113
22.0841
25.1099
29.8580
17.1328
25.2829
29.1037
16.5898
19.8626
25.7699
27.4224
23.4623
19.1084
25.6756
31.1564
24.6034
25.0025
22.4259
21.3146
21.9430
38.9985
25.5508
17.3260
30.6657
25.7034
20.2043
26.4332
27.4783
31.1998
30.0713
28.3140
19.8930
25.6141
22.7795
25.2450
22.6386
31.4174
23.9610
27.6322
31.2571
30.1628
17.0070
25.8415
30.4558
35.0485
20.6413
21.4169
31.9110
22.8414
36.5539
21.4517
28.1189
27.8879
28.4094
18.9336
23.6756
24.6196
22.6996
18.4471
27.3115
29.9811
23.7012
25.4310
24.3002
17.5712
22.9593
22.5558
26.8320
17.8049
30.8767
20.1463
27.2089
27.3722
26.6679
28.4380
28.8010
26.2684
24.6353
19.1875
21.4369
28.0358
18.1547
29.5053
23.5236
20.7722
19.0229
18.9893
34.4344
21.7084
26.7270
32.8069
23.5460
21.9265
20.5338
27.5038
23.1975
22.9666
19.4117
24.2565
20.3763
23.5288
19.5345
20.8996
26.2278
24.0910
26.4105
27.6015
25.5851
25.1316
21.3521
20.1715
26.5323
22.2629
24.3944
18.7355
25.7303
20.2336
22.4513
30.3115
21.2484
22.6529
29.7574
30.9363
16.7524
28.8533
24.8973
33.4725
18.7651
23.1601
26.2381
17.8460
30.5109
21.2390
20.4059
27.4033
25.3317
26.3329
21.0563
22.5737
19.6977
29.1537
28.7518
23.7815
28.8845
27.0054
31.1458
27.0446
21.7545
28.3421
32.0616
24.3197
18.3052
23.9159
26.1987
27.2358
23.5062
30.9189
25.3810
25.9156
25.4669
25.6847
24.2912
17.6303
34.8290
25.5404
31.1689
24.7964
20.7934
24.9413
28.6349
24.6318
22.6191
28.1615
29.2138
27.4964
26.5035
19.6192
22.7407
29.0325
19.7984
21.0552
20.0942
26.9315
26.2678
30.6373
20.5931
23.1462
27.8523
23.6122
21.9304
31.3634
21.1187
27.0618
29.5502
31.3752
21.4697
26.3779
25.7417
20.3074
21.0021
25.7017
30.1233
19.7526
23.8661
34.0958
23.6026
27.3349
22.0410
24.8057
22.9913
21.0667
28.2324
24.8975
22.5068
22.7812
31.7715
19.7313
14.9394
20.7442
23.3203
21.9478
21.1720
21.5187
21.6968
18.9223
19.3259
24.6583
24.6817
25.5396
20.3901
31.9859
27.4379
22.7971
21.6696
16.3923
32.7127
27.7066
24.4970
34.1233
29.4311
33.4606
23.1940
25.7994
21.4930
29.4246
31.8860
18.7280
20.1696
24.6093
30.4742
31.9011
23.0525
22.3212
22.4103
20.2505
23.5196
18.7451
24.4317
25.4937
22.4078
22.9336
26.2107
27.3420
20.1361
24.4403
26.4479
18.3876
19.1946
23.4528
26.0351
26.7808
23.3993
18.1998
25.8351
33.4603
30.4943
25.6730
25.5705
21.4848
25.0408
21.7130
21.3564
23.2921
25.4592
31.5619
26.4298
23.6834
19.9894
28.4898
28.6382
22.7268
16.5929
25.0366
30.5788
28.9660
31.8102
32.4490
25.5626
29.5234
24.4027
22.6339
19.0158
22.7577
27.0614
22.1633
25.6106
19.5993
30.2637
22.9932
27.2621
29.7569
20.9151
19.6640
20.3237
26.3695
39.3500
23.3818
22.8441
25.6047
26.1378
23.2896
24.7754
35.0509
27.2632
30.2041
25.2864
33.4973
27.3866
24.0107
21.3472
21.2246
24.0027
30.4538
24.9002
23.4947
24.6574
34.6538
24.8101
24.4132
17.3312
31.0225
28.9066
23.1345
26.9627
26.7987
16.0336
25.8390
27.1218
28.6861
25.8425
23.9100
20.0579
29.5372
23.6780
22.9936
27.0171
24.3987
21.5052
17.6518
21.8281
28.3822
22.9107
23.7410
25.6727
29.9361
25.5789
18.6433
19.0167
29.7637
19.8754
24.4276
21.4961
23.9430
20.5601
29.0265
21.5456
23.7238
28.3001
28.6918
19.7475
31.4663
28.9221
25.2670
23.3708
19.5223
18.7204
22.0447
32.2160
30.0493
22.5793
26.6671
29.2218
23.5793
22.4846
20.0360
23.5265
32.0683
18.8750
26.2423
20.6665
28.4553
25.0280
18.7752
15.3829
25.2676
27.0356
25.4895
27.9625
28.8547
28.3148
29.3123
22.2327
20.3130
27.6643
21.4947
21.5514
27.1475
24.8406
26.8904
17.1692
24.2224
26.7781
29.7824
23.0471
30.0635
21.6490
25.7774
25.4611
20.7596
22.0660
25.2743
19.4951
24.9371
23.6827
27.4679
32.9702
33.3515
20.8314
26.3382
24.4080
24.3926
27.6800
21.2045
15.7572
25.2520
17.7485
27.8520
26.6568
22.9332
21.6818
28.8972
27.8895
21.6705
25.9288
22.2981
33.6387
22.6178
19.5984
25.0941
17.9393
20.0146
24.8438
27.2530
19.2604
22.4430
18.9027
21.2198
34.5071
21.6619
23.4115
26.4653
22.3851
28.2533
24.3334
23.9827
19.3904
22.3125
25.0821
30.3212
26.1275
19.6572
21.4314
22.7069
28.2414
28.4257
24.7746
25.3647
31.4090
24.8456
25.2670
25.8651
23.5693
23.1119
25.8650
18.1076
22.3633
21.3138
24.7016
26.8676
31.0683
24.8574
22.6986
17.6714
23.2864
22.9034
25.5036
25.6533
19.3387
19.2678
28.4840
21.5308
19.3161
29.6136
23.5627
22.2212
16.4791
23.4216
19.5355
21.0400
26.4651
21.3262
24.2969
31.2061
29.5304
16.7359
32.5595
28.8373
29.5443
23.1620
17.6732
24.7893
27.5580
17.3095
21.4319
19.6587
21.5658
22.5009
25.3110
26.1916
22.8646
24.7260
18.8254
23.3715
25.2783
23.5309
23.6642
19.3432
35.2850
29.3474
24.8857
23.6882
22.8929
29.9730
17.1928
22.2447
22.2973
16.1613
29.7326
26.3825
29.7818
19.5911
24.7322
21.9525
32.9216
25.0320
21.7939
21.3503
22.1982
32.2539
35.8973
22.4435
29.4573
19.3399
25.9749
31.4451
30.2796
25.3861
17.8182
28.3487
24.2569
30.5045
27.0772
29.9567
18.6338
21.4821
22.0476
24.8600
21.2025
28.0741
18.1739
18.6398
19.6758
25.1592
21.9865
29.0702
19.7668
30.1947
22.1193
31.1467
16.3551
29.0727
28.2950
34.3291
28.0545
20.8510
20.7905
25.0725
31.1191
24.2515
19.0931
33.0745
24.5569
20.2933
24.9113
22.1378
20.8684
25.8028
20.4741
23.8601
29.0486
22.7497
30.2310
20.0238
21.8938
24.1827
21.9432
19.8324
27.8054
29.2274
23.7483
29.5552
21.1239
22.7707
30.0272
24.8135
26.0609
23.1081
18.8315
21.8063
28.8939
20.6303
22.2180
21.0970
23.8927
26.5211
20.5372
24.4974
17.2766
16.7526
17.5221
16.9224
25.4004
24.8794
31.0545
17.5721
20.8812
20.4129
23.0411
22.1372
29.7983
17.4683
26.4096
24.7213
29.6792
22.9979
28.5957
30.4646
26.8978
19.5970
33.9219
27.2839
23.8510
28.1924
27.7935
29.9674
18.0983
20.8862
33.0672
26.4442
29.0027
25.1700
24.6289
20.1021
28.4545
23.6030
28.6788
31.5396
24.4062
18.0472
22.3257
22.9391
19.0027
22.0959
31.7391
26.0140
20.2146
28.2914
25.1843
27.9900
17.8803
20.7856
23.4097
18.5641
16.0689
27.2422
28.3212
25.2725
24.5472
27.2878
27.3373
26.2014
24.6026
26.5188
28.4428
20.0370
27.2369
14.6550
30.7623
19.3403
28.5831
21.8841
20.6275
24.8260
20.6027
23.0821
22.2976
20.5618
20.0885
18.5163
19.5520
16.2165
19.2471
23.7770
25.6816
24.3937
27.6536
21.6389
24.0417
27.8959
22.8875
25.8735
25.6009
31.1900
21.9824
30.4054
27.6915
23.3692
27.5007
20.5753
22.4248
22.3884
32.7514
19.2063
24.5647
32.3697
21.3513
20.8135
15.7828
25.8601
23.6714
21.6745
26.6862
27.0475
28.8044
30.6542
32.3191
27.2753
18.2868
25.0588
21.5713
30.8515
27.7980
18.3969
25.2478
25.1867
22.5324
21.6746
20.7887
31.6179
25.7054
17.9316
28.2381
24.7492
27.7533
17.0709
16.2800
23.2876
22.3800
22.1860
29.6604
24.6778
18.4599
20.7077
28.8144
18.5461
19.4630
24.4205
24.2311
32.2651
22.0266
19.2617
22.1864
20.1750
27.0378
14.4515
16.5771
30.1269
28.1922
20.1639
31.8672
27.4221
22.0385
22.9626
25.1786
21.9659
19.4482
29.7812
31.2283
25.1215
20.7767
21.8433
26.3191
26.1989
30.9512
20.4048
21.1954
28.3428
27.1130
19.4004
17.7626
24.3108
25.1071
30.0665
30.5654
19.9885
21.4408
29.5337
34.8427
27.9200
29.8475
23.7007
29.8784
22.4618
19.8151
28.1393
19.9006
22.2426
18.9811
25.2068
18.9579
26.7614
21.3398
21.5216
19.1233
22.9634
19.5264
29.5013
22.2328
19.8244
23.3038
20.4428
24.0744
24.6914
24.7263
21.5510
28.8306
24.7246
18.6965
21.1339
22.8103
27.6202
20.8704
19.9803
26.2029
22.4848
24.2843
32.3945
28.7127
25.3622
29.1537
26.4590
30.1358
26.6698
24.4221
24.5537
28.5144
17.7561
28.1112
27.6122
19.5666
25.4629
29.4354
25.3924
28.9778
24.6573
24.9774
21.6004
30.1265
24.9797
21.3195
20.4240
26.0527
16.9768
23.2579
17.7264
22.8390
19.8063
26.4231
18.8186
21.5147
23.8593
27.5417
24.7002
16.7994
32.6210
22.8536
21.6489
27.9764
21.0660
25.0972
28.5491
23.5789
26.3052
25.0285
24.5782
34.5373
23.2682
17.4824
20.2863
28.8264
22.7791
15.7147
23.9282
19.4599
19.7532
28.8129
21.3133
17.6989
24.1630
22.7311
27.7582
31.2985
25.5708
21.8032
30.2341
21.1254
20.8542
18.7924
26.5677
19.4988
22.6995
22.6015
28.1781
23.7276
27.6381
26.4214
24.5681
22.2480
15.6339
19.7307
22.3346
26.5184
24.0242
21.3511
19.8363
24.4855
21.4049
24.0289
29.6687
19.6908
23.4531
22.3029
26.9850
22.3785
29.8676
21.8200
35.1006
29.5969
26.5163
22.8378
27.9569
30.9673
20.6489
29.1805
26.6599
21.5714
29.0744
18.8571
22.0276
31.2458
28.5761
25.2247
29.3763
27.1379
25.0525
27.3524
16.7357
23.4702
29.0120
27.6602
26.0975
27.9142
22.5788
25.2784
30.7868
29.1882
22.6694
30.1124
21.3730
23.8648
27.3974
27.8538
29.1964
28.2645
30.3349
28.6993
18.8074
25.5201
26.5439
33.6213
23.7627
17.2753
29.6763
34.7429
26.3237
27.2101
22.5168
24.6156
27.1384
21.0303
22.9129
27.7535
20.3625
17.3633
24.5987
24.4253
19.8714
20.0416
26.8536
29.4961
19.3296
16.4366
36.6791
24.2595
24.5164
21.9933
27.5629
31.8829
26.7604
21.7844
21.3175
23.0873
24.2413
19.2364
22.9478
19.7215
21.2844
23.8563
21.3450
21.9396
29.0730
24.9120
21.4430
24.3989
33.9093
33.0623
34.5874
20.8999
18.6287
20.5640
19.3763
31.2335
22.7357
20.7882
19.1497
24.2852
22.9319
23.1524
22.7889
25.6267
27.2851
30.8923
24.7881
25.6238
25.9457
24.8589
23.4573
17.7417
33.6130
17.7737
24.9913
27.9803
28.2868
22.0012
24.8991
17.7459
26.7400
20.4857
21.0940
17.8636
29.3059
26.9628
16.3644
18.9019
26.1449
27.6069
21.6517
26.7164
26.2922
25.2538
27.4575
23.4777
27.1575
24.9297
26.4738
24.0787
22.8652
21.1919
30.3033
21.2088
25.4251
28.6797
21.8891
29.5626
32.9568
26.5900
26.3860
24.0447
22.7498
22.1230
27.3053
24.9072
23.4159
19.6494
28.9801
26.1483
25.0549
25.9339
20.5668
23.6160
21.3777
27.1851
25.6706
22.0087
23.2784
27.2560
24.1829
22.2358
28.1529
29.3889
29.4453
22.3646
39.4131
35.0963
25.0148
27.5961
26.5279
27.6470
21.9766
28.4121
17.1677
19.2984
20.9915
23.5729
28.1567
18.1551
24.3737
21.7817
22.4366
20.7450
20.9099
32.1496
35.8039
29.6603
29.5700
17.0894
34.5716
25.1097
28.7798
30.5812
17.1557
30.5672
20.1947
25.1103
24.4745
23.7193
23.2904
24.9924
27.0714
20.6999
29.1435
22.1411
20.5486
23.8352
23.9811
21.0483
23.5199
29.6280
22.5915
27.3471
27.5795
19.3864
22.0540
19.9223
16.1515
25.1166
20.0549
22.6724
30.4525
32.1364
27.3942
19.3453
20.8657
17.5454
23.2575
25.8453
23.5873
30.5006
21.0976
23.1222
24.7009
24.8642
20.1695
25.1470
15.9669
20.2312
24.6025
28.4413
29.0223
19.2090
34.8462
20.9224
21.9267
22.2452
28.3702
26.5832
17.0111
26.3567
19.7502
30.2182
33.8135
22.4947
25.9594
21.2054
33.7267
24.4435
25.7025
22.0076
23.2964
21.2040
19.1215
18.7918
19.3246
24.0533
19.5298
18.9442
28.8675
17.4465
25.3371
21.7669
19.4557
17.2912
23.0631
33.7661
27.2588
19.9913
20.0971
27.0579
20.5052
33.0689
20.7410
24.5662
28.7320
24.1254
29.9129
22.3456
30.2329
21.2435
16.0124
19.9548
27.9866
20.9553
28.9895
24.6684
31.6601
26.2660
29.4898
26.7563
19.7121
22.0772
36.6474
27.5556
27.6798
26.8966
27.1819
21.9492
23.3385
17.6701
38.5267
27.9554
22.3811
25.1219
28.6018
27.1171
18.2773
23.0494
25.9004
25.3302
26.0628
26.5566
23.3856
29.2639
25.4223
25.2074
26.3883
26.1337
24.0239
26.2203
33.7522
30.6145
34.2018
23.3791
20.8113
18.1380
21.2371
23.7464
33.9879
21.4757
24.4908
20.0281
24.8362
27.4192
27.5705
17.9009
24.9951
22.8957
22.5031
22.9259
23.7572
24.5013
22.9370
26.9974
24.0555
26.5901
28.8665
16.8564
28.0252
28.0924
30.5077
28.5386
29.4649
21.9482
21.6493
24.7439
30.2571
29.5702
22.2907
18.7959
26.8345
25.9485
30.2770
18.4974
19.6027
24.8624
21.0898
31.2496
28.5915
19.8667
20.2315
22.7307
21.9570
21.5415
18.2703
23.6710
23.7137
27.1513
23.0366
25.2077
21.6826
26.4687
22.4056
17.7229
18.3703
24.0163
26.3308
30.3002
26.7638
25.5651
25.4282
23.8785
29.7532
29.6455
26.0917
24.9667
16.5627
24.6869
31.5425
24.0861
17.9530
26.4668
32.1933
27.3451
23.8883
21.8143
31.9852
29.8293
28.9430
20.4040
25.1136
23.9878
20.7169
20.0022
28.0394
24.5829
22.0206
23.3388
17.7734
22.1221
23.6818
20.4533
20.7961
22.1447
22.7198
27.7669
21.8470
29.9548
24.0560
22.8396
20.8619
23.6774
24.6624
17.3909
28.6476
22.8913
22.3599
17.6425
18.3357
26.6062
23.9322
23.7673
27.2513
30.5627
23.3849
27.0754
23.0629
21.1740
24.5479
22.7785
26.6694
30.0933
25.2292
34.6979
28.1338
19.5807
22.3123
21.5442
19.1444
21.6941
30.7005
19.4246
16.9396
24.4699
32.1452
33.8079
22.6308
22.6675
22.6918
19.6874
24.0181
23.8830
23.7656
18.1707
27.7515
25.4513
21.0514
22.2307
20.8821
20.5660
26.8768
22.8913
28.1095
20.9861
19.7541
21.6148
19.3034
30.0555
16.6452
23.0574
29.4770
22.3886
16.3520
22.4645
27.4075
25.2144
17.7217
23.1448
21.8458
21.9917
25.5977
22.1919
19.9441
16.0776
21.6311
22.4881
22.6577
24.1657
21.5711
22.9112
24.9904
25.6382
27.1241
25.3974
24.9920
26.7781
17.7277
21.8856
25.8805
26.1349
21.2857
26.7034
32.7796
22.9389
16.1847
19.6062
16.4178
22.6495
16.0770
25.6961
24.3597
24.8747
21.6499
24.5109
19.3223
17.8334
30.2372
21.1394
28.3592
25.5233
29.6837
24.3199
24.0726
26.8574
26.0953
19.3911
24.3641
31.3663
34.4842
22.7715
18.8117
32.9326
20.0959
31.0218
21.8741
32.9874
27.7771
33.1055
22.0306
25.6175
33.0411
17.4735
27.0238
24.6940
20.9369
24.4236
31.6235
27.7688
23.5940
24.6933
20.7935
29.0525
32.2505
19.8189
22.3648
19.2464
31.2672
19.2636
24.2986
20.5302
27.8821
26.4558
27.3154
20.7184
30.6332
21.1353
21.8742
27.0133
26.9145
27.4436
19.9371
21.4449
21.1816
23.6645
20.9028
23.8143
25.4007
17.2532
18.4377
22.2445
22.5166
25.8063
22.8633
26.8385
26.5051
25.8669
19.4371
23.0019
30.4651
21.7647
25.2413
22.4909
28.3574
21.3943
29.4704
23.5741
27.5741
24.5164
29.1703
22.4990
17.8836
25.2555
25.1912
22.9776
28.2110
24.2522
22.3276
28.3738
28.2910
27.1365
23.4284
20.5456
23.7860
27.7597
26.8019
20.3118
22.6574
20.9773
18.2144
19.4840
25.7706
25.9660
21.4773
21.9245
26.5515
26.7006
27.5265
22.6814
24.9822
22.7543
26.9217
29.2654
26.2201
23.2039
22.5677
28.2122
19.6563
23.6213
19.1970
20.9456
23.0692
19.5843
18.8267
23.5463
22.7001
27.5544
19.6725
26.8419
18.2383
24.4692
18.1518
16.7130
22.4395
33.0393
26.5860
30.8305
30.5467
24.9619
23.9507
20.6802
19.8364
19.3136
26.1719
23.1859
28.7287
19.3350
18.7987
27.7370
20.0472
19.1086
22.1736
22.4507
27.3426
22.1265
23.5180
18.8245
24.2456
25.8333
17.2117
28.3872
17.0261
17.5144
30.9777
24.9814
28.6054
26.1510
24.8245
20.5937
20.4155
29.1421
21.5106
26.0928
20.1622
28.3667
23.8053
23.6919
28.1449
20.1945
16.0476
19.3391
32.3549
26.7337
21.8701
22.2595
17.8120
21.3602
27.9448
33.2922
21.8833
18.2576
20.5012
20.5481
19.9873
21.4922
27.9577
26.7704
25.2477
24.5202
32.2819
28.5137
34.3848
25.4295
22.0799
18.5604
20.2606
22.9278
26.8617
28.2985
21.6103
27.7952
27.8390
26.2047
22.5211
16.6056
18.6201
19.5629
29.4281
25.9551
31.4440
18.4016
29.5226
28.4727
24.7465
25.1882
20.7302
25.1951
23.9658
21.6347
21.5370
23.7187
20.6458
19.9395
25.2488
28.9045
20.9170
26.7154
23.0358
21.5342
23.2686
27.8663
20.0975
18.8470
29.1317
26.2088
30.6447
26.9096
21.8244
24.6989
30.7681
27.1552
21.1369
24.3475
18.1650
23.6248
22.7596
22.7871
25.0700
23.7637
22.8724
18.3262
30.2081
20.5627
20.2607
23.7644
26.4812
25.9708
27.8482
17.0000
24.4311
26.9906
25.6355
28.0291
28.5055
25.6621
23.7713
18.5873
26.6528
22.7402
26.9058
21.3471
18.9272
23.7606
30.0586
25.7889
29.8033
25.6863
29.5202
22.6835
26.5717
24.7951
21.5262
30.4678
24.6629
27.9667
21.5361
19.6772
22.9931
27.6190
22.7341
25.2974
29.9909
20.6522
22.9227
19.4260
29.4367
23.2636
18.4445
25.4668
23.8484
25.5282
20.3794
24.3944
29.6982
21.0943
20.9431
21.9705
21.4035
28.2316
27.3851
21.0855
24.3899
28.2217
29.6763
34.7249
25.7733
23.6122
31.0897
31.7661
27.1283
24.2219
22.6881
24.4687
20.6142
31.5861
27.8159
36.3308
29.1683
29.4607
25.8388
26.5182
24.2442
20.8280
23.3834
27.0248
26.7637
22.6828
26.7362
23.1886
20.9835
23.1932
17.9576
22.6261
24.0783
17.7510
27.3889
26.7401
27.6711
29.2149
21.3737
23.3453
23.3675
18.6940
17.0274
27.4847
19.0814
20.1463
20.3317
26.1604
23.4417
25.4888
28.1725
32.3508
19.9849
26.7418
28.7284
20.1973
26.4306
23.8393
27.3274
25.2894
22.8519
29.2565
29.4712
18.4401
21.5157
21.1889
33.4424
24.0712
16.9666
24.7564
29.0856
22.4885
20.7241
22.1145
24.3986
33.0126
26.8399
27.7572
22.5970
21.3843
26.1987
25.1708
30.4539
21.2044
23.0818
34.2148
27.1600
23.5667
24.5468
27.7295
23.6733
25.4037
33.4561
26.4006
24.7249
28.0333
18.6812
21.0348
20.3372
28.6681
26.0212
23.0565
25.2239
22.3699
22.2098
24.4725
23.3955
19.4207
22.0448
25.5568
22.2433
26.6469
19.5787
20.0627
23.1757
22.2233
20.3057
25.6013
27.1959
21.1052
21.0679
26.4067
20.7272
23.5487
20.8566
27.3420
31.5219
25.5022
31.8354
23.3280
30.8047
23.7784
24.0265
21.0761
25.1663
21.7889
25.4089
21.7061
31.2657
17.1422
25.5592
25.8753
19.4597
21.0563
26.9382
17.5379
26.5599
18.4620
19.8896
29.2063
32.7272
18.8696
30.5476
21.3180
17.4251
21.8368
30.1950
23.2100
30.8072
24.3191
23.7925
29.0589
17.6113
30.2924
21.1332
19.9168
27.4115
26.1718
22.2790
30.5692
21.3579
16.8897
26.5332
26.7802
20.7932
25.8134
22.0449
22.0379
18.7703
20.6408
25.5382
28.5688
19.7005
23.4317
22.2015
27.5829
22.1431
29.5333
30.5633
18.1765
19.7382
30.3432
26.9806
24.5958
28.9274
19.6648
21.6287
18.8858
28.7814
29.4373
26.3284
24.4920
26.2519
27.7217
20.1360
25.4290
16.9175
23.7788
22.2094
21.2488
23.1486
23.9030
25.2241
21.0159
18.5134
34.4518
30.6093
24.3913
28.0265
22.2037
25.3344
21.4821
31.4705
24.5914
28.5846
25.4237
22.0211
31.8626
27.0034
20.3691
23.1463
27.7275
24.8122
19.4332
24.8786
22.0768
24.6320
19.4202
22.6886
17.9474
19.2030
30.2476
27.7286
29.1495
24.9405
30.2925
17.3774
19.5022
20.8513
20.8894
25.0857
23.5450
29.2938
27.4744
23.5951
20.8724
27.4916
17.8078
22.5926
20.2455
25.6770
25.6257
19.9064
25.4066
23.3293
21.7079
20.4697
16.8956
19.4769
30.7083
22.9833
27.0179
21.1311
22.7398
17.3955
23.1491
23.4615
26.2142
17.1831
26.1654
21.3040
27.9262
27.0431
34.4626
25.2655
35.4878
24.9370
30.6456
30.2965
34.2852
35.8271
25.1565
23.2115
27.0138
27.9345
16.9030
23.0190
21.7899
22.7165
17.8368
26.9210
24.0148
22.3348
25.4515
22.1851
20.4017
38.4907
24.4491
34.8300
28.3815
21.8156
27.3689
28.3983
22.9407
31.5210
22.1240
20.2857
22.8307
23.8294
26.0868
22.7406
21.0520
23.9771
30.5754
21.9504
34.2538
26.7720
16.4545
22.9106
18.9579
29.3059
19.0867
23.9463
24.1805
26.1055
16.0135
16.6594
22.3491
23.6712
23.1645
24.3731
29.1081
24.4447
21.8820
16.6539
26.5441
29.8857
28.9693
23.5027
29.6843
18.6223
23.7515
17.9094
25.8472
22.3485
21.7399
18.5959
30.2611
24.9466
21.4642
21.8149
27.8895
24.6102
26.6016
20.2757
25.4562
22.4874
22.1181
24.2515
26.6255
24.8429
19.0953
39.8695
27.3741
17.3127
28.7849
20.3558
24.3415
21.1022
18.4212
25.3522
24.7556
25.5137
20.4568
28.0802
20.6420
20.2546
24.2368
24.6310
27.5917
22.5826
21.0021
29.8045
28.5192
32.3223
22.1973
23.6662
19.5227
21.7040
23.3548
30.4360
21.1189
27.6707
19.2780
23.4666
17.7768
21.3670
23.1366
20.0867
18.6386
25.0689
32.0504
33.1232
23.8192
24.0214
19.9551
31.3319
20.5681
21.4740
17.7499
21.4158
29.4485
26.5993
31.7899
23.1532
26.0887
25.7369
25.6913
23.4877
19.9102
27.5686
20.8489
30.6943
25.4087
26.4829
19.0780
25.2339
30.8446
24.4114
22.7182
25.4461
27.9480
20.5377
25.7518
26.5692
20.3150
31.0276
27.5991
27.8289
22.1720
25.1644
24.4145
26.6509
24.7936
28.0919
29.2936
20.3450
26.0083
23.0581
21.9313
26.4674
27.3328
26.0765
23.9568
23.2836
22.0074
26.9135
25.8185
25.2058
23.0838
31.5511
26.2801
35.6362
28.9327
28.1612
17.6330
19.2953
26.0003
25.6378
23.9941
18.1069
18.6876
21.9687
19.7131
25.2046
34.1531
21.5691
27.2278
23.2621
27.1210
22.3015
23.4593
31.2613
21.4992
26.7969
21.3154
22.6894
29.1147
25.8070
28.4123
17.0191
15.6833
26.9805
24.5414
24.0510
26.2872
24.4129
26.3951
27.6162
24.0335
24.5246
20.4925
24.6055
24.8656
18.5954
31.0437
23.7516
26.7325
28.3632
33.8106
27.5197
23.2013
21.7714
17.8774
32.6712
18.4134
28.3677
22.9890
17.3437
30.4669
32.0092
30.7796
20.6786
36.0887
18.0787
20.7243
31.6924
23.8713
22.2598
20.4864
23.2874
31.4725
36.0341
21.8178
24.3516
24.3743
24.6491
20.0951
26.3058
21.4806
23.4527
26.1326
24.9428
32.8810
28.5597
17.8759
26.9289
25.2176
21.2701
27.5355
25.7247
22.9899
26.8029
25.4710
23.5432
29.6418
28.2952
25.4464
25.6093
27.1453
17.8401
25.9952
21.3089
22.9184
28.9047
33.3607
23.7376
27.2555
26.4653
28.6619
21.4299
22.6176
23.3695
29.6058
17.0623
29.6797
24.7369
21.2358
26.3227
18.7425
15.5597
30.9589
21.9221
26.0800
24.0579
28.8407
23.1213
20.5951
17.5640
18.1343
26.4569
25.0926
23.4147
18.1642
27.6023
27.9501
30.6196
26.5323
31.8456
26.1395
28.3647
20.8822
22.3749
29.0558
28.4925
20.7424
15.1117
18.6606
28.1566
21.1843
23.7002
22.0707
30.6583
24.7899
20.3502
18.9732
28.9357
17.7467
27.5183
23.7878
23.0322
26.8159
26.3133
24.4302
22.2156
20.1162
23.6387
23.3850
23.6376
24.3642
24.1113
24.8869
27.6210
25.5363
28.4888
28.4701
21.2344
22.4430
30.9435
24.6515
18.7897
23.8713
19.3370
26.9666
29.2876
16.6518
17.3420
21.3319
21.9310
23.4246
18.1991
23.1199
26.2988
26.4737
22.2695
25.5248
32.2149
29.2656
26.0957
23.6681
16.7097
27.6993
30.5089
19.3754
30.3647
18.1817
24.1876
27.5604
25.5700
20.6815
26.1935
29.9825
21.5032
29.7581
27.2765
27.7378
23.2159
24.2869
25.1998
31.3878
23.9252
29.8342
26.2019
23.4842
18.7028
26.3508
31.7782
24.6933
23.6817
21.0519
35.7810
21.5719
18.7424
24.3680
31.7847
26.3702
16.5495
21.8435
27.2279
21.2525
19.8881
29.2849
24.6376
24.4911
31.8677
26.8190
21.3138
28.3753
22.9040
17.8828
26.5851
19.9365
24.3867
16.8686
23.4692
28.3555
21.3237
23.4327
24.0303
22.9908
23.3043
29.7259
18.0047
25.5843
25.2273
24.7214
22.6209
23.5668
29.7525
31.2143
25.7686
28.7074
23.7192
29.5066
22.1351
20.7874
34.3678
27.5710
21.8992
21.8625
24.5702
29.2243
27.8541
19.4858
28.4320
26.1662
32.6637
26.9304
26.3178
25.6121
18.6234
23.2522
25.5446
23.8163
25.4560
23.0860
20.8921
27.3985
27.1896
24.5658
18.3832
28.6906
27.7221
31.2392
24.2822
20.9426
24.3738
24.5007
22.6580
21.1975
20.0156
18.9208
27.7386
20.7616
25.7634
26.9132
20.0668
25.2014
27.1315
22.0072
28.8658
36.1682
18.8838
22.9366
23.4307
22.5064
19.7517
23.0861
24.2669
23.3370
25.8168
24.6396
25.1257
23.0051
28.9059
17.0339
22.0539
35.4549
22.1977
31.2882
34.0539
18.7683
25.0386
27.7606
30.3631
24.5722
29.0170
31.8927
22.3715
26.3209
18.2560
23.8918
20.2695
26.0686
18.8018
25.3080
23.2020
24.3417
27.5878
23.1349
21.2421
30.9262
28.5415
20.0254
21.8335
25.7395
29.3633
24.2258
20.7370
27.6493
23.2508
27.2246
21.6858
22.7575
18.6723
26.7904
25.1478
28.3652
24.1059
19.8905
21.0545
20.0673
26.0869
31.7337
18.5572
27.1216
15.3579
19.7686
20.7959
26.2763
24.9394
23.7035
29.5211
21.5806
21.1178
21.2730
23.4559
31.3350
19.9618
31.1684
24.2974
17.5376
31.2849
31.2384
15.3210
26.1267
23.3356
22.8695
22.6551
27.4248
17.6522
20.2938
22.3294
21.8714
26.4675
33.5629
20.7937
25.3839
24.7123
30.9092
18.3686
27.2130
26.8655
22.2879
29.0015
15.8976
21.2638
21.5728
21.9299
17.8369
21.4389
26.2337
19.8506
28.1754
22.4452
21.0585
26.8526
25.5496
19.2104
28.8545
27.1170
25.8146
19.8436
20.7980
24.9776
23.4267
27.5207
28.9873
18.0828
18.5206
22.5221
24.4595
29.5485
27.1715
20.8590
21.2772
27.9385
23.9772
33.4462
24.0455
26.4487
28.8314
26.3714
25.8480
21.8226
28.4872
22.4102
28.3123
27.1598
19.3657
29.5765
25.3323
24.1384
31.2974
30.0330
23.4801
24.3255
25.2965
36.0255
25.8697
16.7760
26.2540
22.3611
26.7028
19.2915
26.2894
20.7277
21.7530
22.9466
27.8771
28.9828
22.7698
30.1564
23.7006
27.7922
26.6572
21.6831
31.9358
17.4686
19.7406
29.3320
21.9874
23.8569
25.5516
21.5621
21.2377
20.2770
30.3625
27.7009
18.6592
25.1722
30.7570
36.5433
28.0181
20.1368
18.1701
26.5826
31.2119
30.3241
17.4831
21.9164
22.7821
28.9810
29.6841
17.1509
26.8286
28.4690
24.9839
23.2437
32.9427
26.8560
23.7059
23.3203
24.9021
24.0955
25.5777
25.1166
16.9196
25.3636
26.4352
24.8281
29.6321
25.5692
19.5721
20.2080
28.2156
27.1159
31.2083
30.6633
30.8728
29.2525
31.6880
20.7909
19.3671
20.6089
29.0186
21.3844
20.9498
22.6219
26.1154
30.7271
30.1629
29.3276
25.4304
28.8871
22.1876
25.1555
18.6811
26.5575
18.6531
22.4032
25.7173
18.0800
24.6046
28.4724
33.3035
16.8908
27.7108
29.9135
22.6758
24.3711
32.8729
22.3118
25.7087
31.8848
27.6379
33.2133
26.6417
22.6759
29.6361
20.9834
28.1238
29.4409
28.9446
25.1615
24.0873
27.9356
23.2816
23.5950
24.7707
24.8164
17.6128
22.4832
29.3967
26.8957
19.5738
29.5048
27.6225
31.5620
18.4607
18.7142
23.2248
37.4078
26.0063
19.9391
21.0805
21.1048
27.1260
20.6865
27.6228
33.0301
27.5707
24.4805
31.8666
30.9286
27.2342
25.4309
21.4722
25.4496
24.1218
29.4942
27.4159
34.0256
22.6547
32.7971
20.3274
18.5330
25.5935
27.9460
24.5041
18.8225
26.2688
34.8485
19.9000
26.2085
25.1366
26.6690
22.9424
22.8957
22.4449
22.1314
20.7381
18.6740
31.3703
27.1139
25.6335
25.3947
22.7998
21.3487
26.4893
22.9300
27.8177
30.5182
26.5461
20.9752
29.2621
26.4833
26.2246
20.0288
25.7530
19.9592
23.8456
17.8360
23.2983
20.4022
29.5627
25.5648
17.2291
28.5692
29.4992
21.4066
19.7832
15.6153
30.9851
29.3184
33.6539
18.7726
24.5521
25.6741
26.5999
32.4095
16.1786
28.9047
32.6693
27.8168
17.8914
30.9333
21.5156
20.8960
19.1053
29.0074
19.9602
24.3701
30.2115
31.0386
26.9420
32.2876
25.0881
26.6618
25.4710
24.2054
26.2420
20.2946
18.7636
26.2987
21.6516
24.5130
18.6358
23.3581
23.5591
21.3923
19.8035
22.6989
26.5751
22.2766
23.2494
16.8518
17.6193
29.5044
22.5720
32.4610
25.0614
19.2841
29.8664
23.6848
21.8438
25.3786
22.0123
29.8442
32.6180
26.8285
27.0827
23.0772
29.0975
21.3970
24.8470
21.2908
25.1762
21.7331
17.2398
24.2899
23.0914
26.3289
20.1101
26.9666
17.4524
24.4778
24.3540
23.6720
25.3933
25.3793
21.0045
24.7191
27.1135
27.4389
18.5048
30.0205
21.4816
24.5427
17.8356
35.8438
23.9103
27.6368
18.0250
26.1482
19.3091
19.0888
31.1153
25.7658
30.9583
21.6915
24.2087
25.4906
25.5812
19.9543
22.4811
23.5378
24.6138
20.4449
20.4692
25.4536
27.2491
28.5183
23.9632
19.7131
23.0565
20.5356
22.6157
28.9708
23.4462
24.7033
26.1534
23.2065
26.4717
20.9091
20.3427
18.6134
26.3645
25.2762
17.8004
24.3959
16.1527
24.6069
20.5962
25.5165
33.1560
23.2023
19.6573
26.1046
28.5079
23.2504
25.1684
37.2477
26.5847
27.8349
22.4127
13.6574
23.0278
25.7702
24.4678
20.3241
22.4834
26.2604
19.8429
20.1929
24.3785
23.1491
22.1797
27.2195
24.3545
30.5791
20.5476
31.5154
30.9118
30.8066
26.0321
26.4610
26.4012
23.5805
20.7534
27.2052
22.9699
25.9246
26.7304
20.8114
21.4664
27.0293
27.8919
19.8399
20.8118
19.9018
26.9276
23.1190
26.7088
16.6498
25.2217
22.8324
23.4618
26.1488
18.0916
19.2501
32.2202
18.1619
24.2871
29.2782
17.9922
28.9346
26.5930
25.1268
20.4780
22.0963
23.7234
21.1964
32.5976
28.0662
22.3765
24.7397
19.1684
26.7888
18.7029
17.0970
23.8047
28.3939
26.4957
30.0417
24.7214
20.9382
19.0938
19.5327
22.9004
26.8796
27.4587
24.8884
22.7165
30.6797
15.7149
24.5975
16.9766
29.4761
28.5260
25.7730
28.7109
25.0827
20.1463
32.2058
34.9754
26.9433
21.6222
22.4261
23.4680
20.2314
28.0744
23.6779
17.7759
27.0246
18.0707
21.4492
23.7587
27.9125
18.4302
26.7864
22.7559
28.3407
27.9140
20.5318
21.6714
28.2378
26.0399
24.0194
16.6429
20.9010
18.1333
20.4900
28.9135
22.5472
28.9227
31.2380
28.6974
27.4827
29.9465
30.0531
28.5752
24.7155
17.6626
23.7557
24.2722
20.8163
21.3554
21.9177
24.3193
17.8478
21.0531
32.0141
26.0313
29.1118
23.0353
26.2536
24.4836
20.3341
20.1762
28.9402
33.3621
22.2269
35.0742
22.1212
21.5662
28.2161
22.0244
20.8597
25.2214
25.2217
17.4254
22.4516
29.8142
22.5283
27.0864
18.9099
19.6945
28.8342
18.4214
23.9937
27.0477
25.8683
23.1149
29.9699
22.7894
23.4564
27.0682
23.3814
28.4531
16.9828
26.9570
23.0885
25.2614
26.1169
25.4713
22.8295
19.2299
16.5627
21.8285
23.5597
20.2671
22.9273
29.7071
29.9807
21.1296
19.2091
29.1658
23.8363
20.5296
27.4825
20.9055
28.9598
28.3437
19.5253
18.1693
23.1172
23.9458
25.4016
20.7792
19.2610
20.3393
26.0814
27.1922
21.6601
21.2956
22.6377
30.1827
20.4029
26.8810
18.7699
19.1960
24.1860
19.7767
23.0724
23.6207
20.9096
22.0746
22.6669
27.7436
32.6360
25.0848
19.2712
24.9635
20.9754
20.9711
25.2363
28.1151
23.4405
23.4085
23.4531
27.8120
17.8645
31.1469
15.4395
19.5002
24.6095
22.0631
19.4991
24.3772
20.1479
27.4909
22.9469
22.5889
20.9091
27.4409
25.5327
28.6575
21.7000
16.9291
21.1680
21.8276
22.2717
23.9671
24.6512
29.9792
35.6932
21.7788
22.3910
19.3747
19.1936
27.3293
26.4942
19.8304
19.8691
18.9523
28.2311
22.3184
18.1566
26.9131
27.0544
26.6258
21.7336
31.1832
33.4093
26.5155
18.9804
29.7149
23.9608
30.5449
26.4696
18.8448
20.5337
27.7932
29.4249
31.5897
29.4379
19.0865
23.9179
23.0223
26.9788
31.9799
22.2730
25.7085
24.3963
21.6333
18.6813
25.6753
21.1157
19.7463
22.5565
26.0649
19.3533
25.8004
17.3588
26.2672
28.1277
22.2194
22.5062
30.8045
20.4561
27.5224
24.4122
25.9045
26.3680
31.4751
26.2476
24.0188
29.7002
28.2576
19.5417
35.1675
18.4229
27.8301
22.1915
27.0206
20.1962
20.1740
22.0090
31.1376
21.2149
30.3312
35.4994
23.5208
24.4908
33.2295
24.0077
23.3282
17.2689
20.7305
21.9198
22.3329
20.7529
19.8144
24.2110
27.1368
29.9562
21.1667
22.6516
16.3403
28.1034
20.5407
19.2458
28.3962
23.3783
21.7460
26.9286
24.3932
19.6725
27.7968
33.0223
33.5939
25.6278
22.3537
27.1205
31.3878
24.8676
21.1865
22.1895
19.8558
22.5009
21.2274
23.7897
17.2316
20.4557
20.2508
25.4243
31.1083
27.1690
23.9637
20.3481
22.6637
17.7806
28.3963
32.3861
19.3975
18.5253
29.6853
19.1681
24.2263
19.8768
20.5677
23.1134
24.7687
21.6316
24.2874
17.5242
27.0894
17.4715
19.9736
27.2385
26.7512
21.6190
15.6722
22.5312
25.4988
22.5145
29.9743
23.4551
23.0088
27.2498
26.3474
24.2611
19.5021
22.5013
19.7515
25.0945
31.5930
24.4040
21.5388
30.0728
28.3163
21.9677
21.0296
19.1686
22.1704
24.2525
20.2137
22.0622
23.5988
25.7649
23.7716
29.2491
17.1405
15.0811
24.7927
28.3909
22.7399
27.9688
26.3597
26.5667
34.7675
21.9724
24.6107
27.1901
31.9320
24.9908
25.1968
21.0640
22.1230
17.6570
27.1586
19.9472
26.4454
21.4271
27.6870
30.9257
15.6466
20.0421
22.2176
27.0350
24.9878
30.7919
27.2952
20.8257
32.1295
20.2673
19.1087
17.8204
26.1581
16.9411
24.4545
16.6429
33.5801
22.1751
33.2366
26.0558
19.4062
31.9235
22.3530
25.4096
19.8007
24.7221
17.0144
30.4972
27.6538
29.4626
19.9990
24.8587
24.8370
20.7694
32.6732
26.3386
30.5456
26.0102
19.3937
31.4766
22.7295
25.9195
22.1012
19.4254
21.1086
27.1408
26.1226
26.8661
18.2492
21.8754
34.7078
27.5858
26.3423
22.4612
25.2440
29.0034
18.3433
24.0230
27.2082
25.2994
25.6004
23.5927
24.2927
26.1287
26.6222
29.6931
28.8043
31.0964
31.3838
19.3525
30.3885
26.0003
31.2693
30.4246
23.8306
29.9038
30.7887
17.6933
20.7216
20.6133
22.8222
24.0375
31.2835
27.1628
22.0629
24.6263
21.8647
25.6253
28.4540
32.8746
26.2217
27.6971
24.3004
25.2038
29.4065
26.7446
25.4207
18.4963
28.1813
27.3785
19.4267
20.7846
24.8575
25.1036
28.2545
26.3730
22.8098
29.9058
28.9410
30.5967
26.6670
32.6872
20.9359
38.1568
22.1779
20.2674
21.7430
29.3576
26.3408
23.3275
21.7689
19.3135
31.9630
23.6137
17.6043
22.9488
28.3086
25.2881
23.2766
29.7742
26.8424
20.5593
19.5680
22.6734
19.4571
27.7986
23.0854
19.0150
25.8441
31.7627
17.9280
27.1648
28.2855
19.7037
30.6954
27.9835
21.0191
28.1031
19.7687
15.1739
23.2934
25.6122
23.8532
19.1577
24.4799
29.7596
28.2699
26.0060
31.6133
21.0711
20.4505
16.1233
23.6289
33.1914
20.2406
21.7328
25.7509
25.8814
22.9441
18.2624
25.6550
19.0763
24.2400
24.7518
20.5765
24.9827
25.3690
25.1486
28.0393
21.4776
33.2619
25.8666
24.2511
19.8502
26.0972
27.4291
25.1122
22.6786
21.5514
26.1032
21.0183
35.4121
14.7441
27.3458
28.8045
24.0962
26.0816
22.7018
20.0022
18.3200
28.2556
30.5217
25.8843
22.8651
25.4477
22.7813
18.7415
18.6724
29.4886
25.9446
27.6509
18.4071
30.9353
29.7842
25.0081
27.7259
25.5951
29.1786
31.8976
20.1750
24.8316
29.2098
24.3050
17.3348
29.6403
18.0445
28.1092
26.7145
20.1354
20.2165
22.7459
32.8304
17.2133
20.7019
29.2025
24.9449
33.3764
21.1121
30.2263
28.7214
18.2757
32.5530
31.4666
22.1329
24.3744
27.7640
30.8350
29.5292
27.2735
35.9736
21.6388
22.7673
23.8891
21.2864
27.0823
25.7323
30.6263
26.6515
18.5113
27.1308
21.9831
29.5390
24.5996
21.6598
26.9288
25.8275
23.9114
25.4390
24.1808
26.3611
29.0309
19.3003
25.8313
25.9627
26.1715
25.2047
25.6702
27.8328
25.6900
31.2840
19.0557
22.3565
25.3443
19.9524
24.8631
23.8620
21.9670
29.0728
26.6095
16.8787
26.2911
19.0829
22.5082
22.7549
34.4203
30.3360
22.3962
21.0742
18.1223
22.8708
23.5917
19.5114
29.4962
27.1639
18.5771
21.4237
26.2872
28.6919
23.8857
29.8704
27.5619
28.4184
21.7804
29.8371
26.8634
22.0896
22.4416
22.6294
28.7963
23.3878
22.9567
20.7238
22.0654
20.4556
25.5675
27.2360
32.3815
23.2377
27.6013
31.3391
24.6448
23.2727
22.9669
31.5895
23.3143
25.6515
30.9357
19.8912
22.8956
32.4852
22.2534
18.6148
23.0747
24.3468
19.2848
27.3074
25.5448
22.8838
22.6270
27.3122
26.3907
27.7273
29.3527
21.8486
23.0574
30.4788
22.9324
26.6201
23.7953
30.2705
28.3278
20.5785
20.5865
28.7745
19.3326
23.0312
27.3944
27.5734
25.7991
21.8743
18.7637
17.6472
27.0681
24.2946
21.1013
30.9961
18.5575
36.9375
24.0839
21.3620
23.9749
20.0948
26.1677
21.2596
24.8783
29.5891
23.5605
22.6877
29.8475
22.5623
25.9449
29.1629
17.7369
26.1524
33.0174
25.5378
24.6976
27.8271
20.9044
24.6717
28.1846
28.2861
31.5310
20.6418
26.8741
24.1615
18.8609
27.0099
23.3983
23.7810
23.7665
21.4027
16.6220
25.9889
22.4230
24.8131
31.5477
27.3377
38.0250
31.9357
23.5686
28.0672
27.4582
21.3324
36.4040
19.5643
17.9992
21.4825
23.4549
28.3736
25.0569
26.2323
19.9840
27.2614
26.3965
28.5725
20.4686
24.5257
18.7633
17.3084
21.8991
30.6055
25.0169
19.1788
21.2054
27.5040
19.4213
27.0587
21.7804
24.4013
17.9938
27.7082
25.4343
19.8605
30.0381
31.6186
24.4069
25.5170
22.1904
24.0972
29.0122
25.1191
20.5535
27.4104
18.2555
18.8841
19.6786
27.9081
18.7862
27.2584
28.9797
29.2057
26.0058
30.1720
21.0950
31.1193
24.4481
26.3492
26.7647
22.0829
27.6246
22.2236
29.2843
27.0077
25.5451
19.2699
27.9174
29.2570
24.2922
27.3892
22.1778
23.9970
25.4074
31.5248
25.9103
25.1033
22.4346
31.4207
22.2805
29.5693
24.4736
22.2792
21.2337
32.1289
31.1856
21.7075
21.4189
15.8865
22.9787
17.7636
21.9100
24.1559
29.9548
20.5616
20.6445
28.2079
25.6723
20.3899
27.6848
17.1935
24.6611
24.9206
21.0382
24.2127
24.5595
17.6006
23.0061
22.2149
32.3524
21.7553
25.3720
23.5854
31.8437
25.3967
29.0313
27.2793
22.2464
23.6488
28.7281
26.8907
29.4001
25.7051
24.5768
19.8595
24.0054
16.9715
29.8193
26.0894
23.5030
29.5449
18.4917
25.5311
27.1762
20.1544
26.1583
22.3717
20.4659
16.8630
26.1410
16.6140
21.5761
21.5983
23.0141
20.8651
20.6720
29.2333
29.7269
23.2850
28.6741
27.2032
29.8207
21.8843
19.9375
26.0661
21.3004
23.0863
28.1706
23.5174
25.7421
32.6708
33.9236
23.3309
24.2073
23.8508
17.0577
30.0033
17.1506
15.7958
22.2123
33.3412
24.8453
22.3678
20.8510
21.0633
22.1525
23.5930
20.1451
32.5661
23.2317
27.0597
19.5499
26.0377
26.9044
21.2615
28.1426
29.1866
19.7056
24.1545
18.0984
20.5874
25.9472
31.6162
24.6159
22.7949
22.8349
24.0513
19.4047
24.3968
18.0098
17.4501
26.7229
24.3127
18.9954
19.5500
18.1167
23.2961
23.4848
20.1493
27.3314
31.3010
24.3248
18.6253
28.0221
18.3637
26.1946
29.1031
20.9127
25.7119
16.7348
14.4738
26.6027
26.2741
30.6968
28.5708
24.5055
22.7265
22.5602
19.5368
21.6035
19.5766
26.5514
27.3465
24.9341
24.1187
19.3771
23.1191
26.3923
24.8942
30.7216
26.2071
33.5218
23.5876
22.9761
23.8900
29.5492
22.8594
26.9174
20.1531
17.7045
18.2092
18.1543
19.8159
24.7591
19.8740
21.6263
30.4626
24.7096
30.0169
27.4088
35.5961
19.7714
28.1003
23.6119
29.0579
18.4897
24.0479
20.0270
21.4448
22.7316
24.0582
19.3353
28.4173
23.9927
25.2533
22.1895
26.1858
20.0387
28.0534
19.3349
16.6343
23.7267
25.5203
19.8695
25.1487
21.1749
22.7171
22.5244
31.6226
33.9657
21.3938
24.1777
24.4210
28.2383
21.9806
22.8041
22.8015
25.3185
23.7974
24.3535
31.3099
22.3814
22.4362
18.2184
29.5897
30.0306
26.6760
27.3415
20.1486
26.9936
23.0268
27.3694
27.3090
30.1477
26.1256
33.0878
21.9093
28.7796
24.0638
17.4405
25.9364
20.2733
28.2358
23.2063
17.4042
22.9839
26.4723
14.8135
20.8947
25.9721
19.2854
21.2048
22.4091
21.3661
22.7299
27.8708
29.4197
27.6062
19.3963
27.9481
28.7417
22.8228
21.9553
20.7240
19.1785
29.5535
25.3085
21.8081
29.4755
26.3507
21.1559
28.8339
21.6994
21.2499
30.3911
22.0533
23.8465
23.2733
23.8443
24.3047
28.7936
20.2739
24.6015
23.3235
31.6806
26.9679
28.0330
22.9320
27.1274
23.0363
23.3862
34.5659
26.2608
28.5624
25.3200
23.6409
23.3523
31.6812
21.6790
30.0404
29.7770
19.5687
34.3456
17.1459
21.0191
23.6110
29.4829
24.8065
19.8603
20.4397
28.2831
22.1126
19.4272
20.4168
20.6940
26.6010
23.8862
24.1073
29.1928
17.6143
26.3803
27.8006
31.0902
28.5214
26.6302
26.6153
21.6557
22.7205
20.9556
22.7606
20.5275
29.3128
17.0792
27.8529
28.0499
19.5476
25.2426
19.8484
25.4288
25.7848
25.6415
23.9860
25.2796
22.0184
31.3691
20.9285
21.7686
26.1482
22.3599
24.0932
24.5032
17.7360
26.6960
22.7735
19.4835
23.9557
21.9745
18.9839
20.9675
27.6127
24.5563
24.3736
28.8362
23.1344
23.7817
25.7275
25.9319
19.2004
17.8723
24.8517
29.5519
28.1156
30.1298
21.8431
23.4136
23.5951
23.0576
31.8687
24.3842
19.1357
24.8803
30.5195
25.7108
21.3539
24.5560
30.3930
24.3602
24.5903
23.0236
32.2516
28.8907
20.9469
20.4267
21.7707
31.4401
28.3383
23.0889
23.8187
21.3750
16.1412
25.9366
31.0467
21.2738
17.9549
20.6461
18.7207
30.1792
21.5739
24.0747
24.2317
23.1874
22.2961
27.0156
22.4736
19.4973
24.8920
26.7582
24.7992
26.7167
19.6940
24.0851
18.6268
30.3414
24.5497
21.7079
21.8275
23.9541
25.6716
16.9616
20.7456
24.8749
26.2996
21.3737
33.5289
23.0031
25.3559
23.5137
26.1059
29.4590
22.8651
21.5331
18.9358
25.1449
20.6055
25.4205
21.5565
24.1839
18.7750
25.1425
26.8127
22.9150
26.1329
20.3494
21.9855
27.3184
25.4054
22.8811
22.8610
18.9226
31.0771
24.3176
31.9247
26.0934
23.5921
19.6568
18.7191
19.2052
31.6783
19.1588
26.4578
23.0455
19.3370
18.0558
19.0524
31.2224
23.5354
22.4239
21.9184
22.2147
30.1614
22.3067
25.6019
33.7646
28.0441
30.4598
21.7906
29.0107
33.0039
24.2402
20.5328
24.7493
37.8314
29.5632
31.1890
22.7719
28.8281
23.1424
22.7833
28.8135
23.3556
24.6176
28.4247
26.1518
17.4254
32.1250
20.8093
27.4289
25.7867
23.6828
24.9408
29.4840
22.8523
26.9559
18.3544
24.3895
23.7196
25.2701
25.6932
25.2960
32.9069
26.7246
25.8501
18.4010
26.2039
24.9335
24.6702
18.2129
25.8718
23.7130
26.6679
24.4679
20.5148
22.8276
30.2492
21.4193
33.8838
22.6719
16.9892
22.6833
24.5336
24.0478
25.5199
28.9973
23.0956
24.5569
28.7839
21.1315
20.0062
29.8857
24.4744
35.9503
26.4606
22.1016
21.7817
20.0037
30.9034
30.4368
28.8584
17.3078
31.1283
24.4319
22.1968
24.0448
34.8109
19.0978
24.9445
18.1384
26.3629
27.6391
23.4416
19.1277
25.2626
29.5911
25.1912
20.2838
24.1495
21.8533
25.0890
24.2289
24.6253
25.0516
29.3354
29.0698
25.1745
30.2949
36.8019
26.3032
32.2313
29.6908
21.5914
28.1620
26.5307
22.6462
22.3170
23.4443
28.8942
21.7665
30.6687
32.9915
31.9220
29.6975
24.9910
16.8595
28.1832
24.3702
19.3008
25.1004
27.1065
29.4368
28.0188
22.0093
20.0192
17.3238
27.2788
25.8415
16.1484
20.5704
30.0683
18.4042
27.7300
23.5195
32.0442
18.4547
21.4874
22.0269
19.3170
21.6685
19.9066
19.2563
22.7469
31.0238
22.5457
27.9229
25.9670
30.5546
23.7171
25.3453
22.5840
27.1249
26.9380
26.7962
23.1783
28.9946
25.9332
21.1646
34.5790
19.2032
19.7052
18.2803
19.4736
15.8959
23.0411
23.7530
28.3378
16.3814
28.3601
26.5764
20.4544
26.4984
18.5051
27.2501
25.5646
22.4261
20.2353
20.2152
22.5648
29.4086
23.3044
19.7549
21.3034
24.5769
23.5437
15.5429
20.7185
24.3942
21.4072
26.7658
25.8882
32.3726
31.6594
22.9712
28.0445
17.0047
27.0060
26.0234
23.8245
21.1463
25.3206
31.4050
19.0767
29.2396
21.0428
32.5944
24.6756
30.4778
22.4148
25.2487
23.8500
22.8953
26.2065
20.3289
17.9690
25.7172
22.9636
26.7696
20.6435
24.2497
20.3735
27.5422
20.2759
17.7823
23.1591
21.0516
28.7014
27.5311
28.5792
24.8805
20.4143
24.0370
22.2086
24.9921
27.6222
32.6127
26.6847
19.9076
21.2579
22.9006
27.5284
28.3630
21.9199
21.0199
27.2977
22.6103
32.7935
24.4113
21.2394
28.3201
27.7728
31.5179
26.0372
32.0143
24.7699
24.4926
24.7297
27.1005
31.3694
25.6033
33.6515
32.4918
21.3388
22.5423
26.2175
23.0582
17.5414
17.5359
20.8913
22.9584
22.7328
16.6606
33.1007
15.9179
18.9310
26.2066
17.6713
25.1334
23.4419
27.6471
26.6335
24.7220
23.9732
25.5447
34.1899
30.7472
18.0283
18.8712
21.4484
28.3241
22.9529
23.6311
29.8251
23.9258
21.5074
31.2970
17.3221
20.7219
23.6347
24.7174
30.1920
28.1943
27.7512
25.7200
17.2246
23.2164
24.6372
20.7535
27.4447
28.5094
17.2943
22.2923
23.5196
21.2916
21.1090
21.9822
25.2625
23.9412
29.0907
23.8909
28.3005
24.3099
22.1886
24.5883
31.7006
22.4597
30.6382
23.6171
16.9966
26.4801
19.8576
29.9614
30.4778
26.1596
23.1016
18.7324
26.5385
17.8149
26.1184
21.3599
27.6625
21.4878
33.1067
20.8690
31.7900
27.1023
19.4927
19.6607
24.7673
25.0187
35.1025
27.4991
21.4619
17.9993
20.0058
22.2096
24.3910
21.7435
30.0583
27.1742
25.8604
25.3554
16.7588
30.9618
26.7936
24.5505
19.5195
16.6922
28.3347
23.2415
29.4499
25.9939
27.3270
27.5754
31.4078
24.2805
20.6265
29.8037
27.2353
24.7381
20.6785
28.5717
34.8363
28.0110
22.2426
23.9167
26.9825
25.5498
16.3623
20.4880
25.3031
17.8467
24.6858
36.3784
20.3444
19.0791
20.4374
27.8766
27.5771
18.6632
20.6698
28.3089
25.6416
28.2497
31.7765
32.0242
27.3736
25.7922
19.1892
27.4549
36.7310
23.7482
27.9627
17.9410
27.5290
17.7260
31.0959
29.0301
23.7662
26.4551
28.0869
28.4600
31.9393
28.4695
20.9130
28.1633
30.4791
25.9358
24.7842
18.6403
18.8955
27.0067
31.3841
17.6093
23.3092
19.9311
24.5627
26.0613
25.8128
27.1781
23.0999
23.5139
29.2365
23.2959
22.7208
29.3908
20.8979
30.1010
22.3890
23.8101
23.5120
29.9026
21.6162
34.4000
28.6177
18.9339
20.6179
22.2496
28.2107
20.3508
21.2949
29.6474
21.7393
26.1765
21.8326
30.8966
26.6095
28.8026
20.8400
24.2276
18.9633
22.8618
24.7046
22.4682
27.1228
28.3423
19.3339
21.8365
17.9226
21.2550
29.4428
30.1551
17.8406
17.7613
16.7905
20.7960
28.7582
23.2041
27.2442
25.3619
17.2888
31.0676
22.0466
31.2587
28.3901
24.9719
28.3319
14.8682
21.0748
23.7599
22.1294
22.0745
17.9629
16.4932
24.6058
17.3694
27.8712
29.4670
31.5070
27.6238
25.8366
24.7856
23.4844
34.5821
29.1293
23.5819
21.6362
21.1029
24.3687
26.6606
22.9479
28.5072
16.0920
24.7083
24.8585
31.2602
27.9412
21.6609
20.1119
15.6090
19.5069
27.8344
25.6132
24.6623
27.8416
20.4511
24.5224
19.2888
22.8665
20.4735
21.5841
20.3385
22.3470
32.7357
23.1053
18.9146
27.8587
22.3350
24.2428
29.6237
18.9464
27.5265
26.3070
27.7417
24.8525
20.8017
20.2411
22.9764
20.8612
30.2714
17.8937
28.4808
24.0014
24.9178
16.9187
24.0380
27.2823
26.2844
32.1598
21.8786
25.6117
18.3790
26.0665
27.6619
28.5704
19.1471
27.3263
19.3912
24.0929
33.4736
21.9139
25.2756
29.0218
28.5828
26.4183
18.7221
18.7821
24.1534
20.4858
16.9698
21.0983
26.1290
29.6958
20.6758
27.9859
18.0903
17.8850
25.6115
24.2391
31.8397
22.1873
19.4963
27.9255
23.3685
26.3332
25.2211
25.7895
23.7210
18.8047
27.2030
35.7473
21.3456
23.5871
30.3289
28.5479
35.2167
20.1912
20.6241
29.7996
29.7593
34.6345
21.4290
20.8946
29.2173
22.1096
26.2136
25.1833
22.3967
27.7903
23.7334
20.1408
21.8101
34.2731
20.9842
23.1183
29.9918
33.8148
17.2072
21.0381
24.5502
25.7444
23.2744
24.7117
18.9340
29.2742
16.8703
30.0918
24.4633
21.9666
20.2412
23.0880
21.1566
24.0290
26.0872
27.9755
25.9460
26.1519
25.1840
19.2511
19.5302
16.9989
24.1530
26.6729
19.7040
21.2929
26.0177
24.2221
20.8368
33.4067
29.5499
19.6673
23.9378
20.2354
20.2454
27.3019
18.7435
20.3709
24.3046
25.0789
31.4256
30.7665
22.3908
21.5936
26.5256
18.9561
25.4377
25.8399
20.2778
30.1904
22.1110
26.6207
36.1649
21.0553
24.7310
21.3741
23.7272
27.2266
19.9568
20.9715
28.9860
18.9832
23.7436
28.7956
24.9743
31.8411
29.3872
27.2352
24.4061
29.1433
32.3001
18.2000
27.0911
22.8705
18.4124
18.7815
18.5553
19.8107
28.9441
20.4082
30.4273
26.3090
26.7930
31.7854
28.2828
20.7170
22.6397
17.2818
18.9946
19.4434
23.8194
25.4757
26.9334
19.2103
23.7134
33.3201
21.7243
26.1423
24.1339
19.7981
34.7077
27.8407
22.4091
22.7364
32.1013
24.6724
20.0771
23.9897
26.7574
24.6768
24.9405
26.7466
19.6132
25.0661
15.7052
28.1507
31.3529
23.5881
25.1559
21.7974
26.4771
19.4145
28.0805
29.6567
29.8782
25.8850
23.9201
21.0556
24.5097
20.1733
22.7552
25.6705
28.7468
25.0324
20.9742
28.8461
27.5449
21.5741
24.6517
23.9520
24.4214
26.7754
22.0751
21.2746
20.8243
18.3695
29.9197
23.9746
20.8081
21.3132
32.0503
22.3899
25.2732
25.8442
21.4953
14.6460
20.7770
26.5694
21.6533
25.8961
29.6024
22.1919
19.4416
18.9621
20.8727
23.5841
28.0995
18.9726
19.3235
25.0946
19.1188
21.9358
30.8305
31.3750
26.3614
19.7408
20.9176
21.1410
33.2702
19.7706
24.4374
21.3599
26.3570
18.0716
24.9745
27.8375
27.7377
19.4663
19.3402
27.0329
23.6813
21.8172
22.6405
26.5781
23.6061
23.7513
24.1176
33.8076
27.2197
19.3332
35.4310
28.6855
21.8097
16.8573
25.5190
28.8523
22.5906
27.9222
20.6327
19.6720
23.1126
27.8622
21.4160
24.9133
20.1151
25.4849
16.4250
20.3867
22.4443
19.1378
18.7304
26.3352
23.7989
23.1794
26.5948
23.9358
27.1216
25.6985
23.8244
31.6108
26.7673
33.0675
27.0571
23.9142
22.4909
26.0606
24.5270
24.3484
28.5862
20.4505
19.7887
17.9478
24.5567
25.1451
27.9891
15.5044
22.2480
27.5212
21.0826
24.3594
20.5295
20.7666
20.8460
27.2690
26.3369
18.4011
30.3669
23.5912
20.7842
20.2388
22.0642
29.4835
27.1358
20.8106
23.9294
24.5209
26.3918
29.8899
29.3007
23.6942
18.4372
27.9759
21.5809
29.3061
22.1294
29.4532
21.7902
26.7610
22.2565
24.4023
19.0350
29.5899
31.1295
17.9720
25.3634
21.4306
34.3015
22.9733
34.3555
32.5683
31.5499
20.9856
30.0690
24.9092
29.1513
29.9560
19.7433
26.2912
22.1193
24.0504
26.7580
20.0064
19.7893
30.1349
25.8710
27.6888
26.0254
23.6342
23.3617
23.7221
22.5495
18.8066
22.9421
27.0744
27.6880
17.2236
25.0648
22.3797
22.6962
26.1151
23.1936
32.5243
26.4424
19.7339
21.7324
21.0223
23.4644
25.6864
26.1406
17.7170
21.4025
35.0677
19.7175
23.8980
24.6037
33.3635
27.1383
18.7746
27.9134
27.4355
19.1490
18.2001
19.9628
28.4651
20.4730
21.9851
23.5605
29.9654
30.9295
30.4800
22.4789
29.1461
33.2589
29.2627
22.9731
24.1422
19.7264
28.1515
23.8285
27.0080
30.4253
25.8065
19.4669
35.4780
24.3488
30.5747
23.0199
34.1007
29.7227
24.8858
27.1409
22.5340
33.3115
30.2405
20.9673
26.5652
24.6128
21.9103
27.8703
26.6586
20.5187
27.4015
22.0574
28.4934
22.1662
24.3547
17.6052
22.5544
19.9695
20.3257
18.3341
26.5360
27.7252
22.7604
20.1240
25.3024
27.5511
31.5809
17.7531
28.5466
24.5980
22.3399
24.5172
29.0254
34.4425
18.5402
25.7966
27.9298
26.8153
21.6768
33.8110
24.5362
25.4490
32.6827
27.7858
17.1463
25.6863
25.7912
30.3403
25.4878
19.0114
25.8934
25.5202
24.6415
21.7044
23.5136
16.3757
22.8525
27.3648
22.7772
25.6362
29.7466
16.7280
29.1757
25.2672
21.2676
19.6634
21.1222
18.8346
26.3620
22.2611
21.7296
28.4626
31.6234
30.6313
22.4857
18.8119
25.6747
31.4178
25.8682
27.9475
15.1272
26.7721
22.6962
21.1825
22.5136
23.0178
22.8697
31.6023
26.4628
19.9172
21.3055
20.6924
21.9224
27.4400
19.8034
17.3391
26.1720
30.6659
21.5260
26.8628
29.9313
20.2486
26.0076
24.9319
18.8135
30.3225
26.7901
26.2921
31.8568
21.9772
23.1509
31.8744
24.6433
20.8811
24.8861
25.2745
18.7217
25.4045
23.1255
17.7340
25.7163
28.4036
26.1695
32.9857
17.4580
19.2311
20.8485
28.5424
22.7723
25.8231
25.8905
28.0520
25.9384
18.3821
27.7847
27.6429
20.9806
27.1524
30.2041
28.8517
20.5145
24.0323
28.7204
20.9751
29.4583
23.6197
25.1388
29.1154
26.5793
21.2318
23.3524
21.9666
19.1397
23.4619
22.8579
19.8924
24.0590
25.9907
22.2659
29.0137
21.3513
27.9945
20.8853
18.3743
31.1414
25.4096
21.3200
27.0686
25.1796
25.6197
26.1261
26.4079
21.5049
26.8657
28.5139
33.9069
22.3445
22.0795
19.0026
29.4481
21.4709
34.2512
22.2407
18.9876
20.3722
15.9739
19.2168
17.2605
22.1140
29.8017
33.9587
18.9372
26.8875
28.2395
28.4402
25.4201
22.4053
19.5604
25.2236
32.7714
31.4210
20.7415
28.0619
23.4834
24.5629
20.9435
32.3401
28.0094
32.5156
18.8384
33.5660
24.1778
28.9771
18.8732
21.4432
24.0571
27.0572
28.1772
23.7634
21.3249
20.2555
19.2499
16.2049
26.1361
29.3730
16.9286
24.1791
14.5121
25.8195
23.8803
27.5325
22.6690
18.2834
32.4565
26.9652
21.1279
20.0021
27.1714
27.9383
19.6495
28.5250
27.3500
20.6686
28.2119
17.8167
22.5149
32.4680
29.7625
23.6203
24.5026
19.0360
28.0392
23.2463
29.6971
20.0036
25.2822
27.0668
22.2173
18.9213
28.4611
22.5171
18.8475
22.9532
23.5413
24.8708
33.3102
19.5197
25.6923
26.2737
26.2451
18.4591
21.0849
23.5044
26.5552
28.8027
20.4936
25.6228
27.0140
22.0032
25.9069
35.3138
21.8621
20.3831
21.8091
34.7363
28.0236
19.5318
31.3298
28.1867
30.6157
21.3480
23.2868
22.3213
27.9034
26.0673
25.9041
26.2727
23.5604
22.5530
21.9138
25.4202
20.4267
25.5730
19.7436
16.5632
30.3257
30.4441
31.4138
27.2571
29.1132
24.5806
18.2595
20.5307
26.9495
24.5034
25.3360
21.8308
25.3036
21.9355
17.7013
27.4302
19.4020
23.7488
22.6634
24.8053
27.3060
23.4783
31.6165
18.4932
24.9662
31.8641
25.8621
30.8047
19.0289
31.4530
19.9189
25.7002
16.4418
26.9969
25.7558
21.6904
19.2288
37.2454
22.2267
24.8111
18.8574
24.3474
26.4484
27.7339
23.4053
20.4453
24.3792
21.9100
21.7955
20.8768
17.4733
22.8852
27.3658
34.3797
24.1429
26.9485
32.0416
30.0103
19.1671
26.9714
28.1021
25.5576
25.9199
26.4930
24.8729
17.5465
26.5590
26.3104
19.2572
24.8200
29.1939
20.6375
19.0116
27.3607
25.1838
34.8053
25.2082
30.5157
26.5110
19.0450
21.3727
22.8202
25.4714
21.2962
26.5600
30.9324
19.4833
26.0584
26.9008
20.7973
17.6270
22.9927
18.5157
30.1103
24.2792
27.1223
22.7656
25.9201
23.2249
25.3481
29.3985
23.8683
24.7313
25.2046
20.1598
24.7288
18.6348
26.2054
20.7002
28.9774
28.7037
21.5327
29.9148
22.2462
23.1932
25.1189
17.0282
19.6411
25.5882
27.0932
24.8485
28.2397
30.7632
29.0656
21.8056
27.0250
21.4339
23.4868
21.0104
22.5139
23.9940
29.1053
26.2525
29.1138
29.9173
22.9761
25.2405
25.4902
17.4625
23.0181
18.8225
25.3886
22.1213
23.4402
23.3650
25.2952
25.4336
21.0840
21.5426
31.4048
24.6581
34.3873
18.1226
21.4107
25.6309
23.1648
28.0137
25.9435
18.9832
21.4811
24.8275
20.9304
21.4284
25.2275
22.7252
18.9591
22.0338
27.1405
15.0705
26.4683
21.3446
24.5137
24.3131
22.7289
24.9851
18.0137
20.6418
18.7856
22.7455
23.6867
27.8099
22.9916
25.6898
23.4557
28.8065
29.2182
21.8384
27.2219
30.2661
18.2475
20.6104
28.6190
22.8136
26.8376
24.5877
19.7873
25.8117
24.3599
17.9361
21.2628
36.5949
22.5384
16.1638
20.0547
17.1214
18.9375
21.4221
34.0552
18.8180
28.7702
23.3017
27.0018
24.3744
25.9467
