32.8908
27.4385
29.8072
24.0340
35.9389
31.8988
25.2307
33.4396
30.2280
27.8414
26.6573
37.6232
31.9528
25.2933
26.1223
29.8847
34.5232
24.9468
36.0666
31.0716
23.5708
31.7385
29.6013
22.9100
29.5504
24.6675
29.1321
35.6646
30.3604
30.4780
29.8394
32.1706
27.0543
22.6630
23.9191
29.5462
26.6852
27.2036
21.7108
27.6802
28.5440
28.8426
21.9052
31.4977
31.8032
21.5303
29.0745
32.1385
28.3631
29.0534
36.0171
28.4252
28.4873
23.5659
31.8341
27.2492
25.0178
22.3249
36.6047
26.0325
26.4004
22.3819
33.6592
25.0158
32.0690
33.7261
25.7200
25.7048
31.7966
27.3690
26.8965
30.0859
24.8163
25.8105
19.6804
24.4777
30.3434
30.9272
27.5002
31.5894
24.6858
33.8196
31.9576
28.6893
30.8211
26.1845
30.8175
27.0995
26.5567
28.6662
30.3249
30.7380
31.7626
30.1008
28.8761
27.0749
34.3914
29.8958
31.6450
25.6295
27.6606
34.4804
27.4389
26.8034
32.4444
21.8076
24.8257
24.9953
29.0590
33.7669
28.0454
27.2172
25.3074
28.8447
28.2033
40.5903
27.8015
26.0866
28.1341
33.9356
26.3247
29.1907
26.1732
32.1506
32.2684
31.6002
25.3502
31.8928
24.1373
29.3939
28.1176
24.5671
24.6407
26.9385
22.4428
22.0749
26.9609
34.0059
28.6727
30.0355
25.0429
27.3980
33.6438
24.5737
32.4088
24.3092
32.2043
24.9712
33.2577
33.5892
32.6931
33.8482
28.7850
24.6790
31.0206
24.3582
27.5426
31.7878
29.3056
32.5847
28.4721
23.6614
27.5051
34.5290
28.1327
29.7164
28.4151
34.1547
30.2020
34.2293
31.3397
35.6691
34.8941
32.8019
29.0095
29.1964
21.9940
33.3599
30.0359
27.8464
27.1691
30.4218
27.3528
27.5189
29.6374
29.3307
25.3704
28.1759
27.4721
37.2002
36.9391
33.0262
24.7983
28.9298
22.9529
25.7183
25.8083
30.3082
29.9439
30.1195
32.8489
33.0880
32.2938
28.6003
35.8366
32.3573
29.1802
27.6991
36.2535
25.7407
30.1744
32.4381
30.5980
27.5061
26.8402
28.1377
25.0387
25.8638
26.8783
24.7821
29.8087
29.7879
25.5551
21.8629
27.0157
28.3825
25.1244
26.9156
30.5706
39.7427
30.7317
22.4539
27.1133
23.0240
29.7753
29.2633
31.2637
30.0713
31.9566
24.2986
27.6401
32.8675
21.4427
26.9270
24.3006
31.0105
28.4254
25.2037
30.9608
29.8792
35.3823
32.6474
24.1507
27.2386
33.0505
29.0332
29.5266
27.7587
31.8786
33.7341
26.4284
26.7848
32.5989
33.9200
31.0097
28.6826
25.2552
23.9261
24.8416
25.9726
29.0395
28.1188
31.2373
31.2607
28.3419
29.0763
24.7838
27.5110
28.1418
30.1406
24.7585
31.9579
26.6721
28.9681
31.4279
22.2650
25.3953
28.9847
33.6122
26.0365
28.0820
30.7251
28.9695
25.8947
29.5881
29.9591
30.4072
31.7191
31.1374
32.0795
25.6428
35.8023
30.4769
32.2311
25.5874
29.7800
27.8449
30.5153
23.0049
24.0259
30.8382
28.2440
27.5015
25.9627
25.1194
25.9529
24.1719
32.1675
30.8736
32.4600
33.8804
30.0394
35.8956
25.7405
30.6478
32.3667
32.5714
26.7229
27.7331
29.2841
31.7814
23.2408
30.7893
31.0128
29.3547
24.0630
31.3875
34.0502
29.7861
26.9178
30.4768
30.9566
25.7767
33.4347
25.3591
26.5320
33.6234
33.3632
34.0802
33.0443
34.2280
29.7745
31.4295
31.1323
34.2571
27.1700
33.7761
31.6397
25.9583
28.3932
35.7816
33.8728
30.6166
34.0491
27.0227
29.5256
30.6808
34.5509
30.3392
24.5293
20.4220
22.4665
28.7266
33.0540
26.4136
24.6674
29.2702
27.0256
24.4851
32.3139
22.1153
28.2913
27.1501
30.0027
32.0011
33.3689
27.3041
25.3120
27.6121
27.6775
31.0815
25.2835
26.6719
24.2092
29.4042
30.5965
26.2201
27.0408
27.1564
36.4547
26.3850
28.1774
29.4891
32.0630
35.3419
27.5785
28.5631
35.9176
33.7243
26.8255
26.7850
29.9523
29.2489
34.1747
31.4798
30.2404
31.2720
24.7583
22.6888
32.5784
28.7135
27.3450
28.8864
22.7071
30.5872
27.9824
26.7997
32.8239
32.0653
27.6543
27.5410
30.3526
25.7514
30.4177
31.6483
32.0743
31.2746
31.2465
26.6197
31.4203
24.8930
27.0162
26.2185
32.8882
29.4902
23.7382
29.6364
30.3359
34.0699
35.0229
33.2270
28.7682
31.3090
27.0776
27.7590
34.5789
34.1226
34.0108
25.4268
27.0567
28.6247
23.0624
28.2462
32.3672
33.9020
30.7251
25.6252
32.7216
23.5528
21.8012
25.0973
29.5559
31.1854
28.3697
30.3923
26.8417
34.1261
32.5805
30.9137
22.7088
29.6867
23.0813
23.6101
28.6611
29.7320
26.5489
28.0165
28.0872
32.9191
26.5772
24.6683
32.6241
31.9333
33.3395
26.5060
30.5943
28.5800
26.4175
31.7645
30.2298
29.6359
28.5370
25.7367
29.4753
27.0576
29.2385
29.3798
29.1496
21.7043
34.5825
29.8959
34.0462
29.2363
27.5224
29.8952
30.7018
22.8825
30.4746
23.3876
30.5056
28.3282
29.0976
27.0933
28.5108
34.0418
34.5411
24.1546
25.8420
27.4214
33.0619
25.5929
31.2789
28.0607
29.6955
36.6806
22.9408
25.7446
31.1329
32.1083
27.7898
29.5668
24.7954
28.7115
28.6534
27.2097
33.1195
33.9431
25.4729
23.2035
21.0051
28.2173
30.5831
37.0776
20.4868
25.8885
24.4894
35.7085
28.6551
32.3194
20.8627
23.1294
26.6810
24.3918
28.0384
27.7640
31.3554
35.7471
27.7477
31.0364
24.4274
30.8978
34.2397
27.1327
31.0666
32.9659
35.3971
31.5089
31.2335
35.8774
27.1033
35.1434
32.1733
27.4119
24.9835
28.4186
27.9539
24.7139
35.3720
29.9614
26.7360
26.8771
27.4487
29.7472
26.4186
27.3293
27.5315
22.7147
26.7111
27.7092
25.9253
22.6367
30.0601
26.9139
27.9075
25.4329
26.0101
23.2389
24.2543
32.0921
26.6114
30.5724
27.6200
27.5082
27.9992
26.8354
25.6737
31.9801
28.9465
24.7921
31.7478
28.9869
25.1614
31.3445
25.4854
37.3305
31.0531
23.8778
35.3603
27.3006
29.1157
29.5383
26.2757
26.9224
27.3158
32.2662
24.7412
23.1709
28.6104
28.1586
27.4214
28.0477
30.8524
26.3922
22.6229
32.5340
31.6435
24.9550
29.0588
23.5973
37.3731
29.2220
28.2988
32.2859
27.0049
22.1493
26.5439
30.4599
29.7986
33.1720
25.0139
24.9201
29.8181
32.9175
30.7413
26.2069
26.0133
35.8432
31.8782
33.6280
33.9027
33.2627
28.7444
28.0227
22.0638
26.6279
29.1716
30.5503
27.7749
30.4040
27.4561
25.9742
29.5046
25.1745
24.6924
30.0175
23.3232
32.4233
28.6945
28.6658
28.3473
25.5758
30.6739
24.7547
29.1038
20.2845
25.0992
35.6669
29.0943
27.0020
34.1372
32.3603
31.7157
29.7557
27.5978
27.9138
35.1044
33.6514
26.4835
27.8695
22.7793
27.5404
21.2465
25.3664
28.8372
26.7747
25.6445
25.9471
27.2752
32.5141
29.0735
29.3155
28.5811
29.6855
27.1454
30.1254
34.4451
27.1202
22.6720
32.6671
29.1023
31.7092
23.0392
32.4505
26.8756
28.1726
27.8004
26.8994
25.6483
32.5428
26.6931
32.5534
24.8723
29.2186
20.4108
26.3091
26.8614
27.6975
31.8117
30.2467
27.6179
27.1891
28.0676
26.9969
27.7317
36.1012
22.2804
25.3727
29.8976
24.1988
28.1944
28.9564
29.5137
29.8589
26.7667
27.0412
28.2543
27.9820
30.2349
21.0806
24.1121
21.0076
28.8635
32.8132
32.7774
29.3153
37.8911
25.5691
29.6528
25.5016
26.9366
26.9808
25.9644
27.6697
29.5882
27.2862
22.3908
34.3157
28.6967
25.6466
33.9366
22.6054
31.9483
23.5444
20.1492
37.3719
31.7215
30.0112
33.1913
27.4480
29.6573
28.8874
27.3478
29.9671
34.2037
27.3941
26.2652
38.0435
26.2011
26.3866
35.2552
27.1555
31.2723
26.3414
34.0364
31.8354
27.7447
33.2846
29.3146
26.4361
29.2125
35.0159
30.4321
32.5543
23.8714
31.0779
24.7685
29.1284
33.1180
30.4557
22.7792
22.1152
30.9046
36.2008
31.6795
28.2733
25.5121
28.8376
24.5327
24.1897
29.5643
32.1035
36.3358
29.9115
23.2012
35.1822
30.1460
25.7148
27.7313
32.4771
32.6967
29.9033
27.5401
29.4933
33.7697
23.9298
28.3420
27.2083
31.4132
32.8435
31.3152
31.4885
21.5136
32.1041
22.1070
22.1786
22.7468
29.1022
33.1276
29.8424
28.4621
31.8364
27.0558
27.0612
25.9974
34.4488
25.3576
28.4503
27.3979
31.3219
34.0354
31.7404
29.1420
27.2865
27.3099
31.9255
36.0838
23.5469
29.9104
29.0830
33.9671
31.9357
35.8718
27.3759
29.5111
33.2010
35.3295
31.3854
28.8277
28.1112
27.9690
26.5799
33.2488
33.1539
22.2284
24.3852
24.6594
20.6720
26.0765
26.3334
28.6123
28.1350
32.0667
27.4687
29.6119
26.8207
26.6451
31.7675
34.8219
31.2783
29.9652
32.8995
26.6523
33.3896
29.9206
27.8086
27.5938
21.7002
29.3943
29.1926
27.1675
28.1036
29.5450
26.6715
32.5537
25.5856
26.5025
32.3995
31.8488
35.2394
32.5060
39.9092
30.0227
28.6443
25.8537
33.1541
26.9627
29.0802
24.7440
34.5739
34.9676
33.6951
33.2584
28.6237
27.7574
24.5748
27.9088
32.8741
27.1199
22.3417
27.0134
26.3680
28.1974
28.3158
24.6682
28.4933
27.3458
32.7085
23.9513
26.6746
28.9537
28.7808
28.0182
26.1596
33.7462
27.6540
34.2698
24.4115
26.0170
35.3859
29.0364
30.8990
35.0957
28.2722
33.4158
26.5966
20.5299
29.4995
30.2544
26.0248
32.0225
27.1709
27.3482
21.4850
29.9651
24.6992
34.7631
34.5855
33.1512
29.4515
29.1899
27.8992
29.8944
39.5035
28.6800
28.8599
23.5837
25.6494
29.3031
27.3464
26.9796
34.4150
26.8808
28.2337
24.0587
25.1414
29.3250
28.9380
25.3130
32.1621
22.2491
31.6827
31.2902
35.7017
31.7665
23.3023
28.7327
32.2678
24.9428
30.4769
30.4159
31.7618
24.7676
30.8972
21.4730
27.6671
24.7318
23.9250
27.0017
31.6201
37.8988
29.6666
33.7505
24.9703
26.0025
30.0677
28.5250
32.9880
25.4834
25.9015
28.7377
29.5026
32.7905
31.0761
22.2722
27.9719
30.3383
23.9973
31.5413
24.4805
31.8461
28.7041
37.0246
30.5455
33.2734
28.1302
23.4384
25.7243
29.5599
32.3512
32.8501
28.4787
28.8414
27.6966
32.9378
27.4111
28.5304
27.5701
25.6799
30.5093
31.6472
30.9162
33.0699
22.8742
24.4864
35.7637
26.5134
27.7637
29.4322
29.1474
27.9928
31.3132
22.8862
28.8126
32.7035
30.4958
32.8326
36.3886
25.9747
33.7383
23.3011
33.7922
33.7056
30.1419
26.4836
22.8068
33.6436
30.6689
24.8311
27.5586
33.0357
32.1073
26.4228
31.5362
30.7076
26.4497
28.5203
30.0062
30.0384
25.7869
27.4017
37.0411
30.2465
27.5017
32.4159
31.8971
22.8768
24.7881
33.7075
31.8398
32.5245
29.0176
34.0660
26.2117
30.5755
29.8643
33.7174
30.4077
30.8101
33.7869
34.4554
38.9308
30.9081
27.6793
26.6546
28.8842
29.0500
27.3412
24.6620
28.9052
32.4459
28.8774
30.3810
34.8237
27.9397
28.8077
22.5844
30.4443
33.4639
26.5473
26.2676
30.1352
29.6312
31.4042
23.0363
27.1179
29.4884
24.3149
36.0418
31.1058
25.3520
28.9478
30.5994
28.6759
27.3483
28.1798
19.5333
30.1603
27.3771
24.9738
26.7584
23.9465
30.2860
26.5463
33.1028
25.9881
34.0797
31.4509
33.7801
25.5113
20.1750
23.8499
29.3254
34.9541
30.7983
29.6290
29.1896
31.2503
24.1144
30.9683
30.8212
30.4513
29.0827
32.7777
24.9307
38.8031
33.2312
24.8910
34.3820
32.5223
26.6024
29.9364
31.8426
35.3114
25.4971
23.4958
31.1319
26.8041
30.3856
28.9817
30.8652
30.8558
28.6037
23.3242
27.5802
25.2339
31.5206
35.5744
27.0351
28.9031
28.1932
27.6326
31.4481
30.4601
28.7025
25.6805
27.5485
26.3743
22.5089
27.7879
30.6681
27.1557
28.7969
29.6386
29.7804
36.9708
36.6310
29.7975
33.1086
27.1367
25.8614
36.8889
27.8780
24.7373
29.3874
26.5865
31.3811
30.2598
26.4934
32.5791
28.1107
30.7874
26.1285
25.0274
26.6847
28.8732
27.7972
28.2650
28.8847
32.1166
27.0260
32.6381
28.3409
28.1989
29.5512
26.3885
26.8348
34.7834
30.5445
27.3446
27.8838
28.5439
26.8075
30.2579
29.0665
26.3331
20.4789
29.0825
37.4050
25.3701
27.0440
29.7398
24.6798
28.3391
29.2531
31.6765
31.6625
21.8669
30.1309
27.6889
28.4848
23.9355
26.0061
29.0617
30.6427
29.9312
32.9630
27.4519
27.1035
25.6188
32.9539
31.2904
26.6159
17.7171
32.9083
32.6990
29.7502
22.5983
20.8745
27.3170
37.0623
28.1674
27.3435
25.5675
30.9371
22.2124
25.6506
29.2055
28.3414
28.7568
28.9367
26.5691
29.7376
24.9099
28.4215
32.0863
27.2500
32.1894
34.1573
29.5612
26.1298
29.2951
27.2823
36.1085
28.0844
22.1269
33.9912
32.5890
28.1671
30.0252
30.7494
34.1567
29.0966
22.9561
34.6595
30.9068
29.1672
40.1085
23.2753
26.6634
23.6875
28.9517
26.2981
31.0860
28.3187
33.6002
27.8840
24.6067
31.1971
27.4488
26.1365
23.1302
20.9646
29.9258
27.6407
28.4663
29.3297
24.6172
30.4846
25.6298
27.4892
25.6327
31.4208
26.5480
34.5535
28.7039
33.2699
28.8535
26.6269
26.0216
29.6817
33.4132
28.7353
23.6848
31.5689
33.4639
26.3439
28.4917
31.0244
23.2794
30.2340
30.9759
22.1456
26.2175
24.7417
24.7612
30.9371
23.9512
26.8920
23.4745
31.3961
32.0655
25.8186
24.7922
28.7611
31.5664
29.1912
32.9934
27.8965
26.8677
32.7385
33.2766
34.9214
30.1883
25.7635
27.3060
29.4441
27.6304
27.3361
26.9415
24.0527
35.9401
22.6469
26.6295
23.1656
32.7249
28.7519
29.0883
28.8438
32.9691
33.6184
28.3795
27.6076
26.1578
35.6658
29.6407
22.8403
27.7135
27.0293
28.8080
30.3978
24.6693
26.9089
24.2048
21.2381
30.0446
30.9430
29.1424
25.5952
28.4563
25.7382
24.9082
29.3343
29.1126
30.6710
30.0852
31.7325
32.5238
28.1711
30.4700
28.7367
30.2458
26.7664
27.1312
26.7507
29.4448
30.4186
26.2929
30.0144
22.5850
34.1419
31.9065
27.9879
30.4154
28.3290
30.2822
29.5262
29.0005
28.0999
26.4229
28.8712
27.2384
31.3689
27.5711
26.4427
22.5573
29.9478
30.7017
27.7485
29.8060
19.4562
28.4637
25.8302
30.0086
30.9612
30.1741
25.6801
26.9194
31.0574
27.7225
32.6749
34.8475
32.6965
25.6805
23.8228
23.1798
30.4937
26.1458
28.1606
25.5187
28.4139
34.8402
31.6417
25.3606
30.2855
30.3216
33.4639
28.9947
31.1969
29.8208
29.9600
36.9838
29.5641
26.8502
27.3292
24.8599
27.4707
26.9855
23.2344
37.7091
23.1529
27.9643
29.8580
31.1385
37.4763
31.7944
25.5066
38.4847
33.0653
35.0973
31.9831
27.5499
29.7280
24.1492
27.9249
27.0622
34.1796
30.5981
26.8090
28.6863
33.1003
24.5015
35.6295
25.3608
31.5377
27.6918
36.0953
35.1036
32.6885
24.6205
30.2640
27.7496
26.3112
34.3215
28.0340
33.1143
29.8203
28.5641
29.6990
27.0422
28.1980
34.5731
25.4082
26.2046
30.0867
27.8398
37.4283
28.8990
23.3844
32.5336
28.0773
30.2983
36.4387
28.1348
25.4706
24.2886
26.7116
33.6038
29.5908
28.1533
33.2458
30.5052
31.7600
23.2607
28.3822
24.7581
29.2451
34.7668
29.5476
23.8990
25.6704
30.3675
28.4470
24.2478
25.0485
29.4240
29.8665
25.5790
26.7863
26.2639
22.9758
28.7778
25.2162
20.9949
23.0947
26.9285
35.8506
33.2867
29.5123
33.9131
25.1355
26.4036
29.4247
33.5021
35.1044
33.1479
31.1585
25.4730
27.5187
30.6095
32.2874
33.1281
27.1049
30.5158
34.2306
29.1508
24.8122
26.8690
32.8501
25.1133
27.7975
37.5394
33.8611
34.1549
26.6726
29.3014
27.2184
23.7230
28.9855
21.6287
31.1711
34.1497
25.9602
30.7635
34.6364
32.1807
25.3294
27.0389
26.1763
30.6056
25.0541
31.7190
26.8386
23.6536
26.5690
29.9989
29.7844
35.0290
25.4026
29.5743
27.4880
25.5945
27.4164
24.6021
28.9872
30.0329
26.2661
25.4576
30.5608
30.4939
33.6276
32.5108
28.6153
33.8305
29.1887
29.3183
28.5800
29.7027
36.6524
30.0820
30.4986
27.7215
26.2575
32.3878
29.6345
31.1069
28.9917
26.7067
28.9764
24.6213
28.7788
30.5537
28.0927
32.5246
30.0402
24.5799
28.5981
32.5013
30.9598
28.3601
30.5356
32.6592
32.7246
31.2163
26.6940
28.5242
24.5712
27.7807
21.6435
29.0362
24.0115
30.1026
34.6958
27.9900
25.1011
31.7037
28.2869
27.0733
27.5691
27.2751
31.8065
23.4694
28.2577
28.6125
33.4998
20.2033
27.6956
27.5884
24.6153
31.2162
29.9859
32.9071
25.3550
24.5407
31.2142
27.1946
24.0401
28.9619
34.4570
27.3917
30.9432
33.4358
33.1564
29.5518
29.7386
29.7491
29.8613
35.0690
27.7305
33.4610
26.2981
35.1000
34.6994
31.7262
25.2191
23.7382
28.3582
28.7160
29.1174
28.0945
26.3263
25.7041
30.7181
30.3974
34.2888
31.6067
29.0143
26.9922
30.5288
23.8088
32.6173
30.0666
29.5543
23.0910
34.3845
33.2920
30.9310
26.4184
29.6586
31.8139
27.1169
32.1008
32.0051
34.4693
31.8123
30.1028
29.1345
30.0949
31.5089
28.1678
31.4571
29.2838
31.8771
34.0052
26.9633
27.9690
30.1549
29.6227
29.8785
23.5759
30.0803
32.8935
31.6539
29.8323
28.4509
31.3843
25.2570
29.4519
29.5644
29.7468
31.6103
30.6347
29.5281
28.5531
26.3727
32.3350
24.0724
18.4227
30.5557
29.0442
25.7148
31.5239
25.5137
26.3305
23.3725
32.6692
20.7773
25.8680
32.6992
25.9053
26.6308
29.1528
30.6911
21.2598
24.9576
28.4131
30.2179
29.5903
25.4044
22.5316
36.3572
22.0914
20.1744
26.7699
28.1046
22.2627
27.9776
33.8452
31.2651
29.3571
27.5119
34.4146
22.6576
28.9182
29.2625
29.2591
22.0990
32.2245
25.1798
34.8480
26.5828
32.2227
26.9102
34.3964
30.2924
29.4589
28.6634
27.8059
32.6521
23.6619
35.3783
20.9588
34.9739
26.8235
31.2454
27.7001
31.7294
32.0643
34.7479
36.0903
29.2815
27.4973
25.3059
35.7770
26.3016
24.4053
25.1253
23.0727
26.8939
25.8576
28.6910
27.8614
30.0994
25.9316
18.0982
32.0085
23.0747
30.2109
27.6273
35.3110
27.9208
28.1458
33.4909
31.1392
29.5041
30.2715
32.0795
32.3852
39.1267
28.4070
34.3658
28.9314
34.2328
27.2995
33.4117
25.3417
33.9170
29.5965
27.1817
28.8938
38.2029
30.1647
31.6942
27.8448
30.5999
32.0277
26.6219
29.5629
28.0600
29.2695
26.4519
24.0255
32.0376
24.5012
24.4311
31.5021
26.0107
27.9116
25.3851
27.9176
24.9381
27.4471
32.3947
35.2175
21.1364
24.0911
33.3743
32.1848
27.6265
30.8836
22.8963
29.7063
29.7954
30.4383
26.3963
27.3235
23.3171
30.7054
35.6489
33.8800
25.4918
26.3541
30.7047
30.1392
26.9805
27.8393
28.8199
29.6962
28.2901
32.2663
33.8388
26.3938
32.2337
27.2039
31.8579
36.7783
36.0477
25.7343
32.5611
25.1309
29.4482
28.4414
24.1278
24.0788
30.0705
28.9142
35.5250
30.9096
28.0269
35.8513
25.6132
27.6202
29.3241
34.9267
27.8698
28.1703
24.7905
27.1174
28.7441
29.5894
24.9868
31.3103
30.6024
26.4612
33.5855
28.6601
30.8902
28.8676
27.1348
30.3391
26.2433
22.4406
31.1636
30.9292
21.8911
21.6060
22.3251
31.8275
33.0555
26.8426
28.4344
27.6943
34.2634
23.0054
32.0915
27.5088
37.3144
31.5736
25.6166
31.3887
28.3635
26.0327
32.6461
30.1385
21.1537
26.3690
30.6209
31.2562
34.5737
34.6293
31.9526
25.7429
25.5063
31.0147
31.4945
26.0282
30.3096
32.6243
33.3551
30.1919
35.3834
24.2818
28.0652
32.7184
25.0664
23.0051
31.6114
33.5742
27.3920
26.8234
26.7858
24.9331
33.0845
32.7294
25.8486
26.9265
22.9986
27.8481
29.6526
24.3088
28.2713
28.6079
22.5473
29.8695
33.0528
24.9796
25.4157
29.1854
33.5560
30.7419
31.7535
32.4899
26.7650
24.7302
27.6843
32.1056
23.6905
33.8689
32.1251
28.9304
32.7857
31.5637
34.0092
27.9423
23.3638
29.9694
31.5891
29.7861
29.5199
34.5362
29.6289
28.4079
22.5514
30.4354
24.7001
33.0589
30.9787
26.5838
30.3811
32.3289
27.6217
27.1186
33.6209
24.4488
29.1800
30.0062
28.2417
34.9462
27.4246
29.5837
36.9084
24.4857
29.0699
31.4641
31.4590
28.9462
22.2276
24.4917
29.2155
30.0794
28.6693
24.4420
28.3792
28.3207
29.8536
28.1735
28.0009
28.2104
29.7075
32.3394
36.1722
23.6096
34.5028
27.9815
33.8450
30.3751
24.1655
24.5705
29.2409
29.4606
24.3129
32.7560
34.6858
27.5559
32.4629
33.0269
32.8957
28.0271
34.1337
22.6515
27.2394
31.4874
27.1544
33.6028
25.1685
29.8330
35.1081
28.0680
27.7413
32.5433
30.5162
24.7944
27.8760
26.2972
35.4192
28.9174
22.4378
26.1528
28.1599
23.5513
19.9295
31.2909
32.1174
28.2307
25.6334
28.3724
29.3260
34.5592
28.4906
26.7660
32.3033
37.0194
28.1593
26.4857
32.8375
30.5137
32.1618
28.0627
25.2200
25.2195
27.9515
27.8126
32.6757
24.4315
27.6432
32.3584
32.6439
31.5342
24.3196
30.3815
32.0155
32.6037
28.9157
31.0899
24.0190
28.9158
30.1136
34.9881
36.8739
34.0342
30.9298
21.7484
28.8082
24.4724
31.6099
28.9597
33.1537
25.5806
26.7886
33.3089
33.1552
33.9759
24.5579
26.6127
24.3829
33.4769
26.4182
28.4395
25.7906
24.2745
26.0720
29.6601
24.6513
25.6183
27.4131
37.5746
31.4829
30.5963
33.6722
28.1755
27.9540
31.8238
34.7930
27.7878
29.2399
30.1303
26.9903
22.1102
30.0858
22.2769
28.8883
26.6500
28.2182
24.1340
30.5238
28.5834
29.0060
29.2911
33.6426
34.3358
26.6645
30.5976
26.3405
24.1024
31.9749
28.3416
28.7573
29.5771
30.5031
29.6497
32.7081
25.2139
21.4414
22.4479
20.7191
26.0579
23.8522
31.3544
35.3090
34.8005
27.0871
23.8402
20.4788
23.4613
24.8301
28.6850
27.9766
26.1815
30.4312
22.0497
29.9316
26.7888
24.7988
31.6707
30.3976
22.0452
27.2201
26.5641
30.9554
23.9420
35.3542
32.1159
27.9945
27.9350
27.8662
23.7600
30.7778
26.0951
24.3666
28.2405
27.9681
25.7050
29.3625
26.8882
25.9162
23.0711
34.8710
20.4808
25.5928
32.0532
27.1262
30.6451
29.6108
27.4034
26.8254
31.1993
33.2281
28.6848
33.8445
24.8068
32.5969
28.8054
34.3115
32.0850
28.3612
33.8072
28.4920
27.1536
30.7516
29.4559
30.3331
30.1016
27.5137
24.8295
25.0169
25.6426
28.7169
26.7077
26.2109
26.8114
24.3226
30.6156
23.4265
28.1337
27.2473
30.9890
30.1775
29.9327
27.8490
31.0225
30.7816
32.3135
28.9250
27.8434
25.5434
26.9665
23.6581
36.4056
34.1939
26.6368
31.5634
25.0417
31.3526
28.4612
28.7897
30.0643
27.1264
29.6619
34.5575
33.6861
23.9152
29.3826
30.9252
27.4118
27.6221
33.2410
28.8109
24.1610
28.6443
28.8458
25.9408
30.7658
34.9889
30.8710
37.3598
32.3630
29.0358
29.7302
27.3733
30.7581
24.7488
24.9373
21.7092
29.8041
29.7120
27.2155
30.6245
39.3480
30.0075
25.4850
31.4651
29.2589
35.8893
32.0228
28.0563
26.1503
30.0768
24.9155
32.0834
30.1136
31.1269
32.0046
23.9929
31.0528
27.5319
33.7382
31.1455
25.3367
37.1272
34.1161
25.4468
26.8522
34.8003
25.4211
29.5680
29.1155
26.7137
31.4614
29.5810
27.0944
32.1915
33.7257
32.7768
25.1795
31.3358
28.8051
30.0412
28.3374
25.6893
29.0616
28.9147
25.2016
23.2136
30.9024
30.2520
26.2347
29.3012
32.7389
31.4322
28.2753
21.4551
21.5621
23.5178
32.1916
28.3814
31.9656
24.5132
25.2266
30.0925
35.2889
29.4561
36.1628
33.1915
28.0476
31.7142
30.0008
23.6243
33.2825
34.7355
32.8793
26.5276
29.7752
21.9061
22.1519
31.6176
28.1908
25.1505
23.2967
29.1686
33.8207
32.1473
31.0141
27.8071
29.2812
29.1791
36.2572
34.5272
26.5441
24.3996
32.8583
27.4197
27.6405
24.6097
30.2375
33.2919
26.6698
33.4303
21.8143
33.3601
22.5268
28.2670
26.9915
27.9556
27.7202
26.1252
29.2948
36.3172
24.8923
29.3955
34.0638
32.5895
25.7245
28.4023
31.5602
24.2759
29.3644
25.8527
22.4296
25.2183
26.0162
32.9663
38.3197
30.3395
30.9848
34.6373
30.2738
27.8483
31.4494
24.6833
27.5379
24.8624
32.3148
25.3938
32.9019
28.8666
29.4773
30.4827
28.2736
25.4398
25.7574
34.5395
32.9135
26.4350
32.4091
24.9066
27.3351
23.9833
31.1396
32.0935
34.2963
25.5175
22.6673
33.7146
34.7478
28.8732
31.2657
23.3258
26.3464
24.2738
30.2383
32.2126
27.0315
27.8185
29.3414
21.5171
25.2985
28.7445
25.6316
29.4317
29.3326
30.5658
22.4068
28.1623
26.2710
29.0623
31.3350
28.6041
29.5818
30.1352
26.2668
26.8172
25.7125
26.2113
28.7623
30.9289
35.9613
38.9164
33.9853
22.2043
30.0501
30.3299
34.7734
32.2956
25.5737
31.5531
35.8541
32.9833
36.2238
29.6964
31.3722
30.9720
30.3572
34.1215
29.2638
31.1689
27.4719
25.0720
24.3582
24.8535
28.1711
25.6032
30.6415
25.1306
29.8514
23.8995
21.4672
24.5618
30.3274
21.2196
27.0428
22.9966
25.4172
28.3114
27.2787
28.0232
26.8308
28.7383
21.5090
24.1195
29.4314
24.5395
22.4190
32.7690
26.0268
27.5596
22.9168
27.2704
26.8678
29.5418
25.0292
25.3780
29.7186
32.4035
28.8711
29.6441
25.2652
30.2439
26.9725
30.1389
25.2382
31.5701
32.7326
30.8045
29.0377
27.4769
22.3172
33.7487
26.8158
25.8377
30.7580
26.0664
23.4927
29.3294
28.8686
24.8704
27.4871
29.8380
28.7747
28.7580
27.4802
30.0684
30.9647
25.6484
26.0014
27.9779
29.4890
27.0548
28.4670
30.9171
26.8603
25.0211
34.9796
30.3846
33.9944
23.0117
29.3333
31.7707
27.5333
26.1767
26.0641
31.3714
23.6775
27.8854
31.6187
25.2989
28.6097
32.5110
31.8520
23.9879
31.1421
34.2264
30.7271
26.4145
23.1240
25.0451
32.3660
27.3521
27.1065
34.2606
33.2828
35.2994
26.6599
34.3821
24.5287
26.0359
29.1180
25.4577
27.4874
34.0573
29.5044
30.5504
24.4371
24.0528
23.4904
28.9175
28.2762
27.7966
28.5932
24.8827
33.9794
27.2286
24.6723
25.0646
29.8339
26.8505
31.4660
27.4117
29.3259
29.7163
31.9501
28.4833
29.7476
33.3711
30.3092
31.9239
28.5022
35.1905
32.2974
26.7643
31.2010
35.6964
30.7545
25.8959
23.3867
26.9116
32.7402
27.3472
29.7369
33.1584
21.5015
24.7177
34.3232
25.5778
28.2000
33.2843
28.2154
29.8212
28.0110
23.7859
35.2641
31.8145
28.6044
26.9181
31.2093
23.2060
27.5428
34.3036
31.6195
31.6434
26.7963
23.7564
27.1783
30.9599
35.8327
26.5117
31.4631
25.2298
23.8581
29.9889
30.9561
29.9793
29.0044
28.8345
36.8922
30.0227
29.8587
29.8274
31.1107
31.6231
28.0489
27.2945
30.7886
29.3942
21.4739
29.4077
27.7274
30.5534
32.5161
34.3294
27.5241
28.7338
29.8834
29.0689
25.3781
32.6722
30.8536
31.0138
27.1890
28.4636
24.0761
23.7476
24.0851
24.5735
26.9663
28.8980
28.4356
31.5042
28.7659
31.7627
32.2093
31.7712
23.8610
26.4337
25.4583
26.8660
26.4012
29.8376
31.9240
28.6740
25.2507
32.8064
32.6027
25.8465
28.4656
26.8354
29.6941
26.5769
30.4426
29.1289
27.2962
28.0538
26.7511
26.2947
26.0306
33.3255
24.0656
25.5170
28.9357
31.5364
25.7099
27.7074
21.5956
26.0205
27.0221
32.0526
30.8565
34.5469
29.4464
29.3916
32.4486
27.5001
30.4521
33.2980
33.0678
30.4184
32.9797
29.7168
26.6847
35.1587
30.6445
32.9595
26.2625
25.3134
33.0069
23.7954
34.0229
29.1698
31.0019
32.4727
25.1592
30.7150
27.9764
33.4476
29.9407
36.7469
34.6928
33.1321
29.7649
25.8266
28.0843
27.5781
30.5819
29.5007
32.7695
27.2292
28.3862
32.4528
30.1283
26.7454
36.6052
31.8043
30.2920
24.6388
28.7516
24.0699
24.9034
30.5459
27.7911
34.7584
32.4156
25.7079
27.9964
37.8794
26.4047
26.7279
31.0898
29.0946
31.8391
30.1184
22.9801
35.1738
28.5053
23.9104
31.3645
25.0857
34.9495
34.5884
27.7767
29.3140
25.8164
28.3125
33.1097
31.5025
27.9881
24.5834
24.7177
25.2159
32.6441
26.3658
33.1146
31.0854
22.5025
30.1934
35.3004
30.6499
33.5143
34.5917
34.1991
30.3622
32.2106
28.0112
33.3655
31.5645
26.5983
30.6759
25.0958
32.8498
36.8834
32.5989
25.6460
33.1373
31.4216
29.4223
34.5684
25.3144
27.9355
27.0871
36.3183
23.3182
27.9093
29.0740
25.1723
28.7720
27.6212
24.8154
31.6575
31.9655
30.7865
29.6744
28.3326
30.6417
36.5737
32.7520
29.4206
21.9178
31.0978
31.8148
26.7524
29.2403
25.6850
24.4626
30.7106
31.5402
22.6295
24.7556
31.2072
28.0521
27.4517
24.2628
26.4415
31.2544
24.5790
29.2990
31.9620
27.1140
25.5881
31.8839
26.2756
23.9064
34.0645
39.5395
28.0907
30.1126
28.0274
26.8184
25.0888
29.3007
25.9560
25.7529
32.4423
26.8747
32.7306
27.7588
29.2462
22.7924
30.1566
33.0829
30.2239
26.5838
25.7085
30.0667
23.1357
26.2582
35.6836
28.0278
20.0831
21.1371
24.5595
34.3319
34.2841
26.6774
28.2370
36.2857
26.3740
29.4480
27.3393
28.5243
25.8003
28.6618
26.2754
28.4351
23.4195
31.4824
29.7439
30.2867
28.7375
22.9041
30.5429
33.9519
28.3003
32.0544
28.7055
28.0438
27.6615
29.8029
26.5174
27.0765
30.1127
27.0366
29.5126
34.5252
32.2398
26.6841
31.3346
36.1188
29.5075
31.4746
28.7724
28.9290
23.2025
33.4345
26.2669
25.3265
27.9343
31.7320
28.3617
29.6963
31.9245
29.5669
28.4185
22.0376
29.9932
31.3330
23.8576
28.7069
30.5994
32.3177
23.7883
27.8624
33.5764
20.3008
34.8221
23.9012
27.3128
26.0671
33.7201
33.7107
28.2050
32.7522
30.4205
26.6039
24.0661
35.6467
32.3038
23.6296
27.3959
27.7105
32.4810
25.7562
32.8058
31.2766
26.0082
25.8447
29.2144
26.5256
28.9420
25.6927
27.6448
32.8700
31.6888
29.6869
25.2220
22.9749
23.2201
24.6314
22.7013
33.6093
23.9416
25.3478
23.6274
25.3314
25.1149
28.2270
27.2350
24.1783
26.3498
34.3776
23.1501
21.7934
32.6222
27.6520
22.6661
26.3682
29.1083
26.0157
29.5169
32.8645
27.2522
27.5208
26.6940
32.6033
23.0734
35.8812
31.6370
33.0868
28.6379
33.4414
27.1147
26.9430
30.7688
23.8462
27.8392
27.3886
24.8992
22.2922
30.8185
26.0189
29.0703
28.5992
32.9768
36.6707
26.4328
27.5919
28.8086
25.2131
34.0871
39.4560
30.0739
30.5940
25.4721
29.1406
22.4174
34.1979
23.9078
27.0934
30.8346
34.0525
31.6669
30.7931
27.9796
35.9397
33.9570
33.4347
29.3629
30.3384
28.3778
31.5482
26.7699
34.9872
30.8427
29.8823
26.6325
26.1714
27.7683
26.1441
30.0962
29.7495
31.8687
32.2049
28.5694
29.1727
26.4230
25.8169
29.6039
24.9771
23.3606
34.5934
26.9863
24.4381
23.6059
25.2699
26.9532
28.4619
35.4188
26.2626
29.4162
34.7794
21.8714
32.3850
34.6421
31.0741
29.0405
33.4151
27.0304
31.9918
26.6958
27.1040
32.2281
30.7826
24.4745
20.4524
23.8414
27.1896
30.5447
31.5080
29.1398
27.7925
29.2377
24.9255
27.0747
29.9151
26.1468
29.3528
24.3314
33.0882
31.2082
29.6703
31.9855
28.5375
36.6911
29.3957
32.5816
32.7617
29.3305
29.7154
32.4270
29.2692
29.8179
32.2780
31.0342
31.1230
29.8713
28.3482
22.1792
24.2109
26.1027
30.2088
25.6013
32.3778
37.5050
31.2240
29.5644
23.8832
25.9503
25.2721
30.1020
27.5368
30.2708
34.1115
37.3186
33.8491
35.9674
26.1454
28.4992
26.4432
25.9892
30.1737
33.6876
29.6579
25.7937
31.0101
31.8746
31.3641
28.0751
31.8354
27.2174
30.4674
27.8771
30.1357
24.0845
28.0794
30.4498
29.7844
26.0950
30.4766
33.3366
34.8872
24.4915
36.3707
30.7581
26.4920
27.9638
28.0517
24.4477
31.1205
22.7244
27.8769
23.1966
29.6813
28.5960
33.6853
28.9083
31.5102
35.8746
36.2222
34.3120
30.7521
26.2438
26.1908
29.4857
22.0718
31.2114
23.1061
30.9309
25.1488
27.8349
30.5154
27.7744
28.7395
22.9755
29.7993
31.2246
36.0827
29.8637
25.8102
29.8587
25.4776
32.5189
27.5394
24.9728
26.5316
30.4529
24.8873
34.3179
28.6144
34.5147
28.1593
30.5269
29.0945
24.3953
28.0113
34.1459
27.8394
30.0314
30.3231
28.0639
32.8051
31.2187
31.7639
31.5588
21.5244
33.6498
21.6813
27.8214
23.8083
28.0889
34.8283
30.4565
26.9117
30.7072
26.4337
24.9436
28.9175
33.2486
21.6023
23.7792
26.0705
24.1228
29.8386
30.8000
35.1377
24.4848
30.4227
33.6025
25.8311
29.6017
31.0030
31.2324
20.4330
27.7835
25.5663
23.2050
30.8005
31.9105
24.2929
25.8426
29.7422
28.6237
23.6355
21.9592
35.5750
34.2468
30.8889
32.3476
30.5316
23.4989
27.9412
30.8064
28.5914
29.8579
26.5690
34.7774
26.3734
28.9186
29.7813
32.0475
39.0649
34.2353
32.6042
26.8728
26.5116
26.4119
27.7457
22.4393
30.8660
34.2082
30.2686
29.4443
26.3949
23.7925
25.1929
33.4118
32.4020
23.3311
25.6911
25.1366
34.6168
24.0206
30.4736
21.7667
26.1428
31.2853
28.1922
36.4131
27.4009
28.9672
37.1333
27.0008
32.5572
23.7324
26.3663
33.2264
23.8253
30.4834
32.2494
33.8280
27.6647
29.2950
28.5001
25.5173
35.7839
33.6709
25.9191
30.8740
32.0335
30.8739
32.5428
28.5525
27.7981
25.4815
27.0034
22.9049
29.1907
32.1367
29.9014
25.1600
27.6263
31.4871
28.8645
26.5750
28.4886
33.1483
36.4126
34.1925
25.5468
28.1647
27.4138
23.0141
31.6004
25.2031
27.4255
26.5837
28.1064
26.8983
30.9486
29.1185
28.0846
27.6006
31.6971
30.0168
30.2102
30.7943
23.7536
29.7007
30.6135
24.8555
32.2413
26.9658
34.9253
32.1914
28.4879
35.8972
27.2706
30.5267
28.9062
24.0900
33.5368
29.1395
29.2504
23.6110
29.5886
30.0927
32.7238
34.0695
31.2933
27.1940
31.8310
29.5826
29.0073
22.2664
35.7233
31.6725
34.9167
26.3480
34.3461
30.9749
31.7685
33.2538
33.7239
30.0695
35.0317
33.8995
32.3127
24.7971
27.0574
26.9392
30.4200
30.2709
33.3588
33.3646
28.4548
26.0263
23.8914
27.3857
30.5448
27.6238
26.0983
26.3499
29.4189
25.5808
32.3676
31.7468
29.2354
26.8070
32.8410
20.1199
20.2855
25.1187
32.3710
31.1855
26.6523
25.8005
31.0865
30.6623
26.3869
24.9802
32.9429
21.8148
28.5788
27.5494
26.4554
27.7512
35.2414
26.3237
28.8009
36.0613
35.3018
29.5466
23.6081
31.0376
31.4073
31.0370
25.1106
28.2539
39.2072
27.9166
34.9848
24.7829
28.8685
32.6913
20.1938
35.1989
25.0640
30.0052
21.2317
26.3050
28.4937
25.4458
30.0098
31.1912
27.9267
35.3189
30.7293
32.2277
27.4523
19.6542
23.5366
25.2359
30.8932
34.0932
27.1641
28.2015
31.0392
31.0711
25.3891
25.8183
24.7368
26.9679
27.5436
22.7736
26.1965
28.5092
33.1338
27.3962
34.7748
30.7419
31.0486
26.2935
25.9995
25.1436
26.0765
26.5593
28.9687
27.4712
22.1310
23.9847
28.9375
21.1261
27.9427
29.7859
25.2240
32.6234
22.7712
31.6018
28.6761
25.5503
28.3503
28.5800
27.9625
28.4243
23.0292
28.6563
27.7397
24.6284
26.9344
27.9205
23.0942
27.6747
26.1498
29.9551
25.7141
29.8966
24.0219
30.5165
31.7203
27.7062
27.8309
30.4235
24.7676
29.0083
22.9560
24.8043
29.6400
26.6517
29.8836
27.2092
26.5233
26.7888
36.2252
24.6303
25.4031
25.4489
36.9145
26.1691
26.6444
26.7624
26.7213
32.1222
31.3129
33.4766
27.8849
37.5199
20.0346
26.4771
31.5794
29.7380
32.6716
32.2186
26.7123
27.2554
23.2547
25.2460
27.5647
27.2958
29.1684
27.6213
29.2578
27.7233
24.4255
36.7411
29.1025
26.6699
27.1897
31.0400
34.9562
24.9742
29.6088
28.6365
29.6210
27.0593
28.6621
27.0891
28.2324
26.8102
27.2241
26.6452
32.8148
30.4566
24.8889
29.6854
27.3600
34.2084
26.6357
30.5531
28.5536
33.1244
26.2080
31.8100
25.5886
34.0999
31.8650
28.4263
29.8504
28.7537
30.4359
33.8761
31.7429
31.4889
29.3878
29.8235
36.7285
32.8602
32.1708
32.6803
34.7867
29.7171
27.9904
25.4367
35.1392
32.5233
27.5373
29.3455
26.6799
29.1449
31.3025
26.9133
29.5575
35.6245
32.1716
32.7051
30.9175
28.8542
23.9012
30.5506
28.9536
34.6990
32.0410
25.6370
35.8161
34.0314
27.4378
27.8909
33.8125
34.5754
25.2588
32.6862
30.8002
30.4114
28.0874
30.2658
22.5418
27.1620
38.3987
29.4777
29.2336
34.2219
26.9198
26.3766
33.2046
20.9448
28.5117
26.6729
26.7607
26.9101
29.3892
26.9169
26.0251
31.0476
28.1856
31.1428
31.9361
34.4227
31.2576
25.6362
29.3507
34.7906
31.5376
25.8153
32.0717
32.1320
38.1939
28.7429
31.3351
31.1566
29.1370
26.3473
31.8924
28.3925
30.9095
31.2188
26.9011
22.0657
28.5187
27.0723
33.1951
24.5839
26.2653
29.6992
26.6182
28.9085
25.8219
35.7590
29.4425
25.5055
28.7094
30.4261
30.1890
25.0538
26.4432
29.5288
26.1553
24.3386
27.4465
35.3746
27.2939
28.8333
28.9320
31.7987
29.3975
27.1419
33.7675
30.3788
28.5657
28.8703
27.2688
27.9994
28.8208
26.2371
26.0801
24.2459
27.2270
33.1455
29.8164
32.2114
33.0688
37.0456
30.5263
32.2451
36.4452
31.4816
26.6514
26.6373
35.1391
32.6709
28.3690
27.9378
31.5679
28.4623
23.9613
21.0832
34.9149
19.8657
30.8546
30.6564
29.6105
25.9283
24.6141
20.5618
28.3598
32.8707
23.7393
30.4330
25.9651
29.2955
30.3651
26.9700
32.2042
30.2933
30.7481
27.7826
36.9457
24.8683
25.8094
34.8478
30.7207
25.3644
29.3630
30.9798
31.2361
25.4230
26.2611
36.1213
24.0880
22.4941
29.8220
33.5136
28.2703
25.3473
24.1016
28.1714
27.3399
25.6301
26.5819
26.6169
29.5045
29.3985
29.3868
31.6683
24.3786
30.1819
31.9196
28.2923
27.0206
27.8489
25.5883
27.9505
32.4239
32.6626
30.7138
25.6056
29.7910
30.8250
33.9405
28.7098
24.7143
22.6129
27.4774
23.6207
31.3045
24.7761
23.7189
31.4369
21.1812
26.5946
27.8757
28.3687
29.4987
28.0234
30.8006
23.6561
31.0844
31.9067
27.0886
30.0121
27.6237
28.8699
34.9773
32.8125
31.2163
32.2100
30.5396
30.5117
24.4084
24.3952
24.1450
28.1441
25.7056
22.0527
34.9423
36.0351
29.6516
25.4021
28.0897
29.9260
28.1048
23.6035
22.5724
26.7666
27.1320
29.4681
28.2190
33.0655
32.1113
27.2946
23.5121
32.5815
25.7763
30.1562
24.2118
29.5190
29.1816
32.0882
30.5524
28.3586
27.3810
23.6023
31.1246
27.5679
29.1287
27.5396
32.0630
26.5813
24.1615
34.1694
28.4645
32.3364
36.8237
24.1127
31.5345
29.6548
32.5398
30.8863
32.0596
28.3464
29.6837
26.4080
33.0181
28.5647
28.3363
22.8761
19.5126
32.5344
25.6112
29.3052
30.9994
36.7344
25.4952
28.5367
30.4835
31.8948
32.9652
33.0596
30.7163
29.0867
33.5442
30.3361
27.4379
34.9945
30.8251
29.2921
29.2831
23.6828
28.1329
34.9683
27.2435
33.7244
32.2333
22.3616
36.2369
28.1159
24.8141
19.8718
29.5835
27.8256
27.9456
20.4024
27.0218
34.8332
26.8144
22.7344
31.0416
30.3152
30.7356
32.2262
26.4546
27.8476
27.0493
27.2807
23.1040
29.1323
30.7473
30.8615
30.1408
28.6935
26.1595
28.8920
31.5747
33.6282
26.0348
25.4098
25.7407
28.3780
32.6555
27.0274
26.8558
29.8607
23.3576
25.5199
23.1237
30.5830
34.6627
34.9810
28.8486
28.4415
29.9241
30.0185
28.1954
29.4463
27.7985
29.5148
35.9153
32.6064
26.7323
32.9547
18.8728
25.8999
30.8218
27.1312
23.7342
31.7656
28.8445
27.4747
30.3745
24.6959
30.0119
29.5798
29.1041
28.7790
27.9751
28.5483
31.3630
27.3200
33.2116
32.1120
24.0283
30.7728
26.1172
25.8739
29.0329
33.4351
29.1410
30.8799
28.3391
26.3193
25.9994
21.6550
25.1827
28.3383
27.1311
22.8132
30.4447
36.3642
29.5986
24.2016
25.7626
24.8947
26.1591
30.7187
31.4077
24.4983
20.7705
32.2193
28.0428
26.2061
28.1729
25.9203
35.8176
31.5734
35.2627
32.4863
31.8202
32.7509
22.1773
30.2791
25.4667
26.9451
28.2534
30.4179
28.3730
26.5854
29.3194
34.0696
31.9498
23.8157
22.1813
28.6910
32.0116
33.0709
28.2626
32.1885
30.6188
29.2094
29.4257
27.3517
30.3510
28.9245
27.9415
29.9008
24.0320
25.1402
26.1580
28.9344
34.2907
38.4836
26.0273
32.0816
26.2522
30.6549
28.4921
23.0160
25.1298
31.3673
29.9458
31.1670
30.8723
24.7506
36.9504
34.4275
27.0816
24.1352
30.4659
26.6327
25.9749
26.3645
25.3583
32.9133
30.3755
28.7935
33.7713
34.3783
25.7301
26.0661
29.2795
27.0854
27.9991
29.4182
30.8615
30.5989
32.0014
28.2369
23.9997
28.5856
26.0497
26.1131
32.9019
26.6755
31.1175
30.1341
30.3435
20.4661
24.4261
28.9784
25.0168
32.8923
27.0727
28.2438
29.4200
34.4879
25.6768
25.8122
24.9589
26.8010
25.0969
28.5884
29.1333
22.9818
23.2289
34.5661
27.6451
29.4609
30.1612
27.5897
29.5206
28.7825
30.1413
26.8297
29.1265
27.3703
26.0688
26.3324
32.3548
33.4126
31.7213
34.1296
32.4918
32.1185
22.4235
27.8262
29.7475
34.4994
25.0064
24.5309
27.5254
28.2307
27.1432
27.6730
27.5630
21.6631
30.6421
31.6299
29.9492
31.1672
31.3437
26.7351
29.9651
32.1536
32.4397
31.1274
31.9640
36.7118
26.5932
26.0812
29.2982
32.8596
28.4699
23.5437
28.8182
27.8788
35.6149
28.0175
30.9451
27.7327
25.2430
29.4468
33.3813
32.8533
28.8157
39.0507
35.2945
26.5480
30.1755
32.0704
32.5244
24.0498
25.1357
32.7092
32.0305
31.7598
34.0637
29.7049
31.0243
25.7093
31.0503
28.8832
34.2196
35.4061
28.1107
28.2274
27.9238
36.3536
26.8364
28.5996
35.3163
31.5111
25.9152
23.7335
27.8449
33.6784
31.6082
28.9530
29.1336
33.7952
24.0853
29.0099
28.0836
24.0715
29.3613
34.6575
25.7519
33.6146
24.4740
28.0037
31.4965
27.7704
35.7115
28.8460
35.8041
25.9769
23.1985
35.2633
25.4586
24.0236
26.7980
25.1207
32.0043
30.9915
29.8104
26.9348
31.2793
31.0248
33.6027
34.0518
27.0576
33.7856
35.0472
30.5578
22.5742
27.8934
27.7840
33.2081
31.6372
29.5169
31.0131
33.6480
28.3568
24.0459
32.0965
28.1994
29.2057
33.3447
33.8025
33.8781
24.0194
27.5376
33.2451
35.5386
23.1553
30.0538
29.7631
31.3312
25.3906
27.9811
25.5574
26.2146
25.2202
31.5193
29.8112
26.5216
33.5193
29.5157
26.2889
30.1450
30.4144
29.0334
26.6302
31.6569
26.5059
27.7628
33.6085
29.7374
35.8049
25.8913
25.8378
25.5667
29.3656
20.0563
29.1081
30.5729
32.0741
27.7795
29.8389
30.2660
33.1997
25.4770
30.4110
29.3950
33.6760
34.8643
37.1529
28.9846
32.9471
30.2376
33.9124
27.0130
24.8238
26.5554
23.7803
30.1261
22.4076
32.1100
27.8074
28.7647
28.6662
32.5983
28.0000
30.2430
22.9707
28.8686
30.8545
29.1509
32.9298
29.8003
25.8043
31.8516
26.1444
26.0910
33.0583
30.8498
33.5657
26.1919
31.1096
19.3787
31.9249
28.7500
23.1741
28.1647
28.9769
29.9334
33.2611
31.5735
24.8129
23.7735
33.7578
30.7813
33.2700
29.7048
29.1607
26.6471
20.9235
27.8872
31.3639
31.0417
27.8710
24.9753
30.4025
26.1709
27.1823
27.4484
26.3251
29.6047
30.9324
30.1950
35.5762
23.8510
31.7372
35.5169
22.4045
24.1721
28.1293
29.8845
33.3026
31.2340
29.0575
24.2753
28.8729
23.4694
27.9885
29.3074
28.8959
32.8782
25.9749
28.6165
32.3771
29.3385
34.3683
36.0710
28.8499
30.1433
32.1684
34.1967
28.8557
26.2660
32.1021
25.5752
23.0855
24.7005
26.0332
28.4154
23.8291
29.9882
29.8219
30.7826
27.5929
28.2750
26.9972
25.4322
31.6838
32.2430
33.6405
30.4158
34.8779
31.9365
25.0786
28.6855
31.3429
25.2814
32.6216
34.7493
32.1698
24.2275
30.5167
25.3194
28.2754
33.0913
25.0726
30.2569
28.0848
34.9988
30.4510
28.8831
35.8885
35.1147
33.1318
27.8672
33.2178
35.0661
25.5083
27.3707
31.2873
24.6735
28.6149
26.0993
26.1385
31.2799
29.2549
32.9836
27.0033
31.4606
33.3559
22.0562
25.9832
32.3370
29.2981
22.6755
21.7614
27.7342
28.5415
29.6897
26.6161
25.8605
29.0821
29.6796
31.5795
31.9093
35.0821
26.5612
34.4974
27.7623
29.6511
27.1648
30.8094
29.8085
29.3074
31.7676
28.5437
36.6990
30.8768
30.9231
31.2991
28.0309
28.0609
28.6256
32.8894
25.5218
28.2795
23.0224
28.0901
23.8165
23.4501
26.5815
28.8612
23.5530
27.7055
26.6687
27.3706
27.6003
30.1858
30.1014
30.1480
32.4332
24.8042
27.1813
27.4252
25.2653
24.7177
27.4579
25.9544
31.6647
26.8477
27.9855
25.4393
26.4590
32.6248
27.0739
30.7445
26.1771
29.3966
26.7509
32.7272
34.7345
27.1965
29.5120
27.7375
27.8319
24.8348
25.6354
30.5136
31.5752
22.5550
33.7823
28.7808
27.7326
32.1397
32.4108
26.9628
26.5733
21.0886
34.1611
21.4783
33.9944
34.9171
24.2675
30.3769
28.4650
34.1223
21.1414
26.7864
33.6301
26.4957
30.8305
28.0909
34.8673
23.7832
29.8931
33.4703
24.8222
28.5289
25.1215
29.7376
31.8223
25.8873
32.8827
34.4889
25.8225
28.4451
27.2431
23.5783
29.2915
26.4876
27.9284
35.1353
24.0678
28.5736
27.6170
29.4315
31.9544
34.4184
29.2359
34.2173
28.3228
26.3959
26.6633
24.5028
23.5229
29.4719
33.4165
30.5702
25.4599
26.9166
29.9975
27.0475
29.4357
35.8103
23.5277
27.9320
28.2714
28.1237
26.4476
22.7114
25.2683
33.6898
32.1885
39.1496
34.5353
32.4122
28.5601
25.5395
19.9273
33.1158
27.5790
30.3335
28.6422
27.6828
32.1252
32.0088
31.5849
31.4967
28.0823
29.0267
25.6830
28.1615
29.2671
29.1488
27.9174
34.5579
32.1626
30.1541
31.4562
25.4814
36.5948
27.3871
28.0027
29.6220
27.1705
29.1783
30.1629
31.3933
31.5927
24.0380
26.2846
29.1014
29.0447
24.8709
35.8383
31.2354
30.1836
32.7497
21.6720
33.0048
36.3702
25.2450
27.1172
31.1092
34.9932
24.0764
27.6406
28.7905
30.5490
32.0183
24.8116
25.5020
27.5449
23.1482
29.0429
21.8696
24.5091
27.4494
35.3045
27.9994
27.2476
30.1120
29.2059
29.0083
32.3428
28.2858
35.1435
23.0219
33.9771
37.3290
34.1791
22.2826
28.3427
33.3080
25.6131
36.3021
28.0355
30.0570
28.2328
24.7613
34.0662
26.0046
21.8374
27.8603
26.2134
31.1104
24.2622
28.3147
25.4143
29.3257
29.0498
32.2270
37.2598
27.3805
27.3201
28.5653
28.9667
28.7757
32.6626
26.8214
34.1952
26.3435
24.5866
31.3780
34.5237
31.9619
31.7920
32.8043
27.3831
24.7740
26.5877
30.2120
24.4520
28.8609
30.0451
26.8558
28.7226
28.0576
31.1934
29.4722
30.3129
31.4656
33.5014
25.6327
31.1941
26.1480
25.5267
33.4514
33.3743
29.7004
30.6592
24.0823
25.3921
29.6988
27.6880
29.8776
21.5428
32.6288
34.6781
23.7985
25.7919
34.7703
20.6951
29.4047
21.6477
27.7003
31.4014
29.5771
31.4918
34.9028
33.3975
29.9193
30.1405
28.3573
29.5999
29.6575
28.0396
22.2088
31.1642
31.9020
28.2073
30.4097
27.0986
23.9697
25.8571
31.3377
22.7023
33.4063
26.9566
30.3320
30.4089
22.6096
24.7882
29.7340
26.4252
29.6258
25.7612
26.2400
28.8107
26.6404
29.1808
27.5808
21.8737
22.2893
26.2000
29.9801
29.7236
28.7782
24.8001
25.2572
25.4541
30.3228
29.6710
26.3281
22.0611
22.8810
31.0013
26.0564
34.8506
28.2026
29.4686
32.7488
32.6079
35.0837
31.3596
26.6527
26.4978
24.3480
28.1868
27.0977
27.8439
32.0363
25.6778
28.4302
31.0180
27.5246
24.5592
28.4958
32.8294
29.6280
32.4010
35.6402
30.0035
22.4514
33.6279
31.3575
27.2455
23.9784
26.6154
28.8043
26.2954
29.1834
25.3654
22.2180
25.5160
23.8634
22.8379
29.4557
29.7002
30.2420
29.8301
30.0634
26.7503
29.5123
35.5521
32.7661
32.2798
26.3067
26.1395
30.7284
33.0154
26.7688
32.8792
30.6675
22.9731
33.8683
31.9626
31.0144
29.9183
27.0568
32.0672
34.2578
28.0088
33.4078
33.4748
27.3869
26.2588
31.2167
24.2551
30.2286
26.1267
23.5993
31.7095
32.6671
30.4376
27.6834
27.1330
25.6892
28.1172
29.4979
28.3424
28.9796
32.8242
30.7488
26.5843
21.2985
20.8963
27.9224
29.5064
32.7090
30.0483
31.9034
31.1897
26.7028
35.1315
27.8583
32.3612
31.8733
28.9387
32.8347
26.6759
36.9856
26.2943
29.3956
25.8274
28.2516
25.5556
30.9890
26.0528
36.4224
28.5453
28.9884
31.3681
28.6321
26.8656
32.6501
33.5326
23.5179
29.7866
29.5477
30.5379
23.8879
34.4209
29.1194
29.1232
29.3339
27.0698
30.4830
28.5822
29.0727
28.1326
35.4634
25.1693
27.3864
32.7180
28.8422
25.6407
32.0773
26.7813
26.4113
24.0773
25.6649
26.4852
28.0986
31.1187
27.0215
27.4521
28.8762
25.7738
32.0483
28.8458
29.1255
38.8577
27.9877
28.7734
32.6352
27.7157
27.1913
35.8527
28.2192
28.4700
33.2436
27.6231
24.6602
23.4252
26.7866
29.7611
30.4862
32.1174
26.7175
23.0635
30.4111
26.6624
25.8646
24.4468
24.1998
26.7838
26.7539
25.3414
24.6822
29.6354
28.0471
27.6767
32.3105
35.4837
33.5005
24.5764
27.0790
27.7442
31.4609
30.4209
24.7252
23.8391
29.3357
23.9507
30.8998
23.1717
27.2268
32.2008
33.5643
32.0859
28.0195
27.3204
23.6491
22.5530
37.6528
30.8150
26.6911
32.3322
31.3055
29.9208
29.9153
28.9573
28.8664
28.5470
32.1516
27.9582
32.3796
27.4435
22.3166
26.6714
33.8577
35.8820
26.0890
26.6225
31.0047
31.2756
24.4037
25.6042
34.5744
28.5498
30.6230
28.1396
32.4486
31.4035
25.8642
26.4138
22.8389
29.7462
32.9841
37.4913
32.9640
26.2906
30.1909
29.5695
27.6515
24.4002
31.4368
29.8003
29.6799
26.8203
24.9544
35.2951
32.2662
32.4481
35.5821
22.7138
30.4257
24.1254
25.3880
27.6273
28.4358
25.9871
20.7803
33.2646
29.4858
26.5230
27.7802
25.7192
27.4175
33.5548
30.7376
34.9145
26.2456
31.6659
30.0524
29.7180
31.2431
28.1941
22.5012
25.2205
32.7834
28.9716
29.4066
34.4078
28.6604
34.9549
26.8193
30.7793
33.6461
27.9438
32.4080
34.7914
33.3652
30.8471
34.5276
27.8744
29.6193
28.5787
32.2327
24.8504
25.5690
27.7799
27.7853
33.5957
29.5757
26.8575
33.9399
25.5550
35.3417
30.3673
27.8545
31.8990
32.8020
30.8523
32.8129
27.0185
25.5449
26.6586
30.4452
23.4408
26.1904
31.8350
27.4544
31.6127
30.3182
37.8260
22.8108
25.4366
24.7136
26.9783
26.4061
30.2479
24.9329
28.8110
28.8973
27.9025
26.4240
24.4789
31.4372
29.9430
37.3350
40.0029
30.1534
28.3840
28.8335
28.0981
23.1556
26.2971
31.7486
29.5015
22.2678
30.0733
28.8524
32.2048
23.2479
31.6875
26.9760
30.8060
27.3202
27.9986
29.0383
28.0768
26.3134
24.9354
30.5503
28.6349
23.5796
24.2318
32.5582
26.1366
28.6222
29.3191
32.6577
27.0056
27.3259
36.5082
28.7103
25.9372
28.8630
31.7753
29.6109
22.4170
22.4684
26.5158
28.7267
24.6981
27.3297
31.3910
22.1938
24.8349
24.9342
34.0907
29.2620
30.3047
29.3942
30.8182
25.7035
33.2429
33.1601
28.1192
32.0062
35.4584
31.1859
27.9519
25.0616
31.5560
24.3298
26.7411
32.3073
25.6155
33.8861
34.0760
33.5955
26.2573
35.7190
22.7310
29.0090
28.4470
28.6891
30.2691
28.5457
24.2298
27.5515
27.5306
25.0747
27.9491
24.9752
21.2163
34.0918
28.7256
27.3748
28.5268
27.7375
26.8067
28.2173
35.8509
31.3657
31.5266
28.9141
25.5867
32.3900
27.2821
30.2612
34.5236
24.8008
29.8800
27.5422
27.7314
31.8001
34.3395
29.8524
26.6616
30.3583
27.4036
26.6448
27.6043
25.6839
30.1954
28.7856
26.0996
32.7091
28.8235
25.3417
25.5180
30.0642
28.4697
33.5118
36.0223
25.1887
28.1411
28.4097
31.8344
27.5221
29.2601
25.7612
36.9864
27.6895
36.2506
32.4309
26.8754
24.8258
29.4330
28.5630
28.7255
26.7086
30.2987
25.2318
29.4101
31.4378
29.9815
27.1038
25.7395
27.4127
24.5589
25.7701
27.6814
30.9987
32.3537
27.1100
38.2304
26.6068
33.9380
30.8430
24.1418
28.1003
24.3272
23.9750
26.4156
24.8722
28.2318
33.2379
30.3988
31.4302
30.5132
28.3811
29.2596
31.1476
25.6425
27.3604
31.5700
27.3233
32.7912
30.2848
27.6554
29.1757
33.7801
26.1919
29.4072
30.7264
31.7516
32.2292
23.3758
33.7834
21.9227
26.2422
25.0336
30.0146
37.7638
27.3899
27.8764
28.0822
31.8925
32.7382
28.1656
28.7234
34.9827
29.8721
29.6016
21.7489
38.9002
25.8094
31.1565
27.2221
32.8207
28.0980
32.0056
37.0032
32.2476
31.7985
35.4098
24.4575
34.2491
33.3925
26.4756
30.5697
27.1362
24.2734
22.2970
26.8838
29.6454
27.6454
26.0533
27.0589
23.2572
26.1260
32.8199
33.8967
25.1234
33.1209
28.1244
31.9151
22.4931
30.5218
33.4195
29.4776
32.1510
29.0961
28.2160
35.0485
25.5907
30.5686
27.3000
28.1990
35.3060
26.8219
36.0760
28.3481
29.5738
29.7483
28.5267
24.8568
29.0100
35.7038
23.6127
24.5742
29.1899
30.6188
30.0196
23.5511
23.3983
22.4496
26.0347
27.7094
29.1452
25.1212
28.0447
29.1211
25.6710
24.9599
27.7425
25.5316
33.2784
28.2790
28.0906
28.2181
27.9991
30.3442
24.9414
23.3030
29.0873
30.8999
36.1356
37.1105
30.3504
34.0322
28.3425
26.9724
26.3888
23.1826
24.5544
28.4482
31.6898
24.4953
26.6330
21.8802
32.0383
29.2261
36.6939
29.6905
32.6122
27.8937
31.5701
28.8828
32.0642
26.5858
24.9502
25.4530
32.0377
27.6296
33.1459
33.0857
26.9872
30.7576
24.2725
35.1769
26.9694
23.7978
31.0210
28.0981
28.1031
29.1433
28.1462
28.4775
29.8454
27.5936
23.3334
26.0314
25.1813
30.1306
29.9634
30.4239
39.3968
31.0128
27.7952
35.5206
20.1260
32.7245
32.0079
32.4418
28.9297
24.5484
28.1260
22.6455
27.0208
25.6425
33.0998
26.0145
27.5421
32.3936
21.9638
33.2227
18.5715
29.5017
32.1333
28.2346
29.6731
28.1096
23.6308
23.9338
30.0157
24.3276
30.0080
32.5423
28.5724
32.2191
26.3197
30.9102
31.4535
30.8592
21.5991
32.0411
29.2846
32.0640
25.8030
25.1947
27.3391
30.2935
29.9052
29.3561
30.1079
37.4049
30.2041
27.3365
25.8298
30.4095
23.4898
30.4602
23.3535
27.3552
35.0958
30.5872
31.8472
24.8119
25.1468
25.8297
31.4273
25.7315
31.8950
34.8825
30.0782
20.5749
25.0293
29.2500
31.8312
25.8977
31.7919
28.2183
34.7245
23.6131
28.6836
27.7439
28.0245
26.2108
29.1035
31.3285
31.2466
28.1611
22.5611
25.0667
29.8884
29.3186
30.4394
29.6039
27.4039
31.1634
25.7003
26.1506
26.5443
34.1235
25.5126
31.4472
30.9679
32.1147
28.2977
33.4972
27.9527
32.5909
25.9618
30.4748
28.8479
28.7686
30.7213
29.1899
27.7464
31.6946
26.7556
33.5571
26.7170
29.2409
31.6225
32.2534
23.8573
23.3257
28.9029
26.9131
28.2041
27.6246
30.0817
34.4956
28.6869
26.5364
35.1235
37.1550
31.8309
25.5791
32.4005
30.0691
33.0332
21.8115
28.2244
33.7302
32.9748
34.8377
28.4893
27.5505
33.6275
31.5244
29.3030
36.5844
29.7030
30.7937
27.2048
22.9671
34.4873
30.9458
23.4568
32.0716
29.2422
26.2197
32.0403
32.0400
25.3180
27.5093
31.8563
34.2310
29.5381
32.7591
28.9495
27.8771
30.4683
25.2820
27.9475
35.1752
28.4851
26.5774
26.4939
37.0128
30.5362
29.4215
29.7946
31.1379
28.1928
29.5847
31.9732
32.0774
22.3941
28.3051
32.0129
26.0903
26.9365
29.7398
20.7755
29.5468
30.0847
27.6376
27.0656
32.9297
33.7424
37.3186
27.0094
23.6724
27.5724
27.7653
32.8398
32.6247
29.8124
35.6050
32.1233
34.2194
29.1161
33.2529
25.6686
35.8305
28.1745
25.6366
26.8409
31.2466
22.2206
33.5782
30.3906
26.8421
35.4740
31.9943
36.5819
28.2716
31.2934
31.9206
32.8456
26.1867
29.7634
30.9134
28.8788
28.2558
24.9639
21.7635
27.0164
34.5555
29.8050
34.5188
28.0683
32.1700
22.9893
24.0766
33.2685
35.5234
34.3165
24.8380
32.9368
27.3812
29.5710
29.9856
29.1380
33.8218
30.2252
25.7457
27.4693
29.7661
27.1178
35.0703
29.8096
27.5142
31.4737
21.8585
26.4987
33.4847
26.6912
24.4090
37.4648
34.3718
30.0996
26.7689
26.3013
26.8147
28.9619
24.1546
32.8845
33.3266
29.0513
30.1852
24.3786
28.0873
28.2521
32.0426
34.1443
30.7669
25.0354
28.4115
29.6142
25.9857
30.6719
32.2690
29.8644
24.8620
27.1308
28.9019
34.8344
33.0186
29.2231
29.6689
31.9587
26.2020
26.2322
28.2099
30.8655
25.9277
21.2435
23.7485
22.3258
30.8449
37.8784
32.2675
29.5214
26.4211
28.1158
29.6291
26.6747
34.6639
30.5013
28.6208
27.3829
35.4696
31.3632
26.8131
30.1994
26.8342
22.7792
34.9650
29.9141
25.6639
25.1354
23.5315
31.9117
34.0766
32.9596
24.9595
35.9990
30.2213
29.7079
27.0683
34.1110
26.7694
23.5475
27.1199
30.9094
35.8657
32.1966
30.7524
25.7474
26.4207
30.9229
31.9130
36.1537
30.9529
28.2748
24.8581
22.9288
27.7606
24.4535
25.1593
21.1044
26.6627
31.0145
30.1315
29.8985
29.1585
34.6652
26.4650
27.9475
30.2648
25.1486
35.6947
26.4898
32.3745
25.5059
30.0815
23.8941
27.8122
29.8114
27.4522
24.5823
27.3113
34.8593
28.9901
30.5346
30.2368
29.2009
34.6272
25.7581
31.3241
26.0111
22.4983
28.8472
31.8219
28.7152
25.6239
30.0249
30.8656
29.6166
26.6049
33.6172
31.0555
32.3369
24.7378
32.9331
26.3726
32.8565
28.9240
31.5348
26.4675
26.6368
29.6933
26.7213
27.3628
35.4504
33.2329
36.1977
33.8919
29.8194
27.9068
34.3128
26.5050
23.7387
28.5416
24.2005
29.1520
26.6773
30.5676
27.4426
28.9058
26.6932
26.2050
30.6862
26.4475
29.0715
27.9589
28.9397
31.5705
29.8109
36.1033
23.5855
27.7614
27.0986
25.9518
26.2577
25.6895
26.0591
30.3740
33.4416
29.2279
25.4249
27.6472
34.0431
35.4060
23.9855
27.9967
25.8295
33.3735
30.7474
29.4148
30.5166
35.2951
30.4217
33.8387
24.9742
30.2313
27.1226
30.6687
25.5245
22.3720
22.5266
29.6066
19.4445
30.9108
26.4935
26.5416
27.9618
30.3457
28.6696
28.3327
25.6441
33.3131
31.0853
30.0492
33.3075
33.2166
30.6148
31.5938
25.0184
26.6868
27.5388
25.8656
29.0585
30.4151
29.7033
36.2822
36.3174
25.1183
28.7913
23.4627
33.5434
26.0143
22.4675
23.5630
26.1791
27.1224
33.1793
29.2009
24.4714
29.2512
22.1580
24.4032
23.1104
29.7229
25.4709
35.0815
30.0968
35.0407
30.5574
26.1030
24.4689
24.6240
35.5622
29.4762
31.8117
28.1535
33.9786
28.1237
26.6394
29.1881
25.6396
25.4134
29.0863
29.3710
27.6235
32.3762
28.6656
27.9475
31.7954
26.4551
26.1773
25.3239
25.2068
31.2356
28.7023
27.9735
26.1298
31.5668
27.2144
28.7646
28.1612
32.1197
27.6738
28.3363
27.1724
33.1917
27.2286
24.2120
23.2165
28.4269
29.4715
27.4691
24.7711
33.9785
34.9654
34.1891
28.4920
29.5804
33.9809
26.3759
29.1576
32.1734
30.0760
23.4499
28.0319
29.7073
27.4415
24.6441
27.5113
21.4998
25.8605
23.7798
22.5272
25.0734
26.5458
34.0245
31.6942
24.1884
33.2484
32.3665
26.2664
27.6992
33.8203
28.5207
32.9028
26.6473
28.4924
27.5496
33.3138
29.5664
33.1212
34.2683
30.7256
30.7348
28.7223
26.5301
32.5771
30.3544
28.6433
29.1492
23.7390
26.5113
28.2770
29.1572
29.3625
30.0074
29.8283
29.4401
29.3087
35.4977
25.7585
24.5724
26.3745
27.3671
31.3722
37.1507
27.0120
23.3859
26.5796
32.2610
29.6513
25.2948
23.4824
37.9155
38.6404
23.9519
28.7091
28.1205
27.1976
28.1415
27.1945
25.7222
32.7216
33.1475
26.8555
33.8106
25.5742
25.6276
35.6709
27.7463
22.9389
28.1716
24.3102
28.5539
24.0498
29.6507
27.9875
20.4589
23.8114
29.1490
33.8879
29.5179
28.1715
26.6130
22.5493
28.3755
28.8733
32.9455
29.8193
30.5440
32.2515
29.6547
25.7938
28.0166
34.9654
25.0494
30.2955
28.8054
28.3725
30.8864
24.2154
27.8803
26.1988
26.9587
28.8875
31.0671
27.7017
29.6988
24.9771
32.7236
27.9830
32.7162
30.9093
33.8704
30.9975
25.6983
32.1573
26.1179
27.3989
26.0356
27.8272
24.5446
24.5772
31.6539
31.4905
31.5390
24.2473
32.3564
21.3384
26.6992
21.7498
27.9913
32.4135
32.1105
28.3355
29.8814
30.9300
26.5963
29.0362
29.4871
26.5084
29.0503
25.8918
32.6294
28.2287
30.2176
26.4153
33.0556
27.3002
32.2683
28.9439
31.8875
30.3048
28.6423
32.2704
26.5705
29.0424
32.1633
33.7321
28.9411
31.6996
30.5812
25.1627
22.4503
24.8615
30.0371
23.9007
28.5128
28.1219
33.3148
34.6393
32.9274
27.5220
26.4532
33.5161
29.8216
29.9110
30.0844
27.6659
31.1402
31.8151
28.1775
26.2316
26.8369
29.1896
35.4898
28.3278
29.2871
24.1779
32.1959
24.4577
23.0178
25.3248
32.9365
33.9491
30.3353
33.9068
31.7495
27.2110
28.7736
24.0747
24.6198
26.9035
32.9829
28.8283
32.8168
23.8325
38.9983
35.5321
26.8854
29.5496
30.2279
26.1247
34.1692
33.4587
28.7194
22.2594
33.6822
25.1472
32.6187
31.0707
29.4451
22.1810
29.3737
30.1295
29.4213
28.2312
31.4015
24.3444
25.6952
32.9738
29.5224
27.5918
36.4761
28.9650
32.9642
31.4181
25.0695
26.4672
29.2342
31.8426
31.2587
29.2072
29.8341
26.5508
35.7753
30.4765
23.1725
28.9468
35.1729
27.7752
28.4766
27.2567
30.5468
29.6035
21.8840
22.9241
26.9254
23.9247
25.8740
29.2511
28.5244
23.8421
26.3033
28.9616
29.6377
31.7496
24.2361
28.9519
26.4309
30.9302
33.5011
24.4807
23.8381
23.6594
31.5754
33.5230
30.5492
30.3139
26.4103
29.5193
29.8546
31.7268
33.5526
26.4719
30.9576
27.2451
30.1997
30.1461
29.0524
26.7863
29.5276
24.8023
27.3596
31.6142
28.2465
25.8327
28.9693
25.6274
24.5717
33.3655
32.0688
24.1357
27.6333
30.6213
28.7119
32.3554
32.9432
30.9100
33.7306
29.8362
23.2572
36.7521
27.8515
31.5715
32.0267
23.6665
28.1643
26.9659
30.6427
26.1671
33.1101
29.6873
28.0839
33.6863
27.0188
28.0319
33.5359
31.5985
32.0067
23.4880
23.5581
23.5533
25.8543
29.7849
28.1966
34.5756
35.6174
30.3209
25.5387
31.8045
33.3826
28.8756
30.2898
29.4840
24.9092
29.1212
26.0988
22.0081
31.2931
27.0877
24.8399
22.9446
28.3405
23.6545
23.8532
27.9765
22.6922
31.9896
33.0462
34.5933
28.7550
35.2806
24.5856
27.4005
29.1713
30.1784
31.1598
33.6479
28.7126
24.1224
26.1280
29.5142
26.4171
25.2895
32.5458
26.0730
35.7626
25.2742
30.8861
27.9182
28.2180
26.8104
29.0340
26.8230
26.7186
30.8599
25.1741
29.4560
24.2321
31.1923
27.0191
33.4019
32.9544
21.9259
29.4767
31.2503
31.0505
35.5037
27.9699
23.9400
27.1487
25.8043
29.9106
23.7737
31.3743
34.5019
31.0263
24.9789
25.9675
23.5681
30.4276
23.3649
22.1604
30.4900
29.1566
27.9970
27.6019
34.8369
28.3680
34.2981
21.0167
26.7885
33.4391
35.8283
31.1722
31.4664
29.1122
28.7792
29.2289
31.6631
30.1766
26.9702
25.3123
28.8928
29.3738
29.8465
22.9227
29.2294
31.1204
27.8539
32.8737
29.4857
21.6447
33.8264
35.1778
27.4776
22.0645
31.6918
27.8582
29.4980
34.8400
35.8255
30.3663
28.5869
26.5170
31.4991
24.9477
30.4019
25.8638
26.4462
31.4759
29.8265
29.9396
33.3299
26.6072
28.6617
33.8926
24.8347
27.0377
28.8403
35.0932
31.1063
23.3963
28.4687
28.7492
29.3647
31.9936
30.4537
32.4762
33.3265
30.7109
30.9698
25.9592
24.1520
27.8064
27.1961
29.3483
24.4252
30.7245
25.1444
24.2942
25.6372
31.9082
31.6952
26.2038
27.8758
30.6706
29.6940
36.3537
28.4890
21.5426
33.4971
24.4621
33.1372
24.5773
27.3885
26.7574
27.8055
31.9185
31.8628
20.8947
31.5846
20.8518
23.0973
25.2342
27.4358
30.1819
35.2961
28.4395
28.8351
34.6430
25.2828
24.9677
20.3957
27.9420
26.9274
35.8001
34.5866
24.3875
21.9660
24.9322
28.2141
25.4114
25.8554
26.7262
26.0280
31.4207
28.8863
28.4613
28.7916
26.1739
25.8078
26.1146
30.0721
38.8435
24.7987
24.4776
32.6612
26.3024
26.1905
27.3388
28.5569
24.6165
27.1827
26.7450
29.3670
32.4327
25.7400
29.0445
27.0672
29.3477
36.1347
35.8274
34.2466
33.1543
21.6142
28.3215
28.4640
31.1863
24.7171
31.3790
32.1514
27.7475
25.1036
29.1109
22.9899
30.5990
29.8324
33.7215
32.4264
34.1390
31.8650
33.2620
28.9885
31.5964
25.3415
25.7667
30.6176
33.6620
22.7229
28.6801
32.1411
27.2270
25.7669
26.4943
23.1173
28.0130
28.9749
28.6524
32.6857
25.8449
26.4511
32.1446
29.8587
33.9901
21.3748
28.2432
28.0397
24.6946
32.5447
30.8242
36.7838
29.7523
30.8123
30.0391
30.1150
30.5548
31.7375
23.3245
27.5059
30.0485
27.9534
28.5541
33.8849
31.9144
29.4944
31.0348
27.7565
30.4804
26.9967
36.7252
27.9653
27.4135
28.5960
23.3995
35.5007
24.6169
29.8990
29.8341
28.9030
32.3810
26.9192
25.2703
25.7899
24.5634
29.7788
28.4719
26.1894
28.5103
32.8466
31.0703
27.2365
32.7239
23.7166
29.4968
29.9839
30.4104
33.3534
30.5197
21.9246
28.8454
29.1261
31.7903
29.8605
30.1636
24.7026
27.9742
23.9511
26.4237
25.8134
29.2453
33.0045
32.0491
24.5325
33.4961
26.9604
28.8061
23.5462
31.8325
24.9161
19.5992
23.4995
25.8758
28.3561
32.8523
29.5356
26.3185
23.7464
30.0827
31.0908
31.9265
29.5186
31.2479
22.6174
34.1424
30.9965
31.8693
26.6825
29.9182
32.1631
25.0967
32.1407
26.1631
27.6489
32.1631
30.9642
34.4023
27.7362
25.7721
24.3659
27.6963
21.4699
23.5552
31.4553
30.7393
28.0717
25.3470
26.5663
32.5227
27.2193
27.8207
26.7764
23.5817
32.0046
28.8772
28.6621
29.2344
25.7044
22.8611
28.8284
33.8238
22.2306
33.1570
28.1805
29.0987
30.2474
31.3178
33.7079
33.0961
30.8816
18.9181
26.7731
34.9129
31.0024
28.6533
30.8836
30.4715
29.7541
29.4513
34.8003
23.7565
21.4848
20.8067
28.9154
27.9821
27.0285
29.0879
25.1465
25.3160
29.9703
33.1928
36.0841
33.0559
29.4273
28.3293
30.8566
31.3289
29.7556
24.6733
25.7216
23.4042
28.2478
25.5032
32.1265
31.5165
25.0687
27.9237
24.3064
29.2644
37.8969
32.9244
30.5463
32.9809
31.4777
25.5417
23.8029
24.6280
25.3245
30.6900
23.6161
26.0478
34.9011
26.2117
25.4288
31.7878
27.1037
32.1932
27.3941
28.9882
35.0466
34.7532
28.2474
31.5372
26.3146
26.9260
29.5747
29.7766
31.9168
35.8368
28.0280
29.6843
30.0684
30.0373
24.2651
31.2883
22.4858
24.4985
24.8288
31.7598
23.6499
28.0721
31.5979
26.6698
24.0634
32.7887
22.2737
30.9010
27.3490
28.7244
26.6276
29.4703
30.8979
35.4253
25.8602
33.5549
35.4077
28.0232
29.5422
33.9608
25.0249
24.3428
24.9577
28.9487
29.3155
23.8256
31.2686
35.1373
24.7329
27.7640
25.2891
29.9784
23.1133
34.0583
28.4686
23.7572
25.5766
29.4574
36.2256
41.0660
30.7316
29.5617
27.2980
31.2669
29.7297
25.8149
25.7518
24.6856
31.2949
30.5902
30.0409
32.6367
27.3294
31.8197
28.9705
26.9551
22.9273
26.5763
27.2944
33.2050
32.7492
24.8663
23.1993
27.2708
31.4315
29.3211
27.7837
28.0657
27.9701
30.4811
32.2438
28.3043
30.7375
32.8411
28.2194
23.8742
28.2542
22.5446
27.2306
26.5430
32.3755
24.7429
26.6093
31.5215
34.9544
30.0124
26.3280
28.8232
33.5944
26.7760
26.0876
31.3769
28.0498
29.2320
36.8235
30.7989
31.8403
30.4787
27.4871
30.5752
31.8319
30.7043
21.7660
25.1811
30.9922
27.2127
23.4367
29.5313
26.9683
25.5151
23.8625
24.2192
25.4636
24.5632
22.6798
34.6089
26.8979
29.7555
29.8382
31.8119
32.0667
28.4143
27.2008
34.7818
29.2178
27.6420
25.6176
34.6044
32.4325
31.9488
29.0601
31.8865
30.5124
32.8247
31.4439
33.1456
25.1866
29.4078
26.3787
22.7685
27.7927
27.2593
32.3692
32.6909
28.7441
33.6576
27.1054
22.7740
32.3470
33.9257
29.0076
28.0122
31.9423
27.6736
32.2657
33.5516
30.8406
29.5278
29.6342
28.3191
26.9848
32.7852
27.7852
30.6151
30.5277
27.2036
27.5859
28.1780
24.4008
22.8874
31.2403
28.0129
22.3137
28.1946
25.6495
28.7732
25.5652
30.0256
33.4091
31.5333
29.6853
31.6047
25.9561
28.7324
28.6865
25.6219
28.8118
28.5144
30.7741
27.7731
28.4390
26.2013
28.0034
36.4261
26.8293
28.0624
29.1047
25.6611
24.2461
28.4987
28.0437
26.7919
23.1835
30.9997
29.1142
25.3582
24.0957
28.1600
27.6250
27.9882
34.5784
27.6711
25.6823
28.0221
30.6540
27.1773
32.5563
29.7921
27.0564
30.3168
29.5838
31.0339
30.4910
33.4719
27.2242
32.4632
30.1400
30.8747
23.1326
24.9074
29.7745
30.3988
34.6938
22.3403
33.7298
31.6464
27.6122
30.8736
23.4315
26.8461
23.7730
34.8828
25.7449
23.4460
25.6720
30.9502
29.1339
27.1707
20.2116
28.4542
34.5845
30.8722
36.1675
27.5252
19.5081
28.1038
26.8759
30.4097
27.3867
33.0929
29.6807
31.3360
28.6452
31.5423
29.9886
26.4613
34.2126
30.6496
24.3121
32.9619
23.4451
30.0384
26.3976
33.9506
26.9903
23.5377
35.7950
33.5761
28.7764
34.0946
27.3404
25.5364
37.0349
34.6807
35.8274
29.7759
26.3796
27.5624
20.8526
20.1360
29.1946
29.6314
28.9956
27.2755
28.8484
27.1300
24.6849
31.1525
25.8524
27.5763
26.3888
36.2824
24.8132
27.2103
30.8235
33.1310
22.8295
36.3140
28.1386
28.1980
30.6431
26.0183
24.5098
34.2059
24.6053
21.5723
36.2806
26.0518
29.2475
27.8827
24.7652
22.9711
29.9168
31.8050
28.7244
33.4743
32.9369
29.0866
25.1361
29.3109
23.1446
29.2518
25.7410
30.7091
27.5140
28.6761
23.8735
27.2757
31.4011
33.1659
37.1583
35.5622
28.9857
29.7556
28.8021
32.3288
25.3006
29.2058
29.6843
39.5428
30.4516
28.9786
27.8811
34.2585
30.6121
29.0814
28.7876
28.9124
23.4465
30.6291
36.1229
29.1770
29.4912
30.6058
31.7726
26.2332
22.8378
24.5843
31.2446
28.7996
30.6507
26.9796
29.6424
27.7765
25.8795
34.8208
34.3878
23.0218
26.3292
21.5839
31.0324
36.8651
31.6932
32.7765
25.1447
26.5094
25.5754
28.6030
23.3214
33.6534
30.2519
27.9006
30.8957
24.2984
24.6860
30.4496
36.1033
28.2769
24.8464
27.7519
31.8731
28.3762
32.3135
30.0966
32.8224
31.0920
27.6778
29.7819
27.3406
28.9834
31.4971
29.6915
36.9261
23.0079
29.5813
30.1997
29.1787
32.0630
31.9466
32.8719
35.7840
26.9809
25.1219
23.5606
27.8714
24.6259
33.2413
30.8290
30.2491
30.6223
19.4031
27.1196
23.3803
29.4765
35.0200
31.0968
27.8332
27.8883
30.4698
28.8761
20.6206
28.1903
26.7580
35.1484
29.6410
25.6585
26.7682
28.1537
29.7867
27.4550
26.6347
28.0692
27.4417
27.9116
26.6251
27.6336
27.9503
26.1156
31.0627
21.8460
24.2013
33.7739
31.6277
24.8746
27.2467
23.6028
25.7973
31.0417
28.4873
33.5059
25.9903
19.9311
30.9609
25.7007
20.4577
27.8309
24.1579
34.5647
27.0693
27.0164
26.5903
30.1968
26.4806
30.9327
31.1919
24.6826
29.3108
33.0479
31.6492
36.3107
23.8557
29.6437
28.6080
31.7103
29.7780
31.8263
27.7894
23.6355
33.4105
31.7822
25.4864
27.5652
22.8596
26.4224
22.5387
28.6281
36.7500
29.2982
27.2763
26.7686
29.9479
29.2965
29.1826
25.8338
28.1927
22.8020
31.5346
20.6784
22.7151
33.9644
34.3648
30.9770
28.1408
27.9265
30.2664
26.1073
36.1614
29.3385
26.1243
30.4590
28.2594
28.3662
24.4996
30.3625
28.8115
27.8269
27.4477
24.3155
29.4935
31.3436
26.0763
29.9404
28.7437
26.9059
27.5168
23.6061
33.5925
30.8038
18.6816
30.4626
32.6257
21.5975
27.0139
31.1260
29.2351
33.0244
27.0185
34.5317
35.0952
25.4912
34.8955
36.0830
25.5239
26.1650
27.9967
32.1018
26.8374
29.3665
24.7481
32.6022
23.1007
30.2774
25.4686
28.0284
29.0622
26.9755
27.2970
28.0965
30.9615
32.2467
29.1869
34.2308
23.3460
30.7684
28.4763
24.9630
26.0669
26.7236
31.3962
24.1409
22.3351
30.1457
29.6974
30.6883
28.2455
31.7718
31.1894
28.1720
30.1042
28.1304
26.7581
33.1445
27.8400
28.6380
29.0209
31.4826
26.5454
26.4460
35.5033
25.7252
26.0877
25.1891
30.2668
25.7707
27.9797
32.6821
28.4671
28.7298
31.4298
27.0767
28.3478
36.0420
26.0282
23.9286
28.9243
26.9678
24.1732
27.0343
22.6637
29.3055
31.8692
31.8884
31.8525
22.7630
26.6748
26.6152
25.9678
25.4320
27.5741
26.2208
23.7238
28.3650
24.9965
32.5458
27.4130
28.0863
23.4647
33.4441
27.2039
22.6663
26.5822
34.3113
28.3249
25.1624
33.5210
36.5202
32.6916
33.1841
23.0773
28.2592
27.6840
30.1497
28.8593
26.8679
25.6362
26.0536
25.9137
32.1110
32.1020
33.0951
29.0486
25.3312
27.8854
27.3305
30.4924
26.1464
30.4383
26.8942
26.1832
33.6655
31.6998
37.0555
29.4303
33.0426
31.4732
26.2019
26.7015
28.9066
27.0057
21.0708
26.4828
27.8569
31.2695
25.5424
25.5249
26.8444
33.1765
28.4431
26.3251
27.8878
36.7770
29.4174
30.9822
25.6123
31.1882
36.0808
35.7878
27.2557
34.3519
35.5504
27.7662
31.7239
24.7401
21.1073
29.9631
28.7806
28.7230
24.9788
27.3659
21.6819
29.5388
26.5715
33.9115
32.2634
24.2991
30.0682
29.3615
30.3820
26.7898
25.0934
28.0903
23.7802
28.0527
24.4252
26.9007
35.5022
34.4187
25.6586
25.8819
30.3159
33.1126
25.9466
32.0642
32.8044
23.3525
30.0658
31.4708
24.1482
36.2220
34.9642
25.7879
34.6466
32.0061
26.3133
28.1451
30.9986
31.4946
29.2288
29.0906
23.0818
26.1079
20.0409
32.6645
23.9752
30.5322
25.9830
31.0591
35.1260
23.0857
34.6409
31.8817
28.6480
25.0119
31.6034
23.7193
30.8778
37.6471
29.4287
25.1893
28.1013
34.8267
31.0829
34.0672
33.7143
31.1691
29.1199
33.1824
29.8779
26.6206
25.8692
26.4159
31.7939
27.8292
29.9875
29.2155
29.5355
28.8177
35.7732
29.5941
30.6042
31.1424
24.4002
27.5986
30.0127
27.8269
23.3633
30.7106
30.4113
26.0718
24.2003
30.9991
25.1079
31.2246
24.2167
29.6201
26.6619
30.4180
31.8190
32.2384
29.4814
38.1346
32.6605
27.5301
29.6253
25.5614
32.0009
27.6523
22.9044
35.1099
22.1480
24.9402
35.4637
32.2510
30.1662
24.9748
26.7917
29.3297
23.2477
30.0438
24.5235
29.9412
28.1901
35.6747
26.4387
24.4778
28.5990
23.0972
32.6384
25.2178
32.2043
30.5985
26.9938
33.1760
35.5229
35.9770
26.7685
29.4173
30.1040
33.4538
33.1224
25.2446
33.1333
32.6342
23.5363
32.2397
28.2397
26.5957
24.2225
23.9722
25.3964
26.9883
30.2579
29.3857
28.9819
27.0810
25.0790
38.3989
30.3754
25.2581
20.2240
25.6727
31.0975
29.3836
22.0256
24.8400
29.8074
31.3826
31.3898
27.1153
25.9573
24.7034
21.2100
27.5047
26.2443
28.8023
28.6628
29.0624
26.9476
31.6514
28.7591
23.3530
22.5319
24.3749
27.6587
28.5792
30.8882
34.0513
30.2211
34.7719
25.0641
29.5717
27.5870
24.4876
32.0737
28.5934
34.2391
28.9001
22.5775
28.8026
21.6197
29.6369
25.7911
30.3414
31.4297
22.3655
30.4391
29.6874
30.5100
25.9536
23.3253
29.5569
31.9925
25.9575
28.5717
30.1972
27.3921
22.6985
34.4960
28.8869
34.8963
33.0601
29.2930
27.7313
26.8918
32.0143
36.2811
27.0057
32.3224
31.7304
34.2993
34.7339
24.7612
22.1905
28.8559
25.0068
28.1274
25.5636
32.3874
27.7337
29.4567
23.2450
30.3889
29.2619
28.3551
29.5637
32.3711
28.1252
31.7127
30.9203
34.5984
30.4074
30.3212
28.2377
24.6592
26.5678
35.9189
22.2127
29.1669
25.1442
28.9716
25.7535
32.3059
30.1788
27.3224
31.3622
29.2754
29.6400
28.4995
23.7617
27.3702
26.7689
31.4343
32.9681
26.8452
20.4134
34.8605
29.3580
27.8589
26.5304
27.1610
24.9737
30.0374
23.4190
27.9257
29.2886
24.7656
26.2915
31.7863
23.8611
32.6093
24.1847
27.4722
28.1990
27.4904
25.0169
26.9670
27.8433
30.7565
24.2592
31.4981
33.2419
30.7376
21.9261
23.7972
31.6630
27.2288
21.8090
28.7195
27.8891
32.2588
29.3151
27.3671
25.5702
29.9642
29.1816
27.4017
30.4178
28.2315
26.9844
26.0793
31.4229
33.5558
33.1326
26.6673
30.2864
26.1869
30.9685
33.8403
26.5961
27.1425
27.4136
26.8387
26.3529
29.3648
28.7734
26.0500
25.6584
23.6490
27.6887
29.5041
27.4998
23.5529
25.2819
28.1082
27.5473
27.0164
26.2795
34.2032
28.0742
24.7900
34.3985
25.7672
30.1336
26.3212
32.4168
35.5710
19.5389
34.5171
27.5589
26.3618
24.8108
25.7156
21.0069
31.5070
25.2143
32.4722
25.5542
22.5158
32.3955
26.9047
30.6701
30.4349
26.0285
28.2156
34.8079
28.8175
31.7986
35.9986
25.9459
29.9881
29.5819
29.8706
28.5657
32.9274
33.7818
29.9015
27.5957
34.4067
23.6504
31.7637
32.7545
26.7312
24.2655
30.7244
24.9048
24.1120
24.0006
30.0798
32.0672
30.9402
33.3344
26.5854
31.4788
33.1341
28.8949
27.7940
21.1354
29.9741
23.0396
28.2401
23.6133
27.7754
27.5322
27.4675
34.6322
29.1102
26.7255
27.3435
29.4928
25.1694
31.7911
28.1734
27.3098
23.8873
30.9698
27.2837
27.5588
26.3009
24.8383
27.9706
34.0791
27.8024
33.1571
31.7056
31.8350
30.8691
27.6837
31.4349
25.8769
22.6005
32.7429
33.1554
30.9032
30.2196
25.2852
29.5211
20.8798
31.5422
25.4055
23.8580
32.0548
30.8792
30.8659
27.3750
28.3038
29.9637
27.3506
32.6947
18.8363
23.1185
29.3867
26.2501
30.9490
28.5066
33.3045
33.3633
28.5288
35.2969
30.1226
31.0745
28.2998
35.8590
25.0895
23.0160
28.6483
30.4242
26.9807
26.7779
27.5690
28.1219
26.6547
28.7791
29.1227
31.1880
21.9785
25.7039
26.4337
29.3765
27.5303
30.4047
25.8536
31.6944
33.0496
28.1203
35.1066
30.5338
34.5284
19.9307
28.9727
34.4120
31.1718
35.8176
27.4822
24.7252
32.7102
26.8837
22.1901
26.6231
29.9991
25.7032
22.6257
32.4142
25.4866
26.0706
33.0739
31.9446
29.4274
31.2942
31.2030
32.7222
28.7574
32.2411
29.9448
34.1330
22.6684
23.8474
36.8532
31.7705
30.1240
21.5902
18.3672
26.0475
24.7852
26.2194
28.6496
29.4273
31.3606
35.4518
29.0837
30.8007
34.3845
29.1636
28.6199
31.4908
28.9174
25.3600
27.5407
24.6862
26.0908
32.2041
26.2892
25.2527
26.1029
29.3898
21.1099
31.6195
29.4522
33.0114
29.3539
25.9666
30.2134
26.9459
26.0215
26.2119
26.4717
27.9964
29.3645
32.1905
32.9649
34.3265
29.9821
30.5867
31.0217
31.9613
21.8999
24.5304
31.8060
30.9890
25.2959
29.1529
20.9005
30.5351
27.9002
21.0525
29.4127
32.6953
26.2281
33.4173
28.9515
31.3977
30.9183
24.9871
30.0769
25.0668
28.9699
27.2389
35.7768
39.5018
24.5197
27.6907
29.6893
24.5379
24.7015
28.7196
29.7291
24.5214
27.8544
33.4008
27.5320
26.5521
26.3468
26.0722
30.5893
23.3778
31.6264
32.6821
29.4877
32.2483
38.2977
31.9348
29.5450
26.2142
25.4481
29.3820
27.9374
27.2248
30.3095
31.0978
29.5530
27.2417
28.3062
22.9919
25.5962
32.6264
33.3073
32.8285
27.7347
26.1394
28.8632
30.4595
27.6201
32.3065
29.2283
32.8080
33.5521
25.7010
29.2523
27.1673
23.4023
35.6416
27.3647
28.4893
32.4503
27.4019
28.0231
33.0280
30.2677
32.4009
35.5657
29.6577
30.8428
29.2039
28.8555
31.4617
31.2928
34.8540
29.8536
29.2226
22.3130
24.3402
24.4609
28.2625
33.2107
32.4882
27.6079
33.4904
29.0683
35.4574
35.8059
29.9217
30.7504
28.2255
28.0554
32.9944
30.5350
27.9752
26.5210
33.9283
33.6731
27.9236
34.1929
27.2360
20.4054
31.1631
30.1828
26.3204
30.9182
29.0100
28.4701
32.2283
28.7322
25.7885
27.4849
24.4812
32.5587
34.1153
28.5776
28.8644
29.1822
30.6205
31.3165
31.7935
26.6529
32.0754
30.2455
28.5370
33.3629
31.6044
29.2868
35.2641
27.0333
30.0010
31.2272
32.3285
26.1873
25.9404
29.0564
33.1648
27.6371
27.1719
30.4744
28.9254
26.1368
28.5039
24.7729
31.2930
31.5272
28.3835
31.6317
27.4459
31.1398
29.6408
33.6574
26.6431
29.0304
27.9089
30.0754
30.6649
29.9785
30.9548
29.8600
33.9123
26.0232
27.8024
35.4363
35.8540
32.2207
26.9997
32.7682
31.7288
27.6148
26.3214
34.4178
23.5296
24.5272
33.2218
25.6689
25.0503
27.1551
35.8628
28.3150
26.9645
26.4324
26.7584
20.6174
22.6488
31.4328
32.7163
30.2863
28.5753
25.8385
24.2453
28.2531
34.5020
28.8974
26.2938
28.0076
28.6318
34.5894
31.5697
31.6531
33.3116
25.1941
26.6133
32.1138
29.3800
22.3483
30.7495
30.8131
25.1449
30.5708
22.5987
31.9837
25.3273
27.4613
30.8303
33.0283
24.4448
25.5596
24.3110
32.4211
30.2135
28.0678
26.8307
32.5148
28.3388
31.7980
33.9076
23.4475
30.2354
39.8271
25.9491
27.0073
31.8187
30.4850
25.4241
25.0043
26.4000
27.9815
26.2349
23.5889
21.2573
26.7236
22.2240
25.4791
26.8878
29.6433
32.6299
30.0381
34.3725
26.6357
21.4433
29.1715
33.3060
30.0364
31.1204
31.8140
26.7149
28.0788
29.9666
28.4882
27.4258
25.4956
32.6847
31.3410
22.7372
26.1715
28.2354
29.5721
23.4898
26.5277
35.1585
31.1481
28.2975
23.2493
33.0120
32.7221
30.2472
32.7514
28.4712
29.7890
32.6879
28.6141
29.1996
34.7067
33.4650
30.2284
34.1060
33.2560
33.4126
31.6874
27.3646
33.2817
27.5888
28.2680
29.2134
29.8637
32.2904
28.7333
32.8450
30.9126
27.0070
23.1776
29.0715
34.8742
27.1369
34.7409
30.4698
29.3591
28.5339
34.7125
28.1524
29.2882
27.4971
24.6223
29.9354
27.2544
28.2519
30.8013
30.7464
35.6582
22.3525
24.7161
31.9282
25.4605
30.8067
25.0415
38.5854
32.4872
33.5473
30.9319
28.2077
28.8157
29.3542
30.9014
28.5259
28.3138
30.1845
26.0006
33.0923
30.7599
32.5219
32.2053
33.5916
29.6443
29.3596
22.7275
27.5614
28.4990
25.7879
33.2082
27.0228
25.8898
35.2214
29.4866
28.5090
33.4607
32.5705
26.4252
26.7288
29.1565
27.8201
23.5230
30.8802
33.1879
34.1601
25.3751
24.2409
32.6518
30.1639
29.4676
24.8317
34.2216
28.8203
28.4670
33.6800
30.6465
24.8850
29.2280
32.2076
28.3680
22.5575
29.4602
31.2742
25.2745
33.1029
29.3410
26.9604
34.0259
27.9307
25.6323
24.0445
31.7497
31.7782
26.6278
30.2852
29.9681
24.7173
23.8329
28.2413
32.4246
31.4934
21.1132
29.7440
25.4065
21.8629
28.5358
28.7494
31.2502
23.3376
29.1021
31.9204
27.9604
27.1892
32.4626
22.8980
31.4981
21.3949
32.5481
34.6564
33.7771
34.0877
26.8749
34.5758
29.6955
23.8737
27.8321
26.9092
29.7488
33.3156
30.8981
36.3575
35.5150
27.9749
30.1869
27.2129
26.9365
34.9969
32.1883
26.8769
30.6261
33.0518
27.5162
28.0665
27.6734
31.7710
33.6868
22.8584
29.1150
25.7647
29.4004
30.9091
29.9796
26.3570
31.1198
26.2216
28.6046
34.1592
31.0016
34.7326
21.9848
24.7389
32.9347
30.0386
29.6795
25.9140
30.3360
31.5999
31.8041
31.1824
27.7695
32.0430
29.1454
30.6739
31.3477
34.6353
25.1026
33.6851
31.9757
24.4022
28.4431
34.1630
30.9534
33.3797
35.8436
31.8676
29.6283
30.8114
33.4623
27.9452
29.7823
26.0131
31.5061
29.4933
21.6036
27.9806
33.1518
24.2168
33.0578
26.2728
24.8706
33.1946
31.7173
27.2180
26.1291
30.6442
32.9550
30.1120
23.6496
26.0488
27.6930
25.2153
26.8108
30.1942
27.8753
22.1846
22.6977
29.1417
31.3585
30.0363
37.6901
33.4764
34.4318
34.8519
32.4286
26.1254
25.2815
31.1722
29.8118
30.8938
28.3543
31.9355
32.0992
29.7833
26.7308
34.7353
28.1488
32.0879
24.8812
26.2208
31.7220
26.5620
22.6333
22.4160
27.9409
28.9779
28.8633
25.9510
30.0870
27.1974
30.3776
33.1435
29.3215
28.0643
32.3093
33.5257
30.2446
30.2960
30.4142
32.0530
32.6595
27.5017
29.5108
29.3241
28.5928
25.9057
23.5522
25.2023
27.4151
29.8475
28.6375
29.7154
29.4585
24.9173
22.0754
30.9138
27.8172
30.9523
30.3611
37.3901
30.4991
32.4171
30.2823
30.8695
26.0919
27.0677
27.6801
24.9064
30.5699
31.4832
31.8244
28.4233
31.4892
25.7366
27.8154
27.2044
28.2691
25.2588
29.0622
26.2348
30.8369
36.3423
22.2958
25.7355
26.4012
32.4290
25.3359
32.1683
29.3796
32.2304
34.6329
27.9814
31.7852
27.6013
28.7687
29.5986
27.8428
29.9258
29.2949
36.1046
30.7477
28.0010
32.2642
24.1434
24.1838
31.2570
28.8836
27.9837
34.0665
29.3923
26.1125
31.8746
27.2613
22.8830
30.8727
31.4502
29.1037
26.8504
27.7628
33.7204
29.5434
28.9143
30.2711
28.0931
27.4751
28.3900
29.2420
31.1462
34.5648
29.7821
26.8289
33.0043
29.3917
25.5940
31.7604
27.7583
27.6721
30.3920
27.7579
33.3963
29.1310
29.0837
24.8628
24.3292
27.0192
25.6982
26.4971
31.4573
25.6095
38.2330
35.3681
31.8743
30.4314
32.7862
30.9556
34.3352
25.5674
27.0934
25.3725
30.1400
24.2457
31.5549
25.9531
30.8820
35.9099
26.8325
26.2947
36.1711
27.0376
29.8576
30.8398
28.8095
36.7969
29.0614
27.4057
26.2644
34.1454
27.5624
23.2787
30.2629
32.5283
32.6138
33.0529
27.9506
32.7816
31.4599
25.3923
27.1369
30.9985
25.6814
32.1842
31.5192
27.6998
30.4633
32.8573
26.0711
28.1513
31.7857
23.5117
28.5288
33.7259
27.7472
28.1407
31.0325
27.9574
25.3913
32.5981
36.6879
36.1930
26.5208
24.8817
30.6519
31.9842
25.4130
29.1483
21.3915
26.5552
28.2454
30.6670
30.5737
26.9793
29.2573
27.7475
33.4979
25.6482
28.3502
33.2564
27.1318
31.1127
27.6468
27.6196
36.2357
31.8269
26.5608
22.7198
31.4721
25.5582
32.3604
30.2360
27.0853
25.1001
25.8973
27.8090
26.7444
28.1372
25.6749
31.7048
27.6019
23.4075
23.9300
31.5635
30.5375
27.7735
27.2741
24.8519
27.1769
35.5055
27.7843
29.8638
30.6343
25.5285
22.3845
25.8348
30.3945
22.8726
29.2660
30.3534
28.3498
32.1391
33.5925
32.5447
34.1406
27.9262
32.9674
23.9576
30.8905
26.8981
26.0389
23.7288
27.6291
30.9861
31.4839
29.3886
26.1554
31.1079
34.2837
31.2183
22.6238
26.5291
35.4715
25.0041
30.9073
33.1899
29.7218
32.1992
25.1922
24.3822
29.4192
32.8997
30.7148
29.0785
27.4982
27.4888
25.6962
33.3012
32.0777
32.5753
27.8757
23.3068
34.0969
31.2430
28.9971
24.5828
36.1143
25.6834
33.0548
33.0743
28.9973
31.3371
26.8787
26.3920
34.0006
22.6300
23.9206
25.3159
27.1351
23.6289
33.6399
25.8445
31.0425
25.8771
29.5327
29.8720
33.2341
28.8713
32.2808
30.7499
31.1041
25.8991
24.7413
28.9446
32.6156
30.7823
28.9511
23.2601
30.1190
36.2896
29.7794
27.5356
35.6011
24.8867
28.3003
22.3161
23.2890
34.0789
27.5519
31.4696
23.8868
25.5590
31.5045
28.0863
30.2275
34.6929
34.2048
27.9771
22.7731
28.1185
26.7496
26.9148
28.2626
30.0567
29.9997
29.8153
26.6747
27.3966
24.1474
23.9936
35.7854
24.9176
31.5661
28.3414
26.8392
27.4026
30.2267
26.0155
33.3722
23.0360
36.5017
25.9698
28.0204
32.0811
28.6312
30.3893
28.2378
33.9870
22.2414
25.9958
29.1759
30.3248
32.6440
29.2936
28.6491
33.5526
26.5406
28.5831
29.5542
35.0185
28.9095
28.1821
32.4429
31.4620
29.5543
33.0254
29.8432
37.5288
27.1754
28.5109
26.6637
24.2898
30.7619
27.1110
26.4401
24.2339
30.7862
25.7573
28.6720
27.3054
33.8730
30.2391
22.6065
35.2373
34.2965
30.1878
21.4096
28.5395
26.4110
23.8273
24.3364
20.7875
22.6652
26.9865
31.0635
27.1263
33.7786
31.8703
28.8105
25.2831
23.3620
29.9709
25.0879
26.7211
27.2622
24.8728
30.6408
31.4880
26.7777
27.8307
24.6254
27.7934
31.3228
25.6509
21.4968
23.4332
32.4707
30.9226
27.7820
35.7494
29.9883
26.2443
27.9961
35.0852
35.4918
28.8734
24.7108
28.6823
27.3833
27.9925
28.8164
33.9667
31.6982
32.6627
29.0044
29.9913
27.0711
32.1837
30.0614
29.1371
27.9971
27.6214
25.2063
29.0456
31.5305
29.7951
29.7605
33.8105
32.1338
30.6109
24.1425
28.5775
31.1862
32.5699
32.8540
30.4495
33.2504
28.8448
33.7545
27.6760
26.6278
26.2506
31.5853
33.6360
27.8187
26.0406
34.4126
26.0172
25.8367
29.5827
28.3443
35.6355
34.5029
23.9222
33.3455
33.4052
27.4169
27.5049
35.0427
23.0679
22.6495
31.4574
20.9374
34.0710
29.3684
32.0430
28.3959
25.9872
37.7603
30.4564
32.7494
32.8272
32.1143
28.5149
39.2566
28.8601
28.4708
30.5430
31.4541
25.0265
32.0344
23.2361
28.6995
32.0300
30.6904
36.2417
35.1250
25.1996
32.1782
31.4528
22.5203
28.6905
34.6155
24.6559
29.4384
31.0406
25.9356
29.1518
27.4455
31.2151
22.3510
31.0499
31.5215
29.4194
30.1250
22.3418
32.8286
29.3521
23.7774
29.0581
26.5855
27.4563
34.7377
24.2221
18.2288
30.3024
31.4201
29.7775
33.3145
30.3723
31.1702
27.5489
24.2520
27.0144
32.3484
27.8273
25.7586
31.3235
29.2912
25.3096
30.7161
31.2440
29.6160
30.8356
26.7042
27.3219
32.5722
28.8170
28.9794
28.4441
25.6524
35.7571
31.5973
28.0645
37.6089
23.6936
34.1366
24.6679
27.0990
28.2649
27.0267
32.2577
31.3415
28.0856
28.0270
34.7023
27.2964
30.2598
26.7676
30.0417
31.2818
32.2697
27.4048
27.3550
26.9051
30.1432
32.3585
25.6962
27.9808
35.0765
31.5039
25.0939
25.7720
28.3017
27.2026
33.9956
27.4315
30.8215
25.7494
28.5121
33.3204
27.9133
25.1335
27.4657
31.2922
28.7671
31.7047
27.3468
28.3523
26.6240
24.2448
25.0520
28.4359
30.4611
28.1290
29.9833
36.1811
24.0717
26.4846
28.5537
29.5767
29.8092
30.5118
29.0761
24.4673
31.0677
31.8061
27.6851
29.1563
31.9650
30.7391
29.8661
29.2014
30.3101
34.5636
30.8907
28.0064
31.8415
25.8127
22.4075
29.9087
29.1430
23.7312
29.5707
28.7576
30.6882
34.8252
34.0423
29.0333
27.8863
33.1659
29.8030
30.5401
31.7414
23.8106
27.3832
27.2468
24.7692
28.1447
30.7554
31.1021
28.8905
30.5857
29.7486
32.6329
28.5143
28.0409
33.2521
28.6141
28.4119
28.2400
28.2757
25.9791
31.5854
34.8478
35.0125
27.1375
33.1027
32.4066
32.0360
28.6029
25.7000
33.8609
33.7076
32.8188
26.0766
29.8006
31.7864
27.1403
30.0217
29.9134
29.7691
23.7073
27.4469
26.6338
28.3072
29.2937
28.5037
26.8968
25.6200
31.0616
23.5650
22.0086
33.1795
26.6539
28.8990
26.9273
28.9708
27.3206
31.1494
26.8575
31.0814
37.9710
33.6997
25.4746
25.0630
26.8234
31.1474
24.1769
24.5283
31.9039
22.9668
32.2966
25.0090
32.5243
36.8608
28.2428
28.5091
27.5998
25.1912
31.3480
30.4798
24.3409
25.1448
29.6977
26.0936
24.6626
25.9645
21.4693
28.4046
24.9688
25.8378
28.7068
29.3893
28.3422
29.6215
30.9285
32.6289
29.9209
32.3825
23.2092
24.7934
28.9792
31.5688
26.7219
29.6614
27.4024
30.4990
30.7436
29.8675
35.4160
28.2682
24.5635
32.4134
29.8385
35.2035
31.2910
31.2495
35.5146
25.5820
28.8044
32.3787
26.1854
31.8773
27.7531
28.4868
26.3520
29.1194
30.9871
23.7649
24.0370
30.2532
24.9185
26.7926
27.5738
27.4326
29.4078
30.8890
32.7896
27.7354
28.5634
31.7806
31.0062
26.6596
27.7261
25.8569
25.2803
31.0424
32.4139
26.9408
24.8532
33.8983
24.2384
26.8537
30.8336
35.4793
31.1809
21.5759
30.4504
28.3673
28.0797
33.3285
29.4907
32.2410
29.7822
31.5497
30.8891
31.8726
30.8535
26.5595
31.6333
34.1597
32.6244
32.7285
32.3489
30.0195
28.4539
31.0096
28.7306
35.8190
27.5392
35.2907
24.1559
35.4227
29.0624
34.4255
36.6176
27.9623
32.0547
25.9697
21.3655
30.9349
26.6905
25.2793
24.4238
29.2721
28.6219
25.1457
25.5906
29.8482
28.3267
28.8545
23.6136
29.4194
24.2621
23.5181
29.0597
25.2799
34.3169
32.4229
31.6777
23.0258
24.9955
24.4183
27.5419
32.0088
27.5002
32.2405
26.3589
32.3981
31.6286
23.3927
30.3655
30.1620
29.7579
