Orientation_Correlation_Function
0.5368112606018816
0.32992992566417756
0.20579182264051918
0.12892735571902886
0.08113621999036072
0.05098827196574549
0.031974392043096524
0.020228558650988306
0.012903939793757821
0.0076861552558857025
0.005113427998114227
0.0034327477017368135
0.002658404346974045
0.0019643843993753275
0.0015635514373463228
0.0014991988321050303
0.00146878350901894
0.0013559209788937005
0.0009866930328408974
0.0007363338743536587
0.0006403640530324508
0.00026324514484183357
-3.982891553442944e-05
6.377460265401169e-05
0.00024824949947646624
0.00034501556501238763
0.00013585309114001574
-7.87274495853732e-06
0.0
0.0
Avg P-P distance: 5.483638105867808
