19.1435
18.0694
17.8022
18.6597
16.5115
19.7029
20.6222
27.4746
21.9646
19.7240
17.1776
29.7390
23.8096
20.9389
25.7739
24.5472
25.4274
20.7891
31.5695
25.0525
16.7132
15.0770
21.0916
19.0888
20.5646
25.8961
27.6682
22.1219
17.5429
21.3181
22.3031
18.2806
20.6216
29.4505
28.2924
25.5998
23.0926
24.6469
27.5548
21.0352
21.0934
26.6914
25.0984
16.6729
21.6987
17.6037
21.0216
27.0356
21.8693
26.4218
16.6580
26.8631
21.6991
22.9680
21.4064
25.0115
19.3750
23.9028
25.8920
22.7332
19.7334
23.4686
17.5146
22.8199
16.4313
24.8495
19.0773
17.1125
23.3819
26.3579
28.7734
27.0367
18.7321
17.0291
26.5713
28.2723
23.9950
21.2126
28.6716
24.1273
20.2203
24.4111
23.7891
22.1011
20.4215
24.9618
20.9816
18.3113
17.7237
19.4085
29.2402
19.4435
24.9510
17.4660
21.4156
27.1931
19.8342
19.0095
30.3951
16.8631
18.2783
23.9832
17.0107
17.3191
24.2550
27.9394
18.2492
22.1009
18.1391
22.2540
22.5045
21.2429
23.2262
21.3882
22.6212
26.0374
18.2427
19.2000
30.2189
24.0335
18.5979
26.3230
22.1225
24.6634
21.4851
14.4374
15.9114
19.7209
25.6230
26.7254
19.4755
23.8683
19.9670
16.1783
24.0913
21.9837
28.1752
31.7301
21.0750
26.1700
21.8891
23.0953
28.4715
28.5932
23.7713
27.9971
19.8576
21.7775
20.3822
24.4777
17.0512
22.0545
20.4216
25.0944
25.7544
17.6233
14.2610
19.7170
20.2397
21.2038
20.7539
23.5578
21.0060
22.8629
29.8369
16.7469
24.6402
20.7382
26.6225
23.0329
27.2091
24.2335
17.8349
30.3681
22.2899
35.0366
29.8336
19.3621
30.9271
17.1745
19.0020
22.4936
25.9255
16.1767
21.3840
19.4023
18.3105
28.0156
21.5346
29.2979
22.0339
23.5679
23.8985
29.6095
22.4951
28.1386
20.9313
24.7751
16.6316
22.3460
18.5246
31.0735
29.2214
26.2470
16.8754
29.1479
21.6292
20.9688
16.6702
28.9232
28.3779
30.7856
23.8492
22.2475
19.7144
27.2875
16.4839
19.8886
19.5163
20.4288
19.7651
20.2200
18.8992
25.8113
25.0129
21.0975
25.7116
19.1334
21.1352
27.6561
19.2664
22.5046
20.3189
19.6412
20.0814
23.9172
19.8912
28.4131
19.3389
24.1883
19.9968
15.8926
21.7751
18.7141
25.7658
21.3414
23.1108
25.5513
18.6950
19.8065
22.2816
22.9938
21.0862
24.3474
29.5145
26.4209
26.1469
17.5433
20.4019
29.6754
21.6423
24.8199
20.3511
16.7179
28.9198
32.5652
24.8628
17.8103
24.4669
29.3366
19.0470
28.4432
22.7167
22.6421
26.3983
18.5926
20.3430
22.2882
18.9405
19.8360
26.1991
30.9341
22.2564
21.0545
19.3490
24.3445
21.7763
24.3216
15.7289
23.9880
36.3759
26.4877
29.5016
24.6152
24.0977
20.4531
22.1459
31.4573
30.3341
21.7962
19.2396
27.7810
20.1188
24.9943
18.1049
16.9201
21.8210
21.9137
21.5767
22.7679
17.1256
19.2634
27.5869
18.4313
19.8852
20.5244
23.2381
24.5908
18.3902
32.8138
20.1698
20.4188
22.7581
20.6046
16.4639
22.4216
24.0598
20.7073
23.8038
20.0845
22.6218
20.5726
18.5088
23.4378
29.6588
24.2555
22.5484
16.7901
22.6157
25.8390
22.0953
26.0799
21.7048
20.6821
22.5348
15.3403
32.7927
17.2766
27.2498
21.8505
22.5742
26.2945
19.4059
21.6591
22.4673
22.8066
22.6119
29.1398
28.9648
26.1166
29.8395
20.7980
27.3500
21.0847
28.0684
20.3074
18.5801
28.9180
20.1175
24.3662
19.1325
16.9655
17.8149
22.3442
18.0690
19.7811
15.3067
25.9076
25.2771
18.1968
21.7701
16.9954
17.8859
31.5319
24.1527
32.4104
20.0492
19.5775
24.6221
24.7225
27.9305
23.0806
21.1793
30.2044
20.0105
20.3519
21.0990
18.9154
17.6281
16.8499
17.1071
23.3673
26.0654
24.9529
25.6010
18.3815
22.8362
19.1055
22.6618
24.7895
21.5126
24.0483
33.0089
21.6113
23.5619
15.2841
25.6446
22.8167
23.6565
23.4240
19.0340
17.7084
20.0366
20.2595
18.0204
22.7608
22.5489
16.7190
20.0397
20.3792
18.5738
21.5128
21.2569
23.9005
18.4268
19.2565
17.6506
26.6244
23.6456
27.8375
25.3504
21.3848
22.1641
19.1455
28.5968
25.1396
21.7219
24.7154
18.8152
18.4341
27.6131
23.8398
27.3653
23.1599
20.0598
25.0902
14.8809
17.7557
19.5055
24.5266
19.9234
20.0178
20.3984
30.8275
27.8987
31.4746
29.9250
22.5652
20.9337
22.2944
16.5166
26.3029
24.8228
23.6204
22.3946
27.7329
24.9964
21.6730
22.2684
25.1041
25.4068
19.9814
17.6887
16.3175
16.2100
19.2939
18.2633
27.3161
22.5974
23.0533
23.3423
23.0763
23.9149
22.7599
23.6377
20.8221
26.5661
19.8649
18.6734
24.7007
17.9825
26.8963
20.3354
17.9307
22.9303
19.1875
27.5490
19.2980
17.9604
21.0545
20.7541
19.7978
25.8846
29.9468
19.5084
25.9169
19.4309
19.7971
16.2228
19.0498
28.6439
24.2551
24.4602
19.2115
24.0066
23.4924
23.2141
21.8779
25.8705
20.4126
19.6755
25.5138
22.3011
19.0748
29.5067
28.0077
19.8950
16.2366
17.9584
26.4918
22.6359
24.6621
28.1795
28.8188
20.7272
29.4206
20.1908
23.7910
22.1892
26.9660
18.3591
24.9790
19.5995
23.3488
23.4173
26.0372
28.3840
26.0978
33.0795
29.1211
16.7314
22.7181
21.5202
19.8956
23.0451
21.6712
28.4295
22.1490
21.7177
16.8551
19.6547
22.0540
24.4578
32.1542
32.1620
25.3008
24.9125
23.7079
31.6660
21.4530
22.4034
27.0347
18.1629
23.3280
29.1528
20.2622
18.6833
21.1779
19.6814
26.2949
22.2827
29.2567
19.0135
22.1916
26.2772
26.2678
22.2938
23.3498
29.7361
27.5600
26.3634
24.4175
20.0446
20.1072
22.5784
27.1982
22.3664
17.7535
28.0090
18.1554
28.8290
23.3511
20.7156
26.0511
18.4102
23.7027
21.6648
27.1766
22.2010
23.7407
17.5161
33.0372
23.9594
16.7290
17.3102
22.3671
20.4033
27.7344
21.4456
30.9381
18.6834
19.3646
18.1953
22.3169
18.8867
20.1014
19.8735
26.8644
20.7346
18.7012
20.9276
18.6613
18.3558
19.1037
18.9185
31.9883
33.2234
27.3748
22.7679
20.1873
34.1905
19.2046
20.4690
32.2391
22.0459
17.4974
18.1372
23.6000
24.5542
29.6202
26.1503
20.4459
19.3864
18.0046
30.2565
21.1777
32.3817
16.9226
25.0440
27.5172
24.6349
22.4780
23.0614
20.6467
20.7717
26.1548
23.7177
19.5923
25.7986
19.4704
23.8350
23.5343
26.5186
33.8586
21.9380
26.5621
18.8416
27.7117
24.7624
19.4279
21.3984
31.9944
21.1965
20.9060
28.1736
23.8678
25.6639
23.5165
28.9057
17.3926
22.6128
21.0267
24.2052
26.8665
22.4484
24.2100
24.3680
18.0528
18.7142
27.8099
23.5497
20.2281
16.6793
18.5004
21.5841
21.7532
23.9952
22.2311
18.9542
27.7021
30.2022
22.5934
20.0067
20.6255
22.0432
19.6138
23.2354
26.7128
28.3089
21.1053
21.8484
26.7130
24.2481
24.4295
19.6883
30.2690
19.3489
18.6863
30.1110
17.3345
20.5591
22.4499
20.6640
22.5077
15.4677
25.8347
28.1178
27.0237
32.0641
24.6369
21.2954
23.2649
20.3183
25.2446
20.3564
31.4757
26.7905
30.6455
30.3402
29.0399
23.2566
21.0998
29.9888
34.7893
21.2649
25.4977
28.2250
18.3842
26.0885
18.9821
24.0283
29.5549
20.2622
24.3275
24.0199
20.2374
17.9905
25.6462
21.7386
25.3829
16.4249
19.3143
24.7211
26.0578
21.1629
18.8114
17.7542
25.6905
24.1364
27.6942
18.8661
21.9155
17.6905
22.2231
23.7199
19.9889
21.3099
23.7274
33.6820
16.3226
22.2271
20.0853
28.3242
27.9403
20.9702
22.3189
17.6563
20.5179
27.2618
22.2464
21.3770
25.5233
25.4385
24.5737
26.4263
24.8923
28.9585
32.7897
31.8137
28.5848
22.5736
28.0926
17.7870
19.9050
21.8259
19.6703
34.8613
26.4207
21.0160
24.4215
20.8301
16.0299
31.0020
26.4787
22.4941
26.9320
22.6588
21.5708
27.3202
19.8962
17.3488
25.0731
19.5247
23.4614
23.8340
17.5580
23.9904
30.0733
24.9684
26.8776
20.7159
16.6673
22.2311
18.1126
25.1874
26.2936
18.8683
20.7542
19.1501
32.2424
23.2114
23.7672
26.8874
24.8582
28.2417
19.3520
24.2727
22.1967
24.6121
17.8649
27.5138
28.4731
16.1901
17.5048
19.5894
29.4559
29.4151
26.0117
24.2667
22.8675
29.1717
18.9894
21.4534
21.0736
26.0854
25.2486
17.8780
19.7584
28.8279
23.1249
22.0897
20.6201
27.3552
18.0628
16.5451
24.8672
18.7588
20.8393
15.3980
29.6316
23.5080
21.9684
18.9299
16.9781
22.7330
18.2233
19.1418
21.7045
29.6822
26.3025
24.6954
29.2542
22.1940
23.9605
27.7941
22.9616
22.7327
20.2967
28.8246
21.4654
23.9873
29.9579
18.1410
24.5084
16.3035
26.0953
26.6807
20.6280
23.4852
23.8976
19.5673
26.4642
24.7500
24.3369
20.3379
18.6391
22.0593
24.9835
20.0883
22.6338
27.1050
15.3436
22.8862
25.1586
26.0175
19.4667
21.9175
36.4267
18.1306
27.0134
24.8520
17.6011
22.2186
23.5141
23.3419
16.5487
24.8771
24.6609
19.0574
23.6414
25.0884
27.8384
26.4675
24.5909
26.2557
17.9125
23.7163
21.6550
19.0635
28.8484
28.0970
24.6378
24.0608
20.9551
15.1678
32.7940
23.7519
16.8343
30.4074
29.4169
16.7722
19.1559
33.3991
23.4138
20.8074
27.3193
25.2802
17.8744
21.5441
18.7017
29.5229
20.6360
31.7079
20.6557
20.7083
24.0985
23.3869
19.9887
29.6852
20.4600
28.2751
23.8514
21.7526
22.4806
19.7634
22.4812
22.8564
20.5569
17.2808
20.2852
15.7017
17.4326
19.1441
21.0721
20.0380
30.4954
17.2816
22.7723
22.2418
26.2645
20.7598
27.5989
20.4807
20.0830
18.8051
25.8118
21.6747
19.4398
23.6803
20.3379
19.6726
21.6452
24.5815
29.3926
17.9718
17.5442
21.2027
22.3521
27.9292
24.5389
29.9677
21.1675
25.6460
21.6584
27.4699
23.7458
26.3440
19.8603
22.9669
23.6729
19.2081
19.2452
23.8151
18.4302
28.5688
20.3048
24.7726
17.9343
26.9976
20.4280
24.0709
18.0019
22.6461
21.9212
27.5136
18.7339
17.7014
26.1659
22.4232
20.0319
18.3438
19.0434
21.2790
26.1525
19.2390
30.2831
30.6460
22.3359
18.4160
19.8537
16.8087
16.2413
25.6816
33.0631
21.5828
16.3497
22.2006
16.0445
22.6730
28.0333
18.4818
20.0284
17.0258
25.8742
30.9542
18.5941
22.8014
20.4271
22.1052
23.1359
22.3098
19.2402
29.4145
27.0612
26.8116
18.4924
20.5713
35.1985
32.6552
20.0492
18.2986
26.5908
21.3919
28.6487
21.2496
21.3098
23.3002
18.6909
17.7526
22.2023
21.5479
24.3176
24.0051
26.9279
17.4593
20.0404
22.5985
20.7598
24.1686
22.1161
25.4384
18.9414
25.5290
22.4992
28.6325
20.9999
23.5766
20.8618
26.4782
23.6078
19.4814
29.4498
17.1228
30.6284
23.3787
23.1681
25.4484
20.4786
24.3133
26.2193
20.3213
18.9563
23.4755
25.0745
21.9374
21.8984
24.8009
18.2345
25.5644
23.3093
30.3758
24.1288
24.0874
25.2617
20.7841
19.6292
25.3955
28.7023
22.6224
28.2233
25.2064
27.1221
18.6607
22.0623
23.7563
21.1966
22.1078
30.9912
23.1801
21.3772
15.8894
18.1987
28.4783
29.9552
23.0061
19.5534
22.0476
17.3584
25.8121
24.8309
24.2258
19.5188
24.3836
25.1078
21.7775
25.3397
18.2810
25.9823
18.4980
22.4286
27.4185
23.1598
22.7800
20.3347
26.1642
16.3667
28.7944
19.5781
27.7723
19.6639
20.7333
29.9585
17.1715
19.9657
20.2912
15.0474
18.3876
26.5655
25.3029
26.0884
17.9026
23.8698
20.3632
18.8939
22.5374
20.1334
22.0385
19.7984
25.1949
22.6580
21.3915
29.9510
20.4791
16.3036
20.1300
27.1343
21.7693
24.5753
25.2333
19.8866
17.2461
19.0828
19.9003
19.1484
18.3921
20.1540
22.9213
21.5426
19.4490
22.3671
27.8643
22.6827
21.6196
24.3136
20.4913
20.1480
22.7851
23.8361
23.4459
28.1867
23.6708
22.1676
21.6969
19.5591
18.9046
19.7750
20.6617
21.4606
26.3879
24.8364
25.1719
18.8861
22.7836
24.9348
22.1065
26.1758
30.5326
19.4067
22.1099
21.8229
26.9718
20.2501
29.3576
21.2040
21.4376
17.0793
18.8408
20.2844
22.9209
28.1210
20.4015
18.4039
15.1514
25.9851
22.6910
31.5432
20.0896
19.8896
29.9001
26.0938
20.1738
30.9282
17.3055
21.6449
18.3362
22.1850
22.1806
18.7320
21.6406
16.8198
29.1218
21.3013
31.1951
24.7700
23.0611
22.2456
28.9182
18.4126
15.6399
23.4460
18.4812
21.3084
23.9313
19.5062
22.1381
28.2103
15.5251
17.1801
20.4688
17.6953
22.7869
26.1665
24.8548
20.9433
21.0119
20.1934
19.4633
14.9764
25.0772
26.7152
24.8129
19.7312
22.5855
20.4729
23.1170
31.8460
21.9475
23.7547
21.9998
31.3921
19.6260
17.1299
22.0135
16.0491
19.3480
18.4757
18.3735
19.4264
23.9140
23.3224
21.3957
21.6339
18.8110
22.7649
25.7724
20.0506
22.1877
25.7161
21.6813
24.8601
19.3954
18.1447
29.4296
27.7536
25.2538
23.5299
24.3241
27.4532
18.8509
27.5204
25.7412
24.4052
23.6099
22.2614
22.0210
21.2193
24.4147
25.2803
24.8249
23.0687
29.6945
25.4607
27.3128
22.1356
19.6504
32.5722
19.1589
22.8257
16.6735
18.0958
21.8841
17.3723
24.4687
22.3267
23.5393
20.1167
26.3210
18.4679
19.8111
19.8620
25.8337
27.5790
24.9019
22.4923
24.3352
21.1219
20.9275
30.1699
20.1823
20.5564
30.2788
23.7120
19.2056
19.5008
26.8133
24.3347
30.0493
22.7591
23.1698
20.5682
21.6656
28.2923
22.6487
26.7791
30.8454
18.4962
19.0374
23.9487
25.0383
24.2242
21.6556
22.0746
27.3934
23.9558
24.2237
18.7744
18.5656
16.0262
20.1909
27.0018
23.2830
21.8741
21.9097
23.8857
18.4757
23.3382
25.9679
17.4712
23.2969
23.4608
21.6362
24.2634
22.3773
20.1362
24.4462
23.2413
23.2186
30.3034
27.2139
24.4266
18.3114
20.8356
22.7772
21.6221
21.5342
18.2261
17.6176
25.5097
28.7728
18.8269
25.4284
18.9950
23.4240
25.0155
20.0441
23.9804
26.5797
23.6243
29.3108
24.8709
17.5551
17.8631
17.3544
27.5980
23.4798
26.6970
19.6257
16.0720
27.4478
29.5754
19.2348
23.1975
22.4019
19.7707
19.7122
22.0259
16.1702
24.5796
16.7833
27.3348
30.2984
20.7537
27.6224
18.8923
24.3452
26.5735
20.8669
33.1865
18.9475
22.7466
19.0230
21.7052
22.9361
22.0880
29.9353
21.2103
19.1641
24.3622
22.3868
20.5283
20.5204
27.5355
15.5009
28.2310
24.7579
19.9226
30.9508
29.1835
18.3352
23.3753
30.0297
21.7648
22.5035
30.0722
17.6694
22.7419
24.9999
17.9896
26.4436
25.7183
20.5566
33.7969
23.4611
23.7933
18.4592
30.4872
25.5365
26.6786
18.5849
17.3610
21.5364
22.6545
20.2297
31.5443
14.7882
26.8938
21.3555
19.2166
18.6440
24.0381
17.6869
25.9195
15.9049
23.2279
33.6127
21.5138
24.0748
32.8484
26.3794
25.7791
26.8387
20.5814
16.9151
19.6434
19.7796
25.1327
20.2914
19.5873
21.3593
21.5256
30.2851
15.1620
23.3298
17.7357
23.9396
15.8663
21.4939
18.3872
27.2043
27.4174
26.1345
24.8743
20.5494
21.7478
17.9155
17.9806
19.9578
27.8035
21.2232
19.2977
22.5383
21.2796
23.2590
20.4852
25.4303
20.4444
19.9044
19.3327
19.8552
28.2757
21.4183
25.3969
25.0692
31.8429
15.7194
26.1245
22.2342
21.0189
23.6933
23.9440
20.8947
22.0351
17.2811
26.2946
15.5811
24.3355
19.2570
18.5372
17.9034
29.5368
20.0748
17.1355
19.8210
24.0984
28.3431
22.0604
24.8424
17.1883
23.5995
17.2599
23.4039
18.7450
21.3602
23.1478
18.5570
25.2688
29.4202
25.4653
20.0462
18.8548
17.3480
26.9710
20.8714
19.1439
31.9763
21.7160
27.6647
21.5158
21.1727
24.4839
21.4126
21.1763
22.4726
21.7241
26.5093
23.1370
23.5697
20.6445
23.3926
19.7849
27.6734
21.8459
22.5937
25.2666
34.6697
21.0152
15.8015
20.2165
18.2106
18.0281
21.3029
19.4848
27.3699
27.4841
22.9445
24.0895
24.7768
27.8208
22.2909
32.5496
22.4385
26.0968
27.6784
21.0788
24.0349
23.0730
23.5234
25.0377
23.0199
18.5722
28.0791
19.0926
24.5388
23.0240
21.8380
18.0829
17.2376
22.4103
25.1583
25.5077
22.5441
26.4245
24.7403
22.0109
28.6845
20.5861
24.7106
21.0169
26.7327
25.5212
23.7168
25.6956
14.4523
15.8010
26.8777
25.0873
24.8381
23.3711
20.0439
25.6694
24.0482
24.4347
27.0061
20.9631
25.9925
18.9152
20.2636
21.4838
19.3238
15.8873
21.1693
21.4665
22.4674
18.6938
15.2158
18.3264
20.5738
28.2034
20.9113
27.1534
19.9002
23.1564
27.4721
22.9222
29.4629
22.9000
23.1584
28.0363
24.2719
15.9414
26.6263
33.4294
17.5851
21.7932
18.5759
28.5413
24.0659
27.4277
20.6920
25.5827
32.6344
15.2696
21.1680
20.9261
17.6610
20.6564
17.8446
19.7016
22.9697
17.7839
15.6844
25.3813
26.1692
23.6894
27.9805
26.6697
22.3283
30.0501
24.8881
23.9601
19.5418
16.3644
27.5466
18.2010
26.3729
26.5730
30.1938
22.1906
29.9538
28.2820
20.4830
19.1786
24.4186
28.4870
18.1531
21.8326
17.1802
16.3833
22.2748
21.6241
34.0212
27.9892
17.3099
17.2475
23.0313
20.3512
18.7339
17.7842
17.5032
22.5892
17.3767
25.1302
18.6435
18.2145
19.1815
19.6037
21.7557
27.6607
23.0709
22.3580
21.6420
24.0195
31.9798
18.8375
22.0821
27.3177
22.3613
17.5040
23.0722
19.1926
26.9124
26.2382
27.9494
19.2812
29.0412
22.3893
22.9853
25.8813
26.2798
23.0931
24.4717
26.7918
24.5044
22.4612
21.9940
17.8919
16.8969
25.1884
18.1636
25.6287
22.1092
23.4190
19.6802
24.4281
29.2000
31.2800
25.6887
24.6875
20.8572
26.9864
22.4494
17.6592
23.1229
25.6007
17.0468
20.4266
18.8962
23.7230
27.6703
28.6174
28.7436
18.3781
26.2931
17.7711
20.9413
27.0559
19.8124
18.9390
16.0907
20.4452
21.4220
16.6832
30.7551
22.6236
26.2674
24.5792
33.4022
14.5685
22.9946
24.0969
23.6789
18.1017
21.2896
25.2119
20.5678
24.1982
17.9378
26.8761
19.0227
20.7093
24.1266
25.7085
19.2499
23.5582
23.8323
19.0512
20.3556
23.0285
21.7738
21.6299
27.9793
22.5148
18.8042
28.8604
24.3336
23.1695
20.5567
22.0855
15.5739
17.7215
23.6725
25.6390
20.4850
20.3320
19.5712
24.4518
20.9479
20.0811
24.7963
17.2091
21.6150
28.7456
24.8635
18.4453
16.2154
23.6948
23.2988
21.2056
23.4469
16.2559
22.0980
20.7552
28.0004
24.6355
25.8544
26.0407
24.8397
27.7665
30.1719
24.3469
24.5324
28.0232
24.4641
26.0081
28.9294
22.5360
21.3065
28.4372
33.7374
19.6728
16.3203
21.6449
22.3290
27.4567
23.0362
26.6481
19.7004
18.4363
19.9264
25.0792
19.9080
25.1360
30.4056
20.2159
23.3488
26.4245
23.8114
24.5678
25.4101
21.0530
18.6579
20.7132
29.5480
29.9143
23.1891
17.6249
25.6644
24.7542
17.0079
20.4826
27.0206
19.0339
18.2114
25.8530
19.7067
21.7984
24.3629
17.2941
31.1583
17.7822
25.2066
15.3009
24.5522
14.9739
24.0035
26.2088
29.5401
23.3189
24.8631
23.3922
26.7528
20.4382
23.3040
33.1426
15.5657
19.8271
20.7630
17.5833
27.7337
25.2921
19.2282
21.9708
21.2562
22.6853
20.3560
23.2786
26.1107
29.0587
15.8647
30.5600
18.4460
20.2766
16.8408
31.1577
18.5726
24.2698
33.6407
20.3598
27.0837
22.6562
22.5236
23.3449
25.4001
33.3883
30.7910
18.0296
17.4917
27.7310
21.4649
14.2111
23.4154
21.4505
22.6972
19.8333
22.2155
23.4543
18.8181
26.2883
21.3383
35.2461
15.7962
15.5210
18.7349
17.3344
26.1878
24.5403
25.6575
31.5900
23.8242
19.5941
19.1798
21.3310
19.8722
31.5895
17.4133
23.4822
25.1167
25.5162
34.1748
20.7053
20.8445
21.0364
27.1829
19.7445
26.7184
24.8466
24.1659
22.8006
32.4761
27.6980
19.0413
18.2816
18.2124
32.5168
20.8839
19.5569
24.4115
18.5185
22.8692
33.2710
19.3122
17.9393
16.0212
28.3178
20.8158
32.2959
18.6615
18.4034
18.5463
25.2670
18.7465
18.9749
18.3451
27.9256
24.7852
24.3567
22.5399
20.5192
24.0527
29.3016
26.1175
23.9629
22.5385
20.9608
27.0979
16.8619
20.4421
27.6954
21.3272
28.5445
25.8350
18.6116
20.7825
19.6604
18.5667
21.3396
20.4142
25.8470
23.0712
24.1068
18.7955
24.6750
16.8296
17.1233
25.5842
26.9386
29.2839
20.7180
25.4181
27.7831
19.4991
18.8095
33.1661
28.8386
18.6238
24.0212
18.4519
24.8376
18.5889
30.9135
17.5850
16.4050
21.1220
21.9397
23.1949
22.5065
21.5752
21.6185
21.4853
21.6215
21.5247
34.6554
25.8823
26.6865
21.2420
22.6496
17.1311
27.8267
22.4300
22.9461
21.4927
35.1227
28.8516
19.8813
23.7639
15.0521
18.6043
27.5628
25.4730
16.6173
20.5089
15.1860
23.3626
15.6970
21.8887
22.0750
21.7095
17.6304
20.4730
17.0932
17.1600
21.9199
25.2265
18.4013
23.7818
26.0838
22.3465
21.2618
17.6142
21.3734
30.5551
21.1809
20.0713
18.5191
22.3038
27.0474
29.1890
23.5728
28.4440
22.6011
24.2256
28.2206
26.4426
19.8066
24.6197
20.9926
21.3975
21.5750
21.7150
20.8572
20.0589
25.0855
21.8930
19.5411
22.5527
20.9104
18.9760
19.9567
27.0876
22.6181
19.3212
23.7933
24.4964
17.6411
25.5468
18.0647
23.6443
21.7686
16.7585
20.8290
24.8302
28.1450
26.8432
24.2249
27.5777
25.5528
29.6729
23.4049
23.2957
23.4544
28.0490
24.8254
27.2841
25.5887
14.1187
28.4272
28.3690
18.3387
20.9116
28.8513
27.8420
28.4384
24.9612
21.8021
23.1671
21.1861
32.9236
22.1969
22.2734
17.7751
19.2931
22.8862
23.8127
22.1255
31.7253
24.0406
17.1255
22.4538
19.7169
28.2684
18.0819
20.0686
21.8569
21.8280
22.9942
21.0127
23.8397
26.0114
34.5840
29.0949
21.3276
17.1878
28.0887
18.5444
24.2176
23.0499
21.1398
17.0709
15.8760
21.6096
21.8317
25.2424
25.0346
22.5787
21.0048
22.5194
20.4705
17.7762
17.6472
22.8983
24.2353
27.9037
19.4094
21.9437
23.2271
15.1433
24.5825
22.0949
26.0638
25.6765
23.9922
22.9871
22.5233
24.4532
20.5813
17.9858
26.6566
21.0847
26.7340
25.2201
24.6431
20.3676
22.8093
25.1239
23.4799
22.8184
20.0732
23.7271
25.3417
22.7004
24.6656
22.8735
15.9951
21.4119
24.3107
26.8134
27.2378
24.6330
30.8200
27.2649
23.4052
18.5687
30.0003
22.2448
20.0252
22.5783
19.3325
26.8022
23.1042
28.2777
17.5375
23.6538
29.1940
22.5015
21.9262
20.6345
23.7229
21.0300
18.6807
19.8374
20.3752
26.5145
28.7877
22.8003
19.8756
26.7481
32.9351
28.1276
24.9629
16.8496
29.4107
26.4518
25.3655
31.8908
17.1660
19.6015
23.1212
23.4371
17.5602
30.7519
21.9363
18.1243
27.6600
25.1837
22.4881
28.7571
26.4414
22.9505
16.5113
31.5018
24.6922
27.1187
24.9219
23.3237
30.4920
23.6266
16.3532
24.9456
26.1991
33.5577
24.0318
21.3124
20.7752
33.3823
24.4992
16.5589
30.0088
19.8582
22.9438
19.3968
15.4758
24.2966
23.2677
20.0929
18.6264
20.4681
21.3090
26.1996
17.8920
25.0117
17.7389
17.9118
17.2378
20.6061
18.4214
22.4606
26.4364
22.2580
27.0307
24.6053
21.3148
24.5838
25.8935
29.7556
20.3585
25.7046
20.0625
23.3598
26.3002
27.7796
23.7268
19.8870
17.0094
21.1993
19.4025
21.5385
23.0728
36.5878
28.3734
24.5844
22.0251
17.6947
35.1138
18.4230
25.3514
20.2211
28.6500
19.8347
29.9014
25.6086
18.3715
18.0564
31.0440
20.3538
16.4261
27.2713
17.4718
19.1117
19.4566
30.1047
29.1060
27.3671
30.6852
23.7696
27.4137
26.3473
18.6904
17.3868
27.9022
26.7049
22.5712
24.0536
27.8145
22.9847
26.9432
21.5438
29.8360
26.9969
25.5794
16.9436
23.3851
17.5532
23.3321
27.6043
25.5687
22.7181
22.4540
29.9944
22.7612
23.3687
28.5681
17.3005
18.7251
25.0163
24.6866
28.2686
24.4917
28.5887
26.8975
22.9435
21.3048
31.3508
30.4016
28.3373
22.7823
18.0486
17.4356
23.9577
16.4108
31.3423
22.8252
20.5247
19.3806
20.1950
24.0372
24.0550
25.5473
26.7161
24.1598
28.9292
17.9687
27.4099
17.6539
16.5834
19.6071
27.8776
22.2438
22.3079
23.0892
22.6837
21.1245
27.4862
25.6241
20.8311
20.4996
21.3563
17.4859
25.1876
23.7485
27.9959
21.6327
25.4539
20.1164
24.7694
25.9568
19.6894
21.9559
21.3353
22.6165
28.5795
18.2433
20.9952
19.8261
25.2799
22.9699
24.4150
21.0099
26.6801
23.2984
20.1006
17.0203
21.3982
24.3264
20.2529
21.7716
28.5940
21.4075
25.4138
23.6866
22.3953
17.4053
25.1488
25.5644
22.2242
19.3437
28.4138
25.1421
18.4441
25.9180
28.9941
27.5125
32.4157
19.9213
20.3270
19.7634
29.7122
33.6764
22.0081
30.8422
21.3248
24.8957
20.4296
34.6762
30.2233
22.9151
19.5688
18.0576
28.6157
20.4944
27.5337
22.6598
22.6754
25.4601
20.3727
20.3086
24.5455
25.7851
25.5810
27.0655
23.0227
16.7297
29.0568
20.6194
25.5173
22.9644
19.7533
26.1997
23.2674
19.1290
31.1211
16.8315
20.3125
16.0785
24.6060
16.8260
25.7346
24.1922
20.4504
24.7100
24.8027
21.5672
21.4436
29.8861
17.0053
26.5341
29.2233
21.1892
23.0605
19.0819
23.6414
20.7644
20.7847
24.9010
18.6710
23.2233
20.3039
18.0828
21.5169
24.8573
27.1825
24.2683
31.6538
21.3577
24.4819
20.9305
24.2411
22.1947
25.9188
22.0877
24.1347
29.4421
30.5629
29.0408
18.5794
29.0832
16.9701
20.6115
17.5633
26.4896
18.1314
21.5936
28.9953
23.5907
22.7847
24.6101
27.2082
30.8028
24.9335
27.6623
17.8622
30.4464
28.1275
18.9880
26.1374
17.1967
26.4967
21.6640
26.3786
21.2575
30.5767
29.4657
19.1869
18.2041
27.4513
21.5558
22.0193
28.1386
26.5623
19.8211
21.4368
18.7160
19.5822
19.8743
20.4399
19.6418
20.4381
18.9173
25.5723
31.1349
30.4773
25.7151
20.9773
18.1978
23.4833
30.7066
24.8074
25.4002
32.2591
26.8852
29.6434
19.9136
23.2258
17.0893
18.8461
19.7898
16.9780
21.7045
23.9485
25.1860
23.3847
33.0643
22.0186
23.6079
24.3817
17.3000
16.3639
21.0355
23.5123
35.4573
20.9066
28.8064
22.1042
25.0118
32.2807
30.3698
18.2841
20.6875
18.9348
19.3912
26.0729
17.7747
32.5463
29.4849
16.4435
24.8030
20.5581
18.2438
26.4307
15.9986
22.7709
28.3171
25.1993
31.2525
20.3458
15.6345
18.4369
24.6580
19.2957
21.0066
21.9207
28.7211
22.9458
23.1107
25.7264
26.4843
23.9818
28.9891
26.9791
20.7155
26.0196
23.5275
20.3216
30.2734
19.1394
26.9153
21.0453
18.2448
18.8039
22.9043
19.9971
26.2224
23.1977
17.0938
25.1255
32.7435
25.7296
19.3840
20.1327
20.5665
25.5902
20.9142
25.1920
26.4812
29.0565
23.5559
22.4490
34.9475
21.1943
23.2620
21.7788
20.2427
26.6390
22.7790
21.2400
25.0872
15.9268
27.1419
31.2439
19.3707
26.7951
18.3674
19.2999
17.0050
23.2679
19.6364
25.4479
24.5532
28.6704
27.4917
21.1364
18.6083
23.1467
29.1832
22.7811
25.5695
24.3858
19.6272
26.2509
26.5542
26.3544
21.4929
17.5866
18.3043
29.2663
20.2200
26.1911
21.7747
26.8945
24.1961
17.7552
22.5226
17.9678
27.2628
20.7105
21.4839
24.0259
21.5167
18.4783
20.0498
25.3745
20.5083
31.7784
27.9881
27.7681
19.8755
27.4856
23.6604
19.7530
28.0057
18.6149
19.8704
29.8690
20.1812
27.0518
20.4256
25.3605
25.8890
22.4404
19.4198
21.5085
28.9785
27.1939
22.8964
23.3245
24.2556
31.0673
17.7535
23.6407
29.8674
24.3349
18.7784
22.2656
24.6741
30.5276
20.1206
16.6555
19.6772
28.2563
23.8261
19.7788
22.7892
17.1013
30.1580
27.0768
18.1620
26.3973
24.1905
20.6626
26.7612
15.1425
26.6096
28.8566
16.5598
34.4298
26.1853
20.6253
22.8256
21.0255
24.8317
19.9484
19.4984
27.5119
19.4260
23.4282
19.7048
30.2290
20.9369
29.4392
19.7145
16.3182
19.5565
22.4805
26.7003
22.0483
22.0487
19.9874
26.8597
29.8709
17.3478
21.8879
17.1256
20.4328
21.8937
30.8700
20.0048
24.5665
20.3938
23.5871
25.1027
25.2480
19.3252
19.6813
21.5515
20.7722
28.0769
21.0443
16.8826
20.2129
18.7351
16.3064
26.2324
26.4038
16.7454
22.8749
19.7753
18.8796
22.4593
24.4028
17.1810
23.5811
32.5618
24.5784
16.5782
19.8684
21.2896
19.3562
21.7877
31.3735
19.3800
27.8140
23.8071
17.5734
24.5752
29.1204
24.0550
21.8255
23.8131
25.3564
23.7935
23.2425
24.0601
21.3695
31.1313
21.0948
35.3975
21.8338
21.6979
30.7723
22.1078
17.2290
19.6843
25.0338
21.8455
20.1927
21.4104
31.2838
24.6446
19.9588
21.4462
22.5321
29.7740
25.7368
32.9336
19.9813
24.0065
21.4216
25.9079
17.7103
23.9342
22.3797
24.9191
21.3815
18.5670
22.2399
18.8543
18.6998
31.7662
26.8061
18.2943
24.7526
15.4406
21.2324
24.3558
17.2974
25.9870
18.0116
28.4334
24.2200
25.4866
25.0158
21.5194
20.6980
23.6672
24.2760
17.3804
20.2090
24.7758
21.5257
20.1190
27.2758
20.4175
20.6294
29.9077
19.3840
18.5971
18.9106
26.6438
30.4353
20.0663
28.1420
20.2627
24.2701
21.2762
18.8969
19.4939
21.6922
15.2077
21.3431
25.6352
23.0755
27.5222
25.0812
21.7432
18.2651
23.4138
23.2720
26.5504
23.5432
20.7655
26.8680
18.3831
18.2455
16.5399
16.7599
23.0862
26.5176
30.9993
15.4294
21.6945
29.3385
21.1283
25.9424
22.7258
24.5582
15.2329
21.9825
18.0046
19.8261
17.0153
26.2377
24.0572
29.8031
26.0411
30.7426
29.5326
20.4968
18.3749
29.6407
21.2763
28.0848
22.7643
20.9860
29.2715
21.2770
32.8043
20.1449
26.8875
21.3541
20.2843
26.7483
20.0663
28.6197
14.9972
24.5005
29.6154
25.8885
25.6040
18.5167
19.6608
20.9794
22.3967
19.2515
22.1842
26.8900
21.5369
17.5911
22.4348
19.9711
19.0203
22.4233
20.2887
20.1414
21.5028
20.2333
28.2524
16.4725
22.4695
20.2792
19.9014
20.6601
18.8483
20.1770
19.2886
21.4244
22.6503
21.2304
19.2377
27.7269
24.8282
24.3760
20.5271
20.5020
25.8828
24.1501
29.9471
23.3781
17.8675
27.4852
18.4716
21.4502
19.0575
22.2094
24.5724
18.4236
22.3695
26.0835
30.4805
21.7221
20.4831
15.8696
28.6400
21.1697
21.1359
26.3272
23.1311
26.4192
19.4328
25.8878
18.8954
22.2272
19.0098
24.7120
20.4338
19.3279
18.7039
18.9599
25.4500
23.1934
22.4610
19.9775
16.6011
21.5388
19.7135
19.1801
22.3033
18.9538
36.3493
20.5925
19.9012
26.1628
28.8976
29.4443
28.9337
25.7346
22.5720
28.1040
24.1322
21.3414
25.9914
18.3656
21.0866
26.7242
21.0283
20.5330
21.0232
29.1269
22.4569
28.6887
24.8445
16.9817
16.9895
23.3760
21.6611
28.5313
19.5528
16.3510
20.1113
17.7814
16.0209
20.4496
21.1408
21.3160
23.2953
28.9685
23.7497
18.6353
20.9354
23.5646
20.8583
20.2058
21.6788
23.5018
23.9178
29.1040
27.4602
19.5193
26.9888
19.5836
27.1961
29.2492
18.0896
23.3975
27.3145
27.0258
17.7683
30.2138
21.1228
17.7473
29.3127
19.4674
17.4076
20.7173
29.8854
21.9819
32.1505
28.7091
18.2158
19.9449
21.4157
21.3994
27.4940
23.2353
18.7972
24.1972
17.0336
23.2113
18.7271
26.5121
24.9173
24.0994
20.9112
22.1917
18.4298
16.8965
22.9253
28.8580
20.7368
29.5626
22.8428
25.1561
23.4688
21.2834
25.1910
26.0440
29.7543
22.0005
19.1309
19.8492
20.1906
23.1836
21.0581
21.3176
21.7048
22.9004
18.9056
22.2412
32.2319
18.0922
22.3573
29.0556
25.2466
17.8241
20.4389
30.1892
24.4764
22.0873
20.6634
19.2594
24.6752
27.7453
20.7739
24.7104
20.5732
24.8715
26.1678
26.4887
25.5432
24.9159
20.7808
26.9036
26.3340
24.3929
21.2533
26.6350
23.0453
30.9254
19.4345
24.9185
26.6757
19.8530
16.0612
24.9768
20.4373
17.9133
26.7279
19.0602
21.9444
22.2788
22.5522
22.5068
19.0714
20.2730
18.1867
32.7294
28.9277
23.5215
15.6884
24.3084
21.7780
23.7450
26.8568
29.4320
17.4232
31.7202
29.7712
19.3576
29.8103
20.3733
22.5942
17.8441
22.8171
27.5159
18.9510
34.9447
26.6721
27.6053
21.1489
17.2724
26.5375
22.6405
24.3105
21.3938
19.2818
20.0697
21.5133
31.2239
24.1092
26.4575
20.4087
19.5222
21.9599
15.9608
21.9412
16.7192
28.9134
21.1232
25.7643
18.0296
16.9448
31.7747
18.1649
24.5676
27.4453
23.2683
21.1260
23.3929
24.6382
29.4646
20.3317
20.5446
21.0497
27.6953
17.6121
25.9230
28.4074
17.0860
19.5493
20.7319
28.3280
18.1661
19.3840
28.3932
20.5208
22.5547
23.0582
26.3051
25.8684
21.2741
19.4116
21.1100
20.4923
20.3330
21.0834
24.4688
24.7552
23.4257
22.1398
23.9190
16.6024
28.3249
19.9018
25.4023
19.7548
23.0079
22.7100
20.8309
21.4075
24.4601
27.8478
18.4608
21.3274
17.1464
25.1623
26.6854
23.2025
17.6260
22.1557
27.1190
22.3760
24.3471
15.1496
18.7318
28.9432
21.1975
22.0100
19.0970
22.0264
20.2055
30.8720
23.7863
27.4254
28.7490
21.5649
15.2675
25.4964
20.5946
21.8284
16.6417
23.2948
24.9871
17.1161
28.9206
19.0115
23.7128
21.3102
26.9515
21.8541
23.3858
17.2389
28.5467
22.1758
25.9371
20.4735
22.1656
26.1255
18.3320
29.5524
21.4628
25.7943
23.3110
27.8911
25.2308
21.1203
21.5082
31.1513
19.7333
24.0123
20.2846
31.3057
32.2289
18.1874
24.0562
25.4941
25.3311
26.8358
21.3669
20.2752
16.3169
26.2529
24.8780
21.0889
18.9858
18.6950
19.1013
23.5591
21.3273
25.6250
30.7117
22.6983
23.7842
18.5204
22.5212
26.3964
30.5510
19.7192
29.6383
19.9347
21.3485
20.7603
21.4901
27.3306
33.4129
26.6759
25.7677
30.1114
26.3956
28.1070
22.6038
31.5441
24.3971
26.8511
23.3676
28.3386
29.5107
24.4161
23.9399
18.6226
22.6031
19.4319
20.3328
25.2766
18.6963
24.9504
17.7973
25.4448
31.7537
18.5198
17.1872
25.2456
33.7134
27.4750
23.6063
29.1404
24.7962
24.5561
18.7791
23.8710
26.1411
30.5661
22.8391
29.3369
20.7642
18.9038
16.3115
18.6206
20.3236
27.0139
20.5760
20.0991
21.4597
27.7058
23.4901
22.9098
21.1121
23.4173
19.2322
25.0105
17.2731
26.5798
26.9869
16.1129
22.6512
22.3479
17.6013
20.8291
16.3454
17.8924
15.4725
24.3460
25.0044
21.6636
19.8548
17.7155
23.7407
17.7936
17.1291
24.3889
23.7723
20.1772
19.7148
26.3073
21.1774
21.7202
19.0930
28.0672
20.5230
18.5158
28.9703
33.4631
25.7293
28.8468
17.9692
22.9113
16.6308
19.4174
27.8080
27.4413
30.0374
20.4831
20.7590
19.2360
17.5873
17.9049
21.9182
18.7804
24.1541
25.9690
18.0881
19.1146
15.9263
18.0522
28.9274
30.0272
21.9314
18.1663
27.7358
25.4979
19.4280
20.7779
25.5314
19.4034
18.2889
25.4653
20.8600
23.8975
23.2231
33.1042
28.9871
31.2413
23.7428
21.8168
31.4921
16.9799
30.5038
24.5233
18.2938
24.8033
28.5437
16.3824
15.6454
23.0475
21.0628
27.7905
23.8723
21.9014
21.9968
17.8552
19.1310
20.0571
19.5715
24.3926
20.2765
27.5040
25.3228
23.4326
17.5421
24.1039
25.1887
21.1500
19.6532
23.3911
29.5365
24.4590
28.9554
27.5233
25.3245
26.1280
25.2811
20.0172
28.6270
20.1278
26.9920
17.4964
17.0160
21.1595
19.2976
25.3114
23.8129
22.8415
17.7274
24.7541
19.1018
29.4560
34.5202
23.7527
31.0191
22.2598
21.3669
26.6400
26.9462
27.8845
25.7054
19.0135
23.4244
21.7145
26.6936
22.6023
35.1051
22.9445
16.1287
17.8638
33.4209
17.7123
16.3034
20.2221
25.5982
17.9172
19.2254
17.4138
19.4307
23.9804
15.5922
28.3613
24.2339
22.3028
19.9224
32.9383
28.4287
27.7556
26.3982
29.7196
21.7443
20.0141
20.9095
19.0589
20.4144
32.2449
21.7075
24.9525
19.4431
26.8695
22.0294
19.5060
18.7739
15.3720
23.8338
24.5982
25.3494
21.7632
16.2655
33.9338
23.8275
24.5877
23.8787
22.6231
31.1878
20.3931
22.7303
22.4062
29.6739
21.7158
23.2489
22.1282
27.1154
21.2554
19.9224
18.6234
17.4142
16.9795
21.6795
19.8297
21.4740
22.9467
19.8539
30.4601
31.2676
23.0921
23.7486
19.0281
19.1905
19.4201
20.7853
19.0664
22.6655
26.1213
24.1732
18.7556
20.9206
25.2860
27.4990
22.3061
22.4072
27.7659
16.9107
18.9116
23.6433
28.3154
18.1452
29.1949
20.8159
21.6790
24.9130
22.5171
32.5514
35.4677
27.1242
23.7566
28.1088
29.6064
29.1853
28.1125
22.7362
23.5799
25.4898
17.1237
29.7599
20.1255
25.8118
30.4225
17.9117
30.1093
28.4699
21.0870
23.0137
29.0412
17.8166
32.5004
26.6626
20.8884
21.7301
26.9368
26.7977
28.1170
26.6757
24.8662
22.0143
29.7158
17.4868
22.8533
28.2149
24.4670
17.6384
25.0564
24.3093
25.5533
21.6009
24.1687
23.8246
26.5648
18.5996
18.1506
29.2847
18.4534
30.8412
18.9779
23.8851
22.0758
19.4017
30.9886
34.5176
20.6573
18.8431
23.4417
15.5847
24.5679
24.4109
20.0917
23.4684
24.6728
19.6361
21.8300
22.3626
22.6003
21.6840
26.5668
23.7399
21.8720
15.9271
19.4749
21.3498
18.9741
23.6025
16.0649
19.4612
24.4723
21.5110
19.6847
17.7351
22.6371
21.0621
25.4709
24.1563
29.3556
29.6609
24.0637
24.2585
26.1148
26.0863
17.4611
21.0144
20.2058
14.8110
24.5713
27.5889
22.0451
25.4810
21.7351
25.2268
23.4769
27.8842
22.6143
22.4049
21.3773
29.1213
25.3254
29.6093
25.6239
20.7864
17.9159
17.6198
25.3975
15.4835
30.3145
19.0419
20.2919
25.4336
19.6819
20.4685
20.8741
24.3495
32.9240
19.4081
24.3053
21.7565
19.9905
31.7628
29.0648
22.6045
14.7318
21.3514
25.4104
25.0551
18.7383
24.9168
22.1589
19.2447
23.8711
17.8122
30.4187
25.7599
17.7726
23.2267
22.0790
22.7848
19.6328
26.4845
24.8641
18.9773
26.5990
21.8270
26.6949
22.1632
30.1797
27.7645
19.9488
23.8098
21.0434
20.1008
20.6857
28.3245
30.9440
24.2409
17.7181
20.9611
20.6854
17.9092
25.4570
23.4083
26.5591
25.5846
25.7238
19.8469
23.2813
21.6705
18.7505
28.4621
21.4330
16.5381
23.5466
17.5051
26.7092
26.0959
20.5344
25.5417
24.4478
33.6847
28.2078
25.7975
18.7233
26.0793
17.4999
26.7565
17.9033
25.1357
28.7088
18.8265
27.7081
26.1911
19.7612
28.1464
17.7156
20.5401
29.3501
21.8149
19.5433
22.5671
25.4675
28.2647
22.9813
20.9609
18.0417
22.3661
19.5025
24.5669
22.6334
20.2964
20.1007
28.2254
33.0156
20.8514
21.7119
32.2501
20.5276
27.1262
20.5967
27.5575
31.6636
20.0761
21.6705
24.6131
17.8134
21.9116
27.8920
22.3047
26.0271
19.2725
24.9413
18.6767
19.7718
25.0989
23.5583
20.4801
23.4074
18.8767
23.6816
23.1119
23.7950
18.5377
31.9404
26.1845
19.7544
20.2980
22.9668
30.2021
22.4755
19.6218
23.9250
23.4780
20.9349
26.4935
19.1392
22.4586
17.6048
16.8174
30.7710
28.8724
26.1757
28.7138
22.7140
15.8634
22.4911
20.6372
30.8841
20.5952
17.6145
26.6258
29.6451
18.0579
27.6294
22.8562
17.7645
24.7899
28.1626
24.0244
29.6306
25.8655
19.4153
23.1142
22.1954
19.3626
30.3578
26.1270
26.0568
17.6706
25.6705
22.0887
29.1233
27.1665
28.8009
25.8794
25.1706
22.3359
37.1166
24.6561
21.5591
23.2502
24.3102
25.0595
19.0604
26.8817
28.5872
16.5952
28.8650
18.0752
31.4402
22.3277
18.9468
20.9565
23.7772
23.9581
15.8649
24.1072
25.0797
28.9795
22.4171
19.9849
32.7683
23.5203
27.7530
16.5064
25.8902
21.3183
28.0322
21.7207
25.6508
17.9920
26.5737
23.1938
25.4177
19.4738
17.2849
24.0043
15.8788
21.4579
21.5365
16.7327
32.2755
19.8883
29.2345
20.7467
30.7484
27.9954
22.0332
23.1041
21.4780
21.4031
23.4902
30.9206
26.3485
31.4244
17.0332
21.3938
20.6287
24.4958
32.4164
19.2623
32.5900
21.8995
30.6267
27.5360
19.6595
22.6129
24.6722
22.1279
21.1712
21.2715
24.7922
20.4877
21.6172
18.1212
20.3803
24.0094
21.1512
27.5556
24.5735
16.6110
18.7907
25.4999
24.7244
17.9652
30.0914
23.1751
20.2706
23.0925
27.4829
23.7854
26.7015
21.6246
23.2577
23.8429
26.0093
15.1895
23.3884
25.1791
22.9721
27.9046
23.0133
28.5079
29.1554
21.8468
27.6061
19.0581
21.1330
30.3007
22.2367
17.7390
19.0933
21.9682
23.5061
23.2253
25.6368
30.5549
24.7776
20.4508
18.5449
27.7592
20.0229
22.9046
24.4849
25.1459
22.6022
21.9950
18.2934
20.8738
21.0004
27.2142
21.3904
21.4559
21.9342
30.9008
31.5583
19.8992
27.9103
28.0041
29.5213
18.3303
19.8553
21.8000
18.8400
24.0103
20.6093
19.0505
20.1312
19.9458
21.1378
22.7437
24.2079
24.1933
22.4068
33.4614
25.9350
25.7292
22.5605
19.0943
23.9545
28.7200
21.1723
30.4594
26.0898
19.1807
20.1465
26.9144
18.0326
21.4511
28.5976
20.1470
19.3666
22.6740
27.7533
21.4529
19.2706
20.7957
21.2031
22.3661
23.5244
26.7530
25.7551
23.4336
19.4341
19.2209
22.1960
17.6394
21.0083
31.0621
21.1570
18.8634
19.5401
18.6548
35.9744
17.2614
32.2445
26.2634
21.6440
16.5053
19.5238
16.5691
20.0320
21.5965
26.2824
21.1335
20.9614
17.5513
21.0484
17.1767
23.9618
18.3765
22.0773
26.4769
27.9842
23.6213
15.5524
19.4233
25.8519
19.5948
25.2127
30.5178
27.1234
22.7544
24.5423
22.1727
17.0613
21.2606
24.1395
28.1615
19.6763
20.2526
21.3992
16.9328
26.6053
24.1132
21.6990
21.9220
21.1195
21.1209
20.0316
16.3244
17.4879
22.3789
29.0337
25.5080
19.8992
16.6562
24.8140
21.5818
24.2971
21.3016
17.8686
21.5309
31.6546
22.5073
18.3777
22.3364
22.8031
31.9152
29.2015
26.0501
26.3730
24.7372
25.5153
23.9961
20.1010
22.1727
34.0442
16.4437
31.1388
25.6850
25.9461
29.4906
23.4715
20.6038
21.1635
21.8407
28.8114
19.1276
24.1895
25.9439
21.6075
20.8002
20.3053
24.5724
29.4787
28.7899
22.7274
23.0945
19.9954
19.1580
18.1478
23.4878
22.3696
22.7683
18.6988
24.0996
24.0266
26.6616
20.2329
23.7436
20.2274
19.0371
21.4991
25.7879
28.5709
18.3019
25.9058
24.4672
16.5583
28.4951
20.4392
23.6473
20.8965
24.6825
19.4997
17.2431
22.2197
21.7754
25.0270
26.8238
15.9202
28.4816
27.1306
29.2903
20.6612
30.4722
23.1534
18.1669
23.3097
19.4729
18.4455
23.2272
16.9733
17.1882
27.0518
30.4963
29.3522
25.4708
19.4229
18.6811
24.5559
20.6752
29.1279
30.3686
22.1528
23.2452
23.2496
26.7812
23.1011
17.2377
18.2254
22.1277
23.0707
30.5532
20.1545
17.0567
24.2781
26.0258
19.3688
22.0297
22.5831
20.8514
25.9134
28.1452
22.3864
19.0338
22.7237
20.3811
25.6399
24.9885
21.5840
24.1467
23.3907
27.7452
22.6906
21.3313
19.2312
18.4597
22.2426
15.6204
16.0798
23.5090
22.1451
27.9796
27.5211
30.0842
19.5692
23.5726
25.4128
19.7295
30.1726
24.5377
25.2053
25.2098
26.3331
26.1724
21.6457
24.5915
16.5078
19.2529
21.4281
17.7124
25.9305
23.9982
29.2564
23.6726
23.4704
17.2128
17.7851
27.8267
19.8632
21.2190
24.4277
26.6459
32.5010
20.9909
24.1227
20.7221
34.1109
23.1516
27.6729
22.3856
15.8253
21.5653
25.2154
20.4358
21.6833
18.3746
22.8522
27.4749
22.4191
21.9926
18.4055
21.6313
16.3439
20.3856
29.1343
23.9982
26.2233
23.5030
25.7337
32.8322
20.3823
23.7251
23.0996
16.3242
24.6692
20.7782
31.9553
20.1180
24.8643
21.9927
32.5111
18.6210
18.4680
20.5123
21.7351
20.5065
28.0044
17.7832
20.2379
26.9103
28.5350
20.4174
20.2504
20.9953
23.5266
21.5029
26.1775
20.6233
17.9284
22.5250
17.2777
19.1254
26.8609
18.6597
26.0746
21.0659
23.0528
31.0423
19.1931
18.0748
22.2410
20.8099
26.0481
19.7725
28.2654
22.2752
28.4249
31.0676
19.6997
26.2804
25.6604
20.6138
29.5312
22.7735
25.2313
21.8288
20.1590
32.6820
24.9183
25.7089
28.6526
25.3926
20.6288
18.1868
20.6840
18.2813
20.6434
17.3775
23.4316
21.2364
21.5121
28.0148
19.6590
24.4700
24.7855
23.5898
23.4434
28.5983
26.3913
16.8977
26.0925
18.9228
20.0234
23.2958
21.0376
21.3970
21.6549
18.0213
26.2577
17.8014
24.3592
18.7450
21.9112
27.7154
26.9669
24.1585
24.6000
22.2813
17.5915
21.2465
18.0941
21.6320
33.4386
22.4172
28.1674
28.9688
23.1089
18.4782
24.2938
23.6237
28.2968
26.4241
21.2617
17.1314
19.8488
22.8998
22.8125
29.6380
19.4776
23.6101
24.3465
22.1501
18.3213
18.7757
29.4590
20.4140
27.4607
22.7014
24.1928
20.1568
20.5432
26.0861
19.7590
17.5266
26.2453
21.2282
18.5522
23.6474
18.4443
26.3711
25.1851
22.9301
23.3991
21.1617
20.1269
22.3161
19.3035
30.1057
27.5389
24.6585
27.8806
30.4686
22.0574
22.7235
14.5933
22.2199
22.0138
23.4342
19.0160
21.7880
21.4963
23.6719
22.6044
21.2413
27.3046
21.5107
22.4545
18.7332
29.6645
17.9965
22.7670
19.9156
19.6816
27.4404
19.1360
20.2806
17.3487
23.0293
22.5214
19.5194
21.4880
21.6426
25.5282
21.6114
24.4545
27.0879
15.1419
28.4332
25.6697
20.7813
28.9050
19.3677
25.6525
34.6971
27.5901
25.1964
21.3385
21.7104
29.3593
26.6949
26.7329
33.9087
29.4366
20.9319
24.5306
27.4998
20.0513
17.9073
20.7862
26.8983
22.2038
30.8004
33.0603
26.6921
24.1877
16.9731
20.3556
17.4854
22.9462
32.9094
30.5321
23.1957
21.1517
28.6076
19.8087
17.1810
19.4600
26.4728
33.9770
31.6017
18.4133
23.3845
22.7099
22.7345
20.6770
20.3520
20.4815
24.1882
19.2076
18.4967
18.2208
20.6924
16.9875
21.7160
32.3849
20.3336
19.4941
16.2250
17.9901
18.4961
21.8420
20.3785
26.6248
28.1908
29.4323
20.2226
20.6644
26.0831
19.6485
31.0566
19.8566
24.5621
22.4271
18.9822
27.3979
21.8266
25.6559
27.3027
18.7949
30.1791
26.5482
17.1217
18.2695
17.8315
25.1041
28.4326
23.9000
26.4781
32.8334
26.3137
21.2603
18.5351
21.9000
23.0207
25.7074
30.9315
29.9011
22.5795
18.3228
26.5505
24.6778
19.5196
21.9262
20.4344
23.2118
22.6753
20.8318
23.3768
27.5981
23.4216
23.4696
21.9128
19.7821
23.5842
31.2292
31.6329
20.4553
16.2351
23.2792
21.2027
18.1992
24.3855
29.4201
26.4284
15.1996
26.2386
19.4716
23.4036
21.7208
22.6574
23.1801
15.8771
25.8580
22.9790
26.2293
22.1137
20.0978
18.1421
22.9681
27.3536
21.0676
17.9566
25.8251
26.2885
15.9357
20.1248
27.0116
20.9010
22.7895
19.6133
20.2321
27.8778
21.7479
18.3055
17.8127
29.3815
20.7098
19.3341
19.9380
21.0872
26.1293
16.9982
19.0033
18.2588
24.1703
21.6301
21.2201
27.0733
28.4493
19.6821
29.1933
30.6498
18.3386
23.8773
17.4755
19.8283
28.1441
21.6800
21.8388
24.9677
19.0063
28.8476
28.4685
31.0165
17.6530
19.3698
21.9000
22.3559
27.5764
16.7816
32.4268
29.2776
24.5591
25.0671
20.9452
27.8310
29.9925
18.4920
19.7525
22.1203
28.2298
26.0040
17.8084
20.8062
22.7119
23.9293
18.0382
22.9249
27.9621
24.5989
22.9968
17.2145
24.5445
25.9084
24.6049
16.0570
25.5654
19.6350
24.3327
19.0518
33.1954
26.5633
25.2823
16.3585
18.0356
27.6219
29.0325
25.5821
31.1675
19.0288
22.6105
19.8467
26.0325
20.3226
22.6468
22.1070
21.1118
18.3865
23.7387
30.6863
29.4661
32.7939
21.4406
20.6413
26.7372
27.3944
20.3960
24.7564
22.0868
21.3810
16.9083
16.8620
18.8359
24.4228
28.6298
26.6987
17.4594
22.5246
29.2396
20.5993
29.6249
24.1016
31.6629
22.7574
18.8803
20.5439
28.0759
22.1421
21.5957
26.8501
19.2287
18.5328
22.8746
27.9627
32.5493
21.3577
26.4286
26.1069
23.5223
26.7661
17.9204
19.5437
25.7834
25.1308
21.9858
20.6727
23.9496
23.8153
19.9405
18.8521
20.0545
20.0424
21.7195
26.6565
26.8817
24.3984
26.7990
19.0384
29.7926
21.9665
18.5993
32.1153
18.9175
31.5389
27.3277
23.3902
23.9429
23.2704
19.8687
31.4500
30.4939
16.3767
26.6882
17.5182
23.6342
23.0891
21.2887
36.3504
21.3922
21.2731
25.5560
19.4362
25.6366
25.4387
20.3471
25.7408
22.7772
28.2840
27.4292
18.8610
22.2828
17.9889
21.7948
17.5365
25.7419
23.6913
19.8468
17.8408
22.3900
27.6552
27.6029
25.7551
19.9935
24.6520
24.0755
29.4726
21.2482
26.5012
24.7766
18.2698
27.2058
23.2725
21.2897
21.7613
18.9952
28.6463
30.3353
23.5704
19.0167
24.9038
20.5191
18.1732
19.8036
19.9606
17.6761
26.4475
25.7099
20.2123
23.4925
23.7869
18.5093
25.8037
19.8600
18.3211
16.4826
23.8685
18.2988
26.6441
21.2005
19.0101
27.1879
23.6102
23.9364
25.4649
25.6776
23.7307
26.0201
19.8239
22.0725
23.5055
19.9590
24.3009
23.0794
26.0926
20.9813
26.1867
32.4879
29.1601
17.2026
26.0339
26.3533
20.4290
20.8433
18.1832
21.8887
18.3906
19.9619
20.5519
20.8522
21.0397
27.1636
31.0330
23.9182
17.2648
21.4109
23.2172
20.5817
22.2390
23.1745
26.1985
35.9396
18.5271
22.2706
21.4012
24.8998
16.6700
21.9116
25.9647
24.4989
28.9710
26.2626
17.3591
21.9361
18.3953
18.6344
31.5054
27.7687
23.2219
23.2812
25.0067
26.7576
23.8201
19.8031
18.1024
21.6322
35.7394
29.6312
26.2766
27.8679
23.7494
19.5399
23.8677
17.8311
25.6505
18.8999
27.1202
19.5297
18.0775
21.6445
28.7631
18.5622
33.3583
18.4725
22.5997
23.2608
19.1050
25.9367
17.2721
22.5342
28.6512
19.1181
18.1681
19.6540
24.9055
21.6580
27.9089
17.3131
25.0218
21.1428
20.7801
30.7781
26.1234
22.3598
26.2920
18.4013
28.3069
25.7215
21.1742
17.2583
22.1105
28.5052
21.4035
29.2985
31.7717
31.6235
21.9208
24.4529
24.9329
25.3134
24.1083
23.1451
22.5126
20.6293
22.0822
19.5228
23.3364
19.8756
26.5526
21.6588
25.2612
16.7567
29.3814
23.2397
20.6812
17.9577
30.9939
19.9896
15.3904
18.4999
23.1886
19.5338
18.6526
21.4848
33.3650
23.5877
22.1433
28.7426
28.8172
19.8889
23.2642
19.6597
24.1042
21.1781
23.3116
19.9141
26.8023
27.8597
26.3843
18.7256
23.4995
15.8253
18.5550
21.1902
16.2595
18.6906
29.6458
29.6543
17.7590
18.0344
28.0419
26.2652
20.5358
19.9781
30.0354
26.7795
18.5601
21.6591
25.3342
23.9347
27.4997
18.9792
22.8441
23.2612
20.4730
20.3859
27.3871
22.7384
32.0976
20.2213
24.1356
24.5183
18.7014
15.7948
28.3177
19.8618
22.0295
25.4207
35.9143
24.0452
22.8534
25.8824
22.6045
22.2645
20.6184
19.8387
23.5741
26.1132
29.7928
24.0268
28.1960
20.2803
20.8533
18.2224
30.5557
30.8838
27.0716
23.3133
23.4173
30.7376
28.5993
19.9863
22.9362
24.7207
23.8655
25.6804
16.9018
21.8655
26.4029
25.0741
20.1717
21.3406
26.9672
28.4781
18.4001
25.0027
32.0400
30.7709
17.4243
23.9901
18.4269
19.3061
19.1656
20.6113
25.3662
26.1475
28.0531
18.6608
20.8118
18.8909
23.2891
25.0264
27.4851
18.6233
25.7942
31.9607
23.8306
21.4038
28.7894
19.1256
22.7769
19.2533
19.3645
22.7169
19.1987
21.1222
21.2203
31.3815
26.4501
28.2694
20.4427
19.8629
22.8960
27.0414
17.0926
26.6565
19.7567
19.2376
22.1503
22.3202
21.9101
28.7137
27.8729
17.2122
20.2632
23.7603
17.4708
30.2573
18.8561
15.5785
20.7378
19.0475
24.1500
16.4308
20.3732
18.5798
15.4749
24.2283
23.4461
22.1113
17.1841
19.3096
26.0387
21.8526
17.9735
16.8019
24.8689
18.2622
20.9656
25.2580
23.1802
24.9321
24.2919
23.9664
24.1342
23.5343
19.9338
20.5652
22.8710
18.2629
22.5613
23.9180
25.6859
24.4270
22.6258
29.4757
22.9287
25.4046
20.1776
17.8019
18.6655
24.4387
16.1496
21.0896
25.1779
28.3495
25.9183
20.2484
19.3136
27.0568
15.1452
33.3545
23.7897
21.3844
23.7509
24.6564
19.3471
24.3213
20.1021
19.5255
18.4840
26.7646
20.7693
25.5125
24.4504
30.0378
20.8926
19.4312
22.5098
22.3054
21.4461
26.4983
23.0867
33.6296
15.7801
32.3664
16.3426
19.3758
32.4080
20.3383
22.9199
30.3629
19.9375
23.9331
29.0109
16.7141
16.9883
20.5432
20.2359
21.7964
23.2708
23.8873
24.1095
20.5087
29.8533
29.7215
17.9263
23.4780
27.3732
21.6121
24.6333
16.6298
20.1463
21.6682
21.5991
32.4685
18.1177
27.0176
27.6217
21.4257
21.3861
28.7248
28.4032
19.3696
16.2611
19.1537
27.0498
22.6999
28.6355
24.3723
25.3556
21.5339
20.7185
17.9557
36.8389
21.0915
25.9497
21.1178
23.2386
32.4747
16.5368
23.3514
20.4918
20.2617
21.2872
27.8078
19.9031
22.5457
17.4247
25.3698
24.1994
18.9630
24.0771
19.5525
25.3451
16.2313
16.2930
18.9557
25.4393
21.2167
21.6842
34.2740
30.4934
26.7073
29.7386
27.8733
17.9743
35.0910
21.1148
19.2204
19.7487
29.4096
18.6511
26.0324
21.5033
18.6496
20.0784
15.4732
25.9419
22.6171
21.5870
28.0479
25.8752
21.5687
20.4936
22.3275
22.7804
27.8008
31.8098
21.5712
19.1616
25.8005
24.5194
26.5232
25.9668
23.2208
19.4500
20.3892
22.4522
22.0883
24.9085
27.0740
25.6096
23.2869
19.3899
26.8059
21.6171
20.7463
26.9406
26.1964
19.4528
16.9083
18.1911
30.0691
22.1606
25.3347
25.1762
18.5507
22.3497
26.6399
18.1770
20.6737
20.3424
22.8265
19.5179
32.1104
27.4703
18.4261
24.9759
18.8240
23.8365
24.0133
26.3272
15.7753
17.6002
22.8878
30.0574
20.6207
30.3334
17.1084
17.6427
26.4592
24.1022
19.9325
28.9314
17.9202
28.6318
23.9635
19.4413
28.7928
21.5284
22.8765
27.0932
25.6575
24.2151
20.1835
24.3051
17.3317
23.5858
27.3669
17.6567
22.2882
20.2311
27.0020
24.1954
23.6117
30.3349
16.5514
29.1943
17.2283
18.6127
30.6879
35.6891
22.8137
22.0100
21.4277
30.5414
23.4616
18.5526
28.8611
19.5017
27.2729
25.7332
23.5673
28.5916
19.0198
30.8621
20.0650
32.8918
25.2534
20.6335
21.1211
18.0493
18.3082
25.5432
20.4774
20.2138
25.1923
23.8504
26.0343
18.5347
20.2951
23.6906
16.2623
21.6216
17.2415
22.0504
29.6538
20.1639
23.0849
20.2167
19.3596
19.9245
24.1436
19.9630
18.5135
16.0170
25.2756
26.3389
26.9132
18.4496
18.7783
24.5986
25.9891
24.4971
17.1197
19.9618
25.3692
28.2130
30.9318
18.0818
19.4931
22.7176
20.7665
30.7890
31.6004
21.5646
26.4290
18.5737
22.0579
28.5539
24.9496
27.2793
26.2822
21.8354
27.6517
16.0424
20.1505
18.0849
19.6542
17.7946
24.3180
24.0056
18.2599
31.9576
26.8116
23.7168
18.5021
17.6931
23.3736
19.6779
22.5270
24.4481
21.6149
18.7430
20.0816
22.3084
18.2848
20.4525
17.3865
28.8488
27.2753
31.9740
29.5327
29.1860
18.5133
19.8642
22.7340
19.9937
19.1855
19.4443
26.1469
15.2271
25.6458
17.0330
19.5821
20.4972
24.5206
21.8873
18.9172
16.6379
32.3917
16.5270
26.6658
26.3965
14.5992
19.9055
22.5088
19.6247
24.1758
17.1104
17.1129
19.0907
18.7756
18.0457
18.8836
28.9679
22.3018
21.5719
36.3708
27.4784
23.6076
18.3958
22.6850
22.3635
29.0633
22.4187
18.7109
18.5227
19.7808
20.9247
26.9053
23.1428
22.9160
22.6111
22.1966
18.1693
22.7126
20.8180
24.7078
22.7026
20.6699
25.2635
19.5011
25.7506
16.7828
21.9405
22.1309
27.6865
31.4082
25.3757
30.9174
26.6356
22.1672
24.3803
19.2332
23.0414
25.7714
29.3427
18.0201
18.4574
20.0787
30.6894
19.1109
20.1311
28.6984
20.6170
30.9929
24.4181
29.4925
31.9560
17.2491
22.9727
17.4357
17.1630
28.9935
20.7258
17.8080
23.0268
20.0055
22.7789
30.8867
17.9999
23.7864
19.4930
24.8643
16.1748
29.7977
21.2561
21.8940
21.2019
25.1203
19.0368
26.2046
20.0972
27.7062
19.1682
21.3429
24.8599
23.7834
27.1679
17.2544
21.8721
19.1486
26.9188
21.4004
19.3412
29.1124
18.4673
18.4419
25.9355
19.8945
22.2453
19.8547
21.0387
16.4629
20.6592
25.7940
32.1519
22.6941
21.4493
19.2715
19.2614
30.4093
18.7650
20.5017
25.1340
22.4648
25.8306
27.8099
24.7049
31.6820
26.8089
22.5069
16.9707
28.6591
23.5607
21.9061
16.6873
26.0085
17.7254
26.0474
21.0876
20.4996
26.5970
23.4580
25.2539
18.7178
27.1031
19.1964
25.5971
29.0426
28.6810
24.6078
28.7822
20.3118
24.6385
20.9956
25.1289
29.7171
17.2246
19.6495
16.9883
23.7681
17.8780
17.9887
23.8094
24.3568
20.8271
16.8942
25.1693
20.8315
26.9112
30.6552
13.7323
22.0352
18.5517
25.9188
28.4062
22.6417
26.5333
20.4634
31.2927
23.7966
17.2345
24.6754
26.1327
26.7539
22.4064
20.1144
24.1794
29.7687
18.6885
23.6577
18.5192
31.6153
20.7787
20.7609
26.5849
15.7395
20.6623
23.4660
25.9264
24.4698
27.8080
20.7313
17.5364
35.2388
16.6226
26.1224
22.4094
22.3972
18.9352
21.2634
18.7509
23.9305
27.8903
28.2977
21.6003
25.2228
21.9659
17.4874
26.6970
25.8935
23.1188
19.9499
24.0633
28.0620
23.9217
30.2808
21.9156
25.4098
22.2596
25.9889
21.0340
19.6412
20.0956
22.8642
22.9930
18.8577
20.7256
25.0223
18.9739
26.7241
14.9767
22.6488
17.6763
18.6560
26.0487
21.7110
27.1423
18.2628
15.7362
21.9600
23.3695
25.2459
26.7248
22.6226
25.8097
22.0569
22.0413
23.0144
28.7052
23.4144
22.0007
29.5556
23.2944
23.9173
21.7198
22.4347
28.4904
28.8665
23.2451
19.0169
21.2757
24.7447
26.3175
19.2571
27.1963
33.3338
21.7006
24.2929
21.9176
19.4341
20.2546
26.8118
28.4014
24.6237
20.5810
30.9043
23.6891
28.4046
16.5114
28.1523
18.4459
23.8365
26.7664
20.2900
26.3625
17.7746
19.3323
15.4402
18.4861
17.3364
25.1850
14.3415
17.8624
31.0895
19.1622
21.5528
28.3317
21.3666
25.0292
22.3975
27.8972
26.9471
29.1574
20.3694
26.2904
29.1648
25.6677
25.4794
21.5517
19.4494
21.7239
15.8460
23.1260
18.0882
15.8443
26.6476
21.2793
24.7551
17.4370
20.9232
22.0209
21.9056
23.4026
19.1654
20.5641
22.5232
17.2488
23.2296
18.8383
19.8878
18.0731
15.8440
17.6536
18.9497
19.0616
22.6706
22.0016
20.7987
21.5894
23.6750
23.0359
23.4713
23.4133
20.2496
21.7290
21.3169
28.0518
18.6884
17.6193
18.3445
22.7324
23.8823
16.0494
20.6961
23.9255
21.2570
26.2628
25.1895
23.1713
26.0090
18.2640
16.9544
28.5309
26.1856
31.2385
22.1027
26.4705
17.5512
21.3107
21.1495
18.1554
22.9872
23.6320
19.6738
20.1484
17.0934
27.6707
27.4456
21.8133
17.5524
25.3281
24.7265
21.6099
25.0305
25.8777
19.2760
25.1524
22.5324
32.7438
19.5535
24.0533
17.7943
20.8776
26.6679
21.1292
27.2056
26.5131
22.6054
26.4928
27.7294
26.1898
17.6831
17.8541
23.4961
18.2177
23.7769
23.8951
19.4889
19.9680
19.7653
21.1504
22.2747
21.4608
20.4719
16.6945
17.7935
18.5760
27.1360
19.9581
31.4675
25.2201
16.9306
14.7782
25.7678
27.2719
24.8319
20.3653
18.3022
19.1307
29.0136
19.5994
24.3949
19.7166
21.1392
25.0484
26.3376
23.2406
24.1757
20.3734
21.1543
20.3008
23.6706
27.1502
22.7462
21.8727
19.0541
30.7056
25.8264
21.3494
25.8225
28.1928
18.0517
24.3428
26.5827
23.8624
21.4803
19.4144
21.5069
20.0805
20.7437
18.4462
20.4570
20.0876
28.9943
20.9400
26.0389
21.9518
25.8685
18.1489
23.5348
25.2464
20.0783
32.3187
27.0459
20.6341
18.5994
19.6025
25.5805
30.8195
24.2267
21.0282
21.9445
21.2626
29.2892
24.4140
17.1170
29.5220
27.0425
22.4277
17.9381
27.9751
17.9289
16.5156
24.2925
16.9780
18.7441
25.2720
19.5629
18.5503
18.1444
16.3842
29.9628
27.8642
23.1326
19.2372
19.5886
17.0316
21.8721
24.4405
30.8372
17.0388
23.0706
22.5060
16.9854
23.0602
23.8804
23.3060
19.3646
28.2295
18.5474
24.6106
20.0128
31.0925
21.1653
20.7496
18.5259
20.5123
26.9319
26.7514
24.7093
32.7325
23.5927
28.9831
20.4548
17.3628
20.5565
21.7317
24.3384
27.6808
25.7260
21.2214
25.8912
21.3711
21.0659
20.5873
17.6901
22.0176
22.0994
25.8556
25.2023
19.4064
29.4171
22.0180
21.9216
34.9080
18.0181
25.8545
20.9312
25.9183
24.6324
22.2453
19.6323
21.5263
20.6079
22.1213
18.7970
18.2431
20.5739
27.4065
18.6477
24.7719
22.6923
23.6228
25.7955
18.9982
29.2749
20.4535
20.5259
18.4048
18.1768
29.6541
22.9996
19.0568
29.5895
27.9394
26.0958
25.6491
24.4794
21.9057
22.3170
24.0050
20.6083
16.6403
30.0183
17.6107
21.3408
19.3862
25.5690
21.4193
18.8486
19.3113
31.5231
26.4570
20.0894
17.2746
23.2301
24.1438
21.7845
21.1355
24.6893
32.7225
27.9913
14.7188
28.6184
23.1436
24.3277
21.4267
21.1937
18.0752
18.3300
20.7548
18.3593
18.0409
20.7737
22.3376
20.4911
16.4466
22.5243
14.1634
22.8025
24.5120
21.7820
21.0985
26.6978
26.0060
20.8615
22.9904
18.8914
20.3087
18.0252
21.4129
25.1802
24.3256
18.6707
22.9562
22.6561
20.3713
23.9506
24.6101
32.5367
21.0394
30.4839
18.4631
20.0159
19.8790
20.2800
25.8176
25.9699
22.2893
21.3854
19.4205
19.4293
25.8405
26.4771
20.2477
21.4670
16.7679
25.7257
22.6052
19.1197
27.2212
24.3257
26.8375
23.4326
26.6811
20.6139
23.4804
24.7505
21.2376
25.4222
21.5678
20.2202
22.0776
18.4200
23.6978
19.1127
27.1524
33.8105
25.1025
25.1905
27.8149
22.9425
26.5412
20.6709
22.3498
16.2095
19.8995
22.3268
18.6190
30.5292
25.3971
31.9789
18.9853
21.1900
19.0927
17.2253
15.0198
22.4987
32.9616
20.0992
22.9914
25.3026
20.1461
34.0287
16.4281
29.4517
20.7347
18.6055
16.4200
31.5793
20.6985
28.2066
28.4160
30.4097
22.9351
19.9300
24.2204
30.6499
18.6716
27.5441
24.6653
23.1584
21.3652
23.0314
24.3385
24.5165
25.5809
26.2418
23.3625
21.1264
22.3374
19.6497
20.6084
25.1697
19.1821
27.5025
16.9941
18.0611
20.3035
26.7267
17.8963
20.4894
22.2268
23.0882
24.4897
26.2517
24.1688
19.7008
28.1664
30.3315
25.2239
19.4629
17.8730
19.2848
19.7813
22.5817
28.3226
17.5875
27.2223
22.3989
26.9610
27.1763
17.4646
20.4359
17.5176
33.8654
20.1737
20.7228
25.7987
28.7623
23.2427
20.2330
19.8530
18.2570
29.2216
24.4732
22.2202
21.8805
26.4732
23.3924
20.5462
26.9125
16.7211
21.1659
27.9732
29.0738
27.7004
30.1596
27.2197
18.4887
14.6397
21.9801
26.2501
25.3876
23.3433
25.7440
31.4229
26.0803
24.6402
19.6540
28.5291
16.3858
20.3988
20.5370
20.5950
28.2286
27.7681
21.0281
28.2533
24.8936
28.9398
24.6403
24.6971
26.5411
19.4078
20.8546
27.4154
22.9198
21.2444
31.5143
32.5921
21.0704
22.4275
26.3735
23.8538
23.6212
21.3647
22.0152
16.6380
25.9764
25.5528
32.7935
21.2994
24.4904
22.8786
29.8354
22.4101
18.4359
28.4254
28.9366
19.6363
21.7943
20.4558
22.5317
18.0717
27.6374
31.4735
20.0422
22.9561
20.1349
22.7285
19.6736
17.2664
21.1313
21.0579
20.0805
20.9843
26.7717
24.2562
26.7123
21.5244
21.1867
18.2678
19.5707
16.1260
19.5763
17.2352
22.2247
18.9707
28.0396
30.5157
23.2478
25.8231
23.6318
15.6092
18.9052
17.9154
22.9918
22.2819
21.9908
28.6935
23.3283
19.2356
23.5278
23.6944
28.3330
19.7848
16.7200
24.8593
22.7327
17.8300
25.6562
21.6226
25.4838
28.2744
29.6137
26.3685
24.4785
16.8969
17.1074
21.2040
22.7194
18.3867
29.2263
24.5977
28.0982
32.2447
30.7939
18.2974
21.3342
17.4469
21.8801
18.7144
25.7596
19.6667
31.9651
18.5202
19.5507
20.2420
27.7476
25.3740
21.2218
23.5760
20.2464
25.0862
26.3042
30.7213
26.3901
22.3776
24.9107
30.6112
24.9543
28.2363
21.3166
16.7422
23.5164
21.0585
29.6010
26.8268
21.4109
22.3468
30.2599
26.1385
22.4048
20.6064
27.6752
31.4321
18.7277
20.6656
20.7865
23.4596
25.9816
24.8369
25.8394
33.8023
32.1596
20.3788
18.6082
26.1708
24.3425
23.6782
19.5731
27.2142
18.0482
19.7877
30.9331
28.4774
27.3952
22.7300
28.9329
25.2505
29.3430
17.4552
24.8266
19.8102
23.0158
17.8354
19.4902
25.3667
21.7415
29.8901
31.1148
28.6162
19.2560
20.9504
20.0296
18.3503
16.8769
15.3428
27.3864
22.3826
22.5753
17.5786
20.3283
23.3085
24.9398
27.6021
28.9173
21.6824
28.8493
24.2146
17.5752
23.8594
23.0076
32.1147
35.8148
21.6165
23.0877
20.0283
25.7614
23.6686
21.9350
21.7573
19.2381
23.4124
17.9445
16.6626
27.1763
19.9151
15.8779
17.3003
19.1428
22.8479
23.0551
20.3346
20.8660
19.3291
21.4635
16.5818
18.2141
18.8077
30.3358
23.9498
15.8641
24.5444
19.5076
17.3484
16.3934
24.5799
17.6323
20.2516
20.5726
22.7027
19.4186
25.5624
19.0909
20.6656
33.1457
22.0668
22.0636
24.0267
16.8394
21.2204
22.2944
25.9532
18.7082
18.0593
18.7671
17.4120
15.1514
23.0047
22.1777
25.1522
18.8994
21.5713
23.8924
19.3406
20.3770
32.1778
26.1348
19.7704
20.8079
20.8648
15.6654
22.1910
26.0279
23.8497
28.4179
23.6415
18.5820
29.4584
30.6681
22.1914
25.2904
17.9516
24.5036
27.0335
27.7053
22.0864
21.5330
20.5809
26.6931
26.4538
18.8173
23.2136
19.6394
22.2179
28.0681
18.0239
16.8596
27.6111
20.1559
18.8755
21.0803
17.5113
20.2382
27.6041
36.0081
17.8384
21.1075
19.0842
23.6179
22.8546
18.7811
20.0890
20.7882
21.9994
31.3140
17.3972
20.3660
30.3545
26.7908
20.5396
18.7193
24.3922
25.4484
21.2863
21.6136
25.9154
23.3204
27.9725
28.7437
25.6889
27.4557
25.3549
22.8588
20.6474
25.9210
23.3747
20.4247
20.5247
21.6299
22.6728
19.0951
18.0185
23.1283
20.6624
27.6799
16.7480
22.3951
25.0267
16.1017
18.8067
21.6155
20.8979
24.1019
18.4122
27.1329
25.5269
16.4381
31.3056
32.2498
16.9866
19.9434
25.6360
16.6535
27.6248
23.9696
19.8174
22.0338
19.9871
26.4406
27.3107
22.8807
21.0430
25.3320
21.6067
24.2439
26.9494
20.6966
18.6489
22.5309
17.1247
28.4393
26.1747
24.9894
23.5056
19.4088
24.8460
23.1083
30.4408
23.2475
17.7413
19.8621
19.9029
21.5681
25.7969
26.9112
17.7752
33.6286
24.3809
15.5372
25.1368
21.4769
24.5990
23.7225
17.7705
20.6010
21.3630
27.9751
31.1209
29.0319
19.9718
22.1697
28.7212
21.1527
20.1484
25.6677
24.3148
28.0682
20.7298
16.9816
25.3690
25.6166
17.0279
24.1006
19.6598
18.5642
26.5287
28.0210
25.8431
19.8995
30.2406
23.4980
23.2621
16.4238
29.9379
20.8394
20.6253
21.9288
25.7642
27.6848
23.4478
19.1763
16.5956
19.8168
19.8738
24.3273
31.4980
25.9924
29.0268
22.8220
15.9761
17.9994
37.7905
15.7729
28.8998
28.6072
24.5848
17.0677
26.5801
22.3114
18.5443
20.6989
24.5391
17.5108
26.4739
32.4745
23.2115
19.1494
30.8063
21.6103
21.4044
34.9698
21.9179
15.4771
24.6977
18.9821
29.6104
19.1429
19.4689
31.8087
27.6229
19.9394
30.1485
19.9397
27.0674
30.1216
24.5049
18.1337
26.5235
21.8831
18.8383
26.6773
34.3662
23.4582
21.6933
21.5026
21.8782
17.3424
23.9248
28.7637
29.3761
23.5841
26.7560
27.7830
18.7071
21.2180
20.3200
28.8646
19.6293
18.9797
19.3640
23.1912
24.2981
24.7777
19.9857
17.5493
31.3829
20.4085
17.9302
20.9762
17.6075
23.4574
30.9846
25.3112
21.2146
20.5071
35.9997
19.4667
17.6928
24.6054
25.2314
30.2421
21.8405
29.1365
22.4966
21.6298
25.3162
26.0317
22.7316
21.4884
18.0361
18.6805
18.7915
20.0340
26.2932
19.1375
21.1103
25.0069
25.1422
18.9906
30.2508
26.3617
25.8786
26.2783
26.1925
21.5306
29.1481
23.2100
18.0983
23.4613
30.1172
19.5547
25.4526
25.8759
16.3463
18.1930
15.5957
22.7927
22.1833
18.7499
19.6670
25.9927
22.8943
30.3178
24.6462
27.4764
23.9354
19.7527
28.1806
20.4204
22.0156
20.1936
23.2335
26.4035
30.8151
32.8588
22.0430
26.4996
19.2064
18.3401
25.0957
23.3416
28.9100
18.7242
17.4473
33.1045
19.3500
16.1214
23.8204
20.6487
30.0510
26.6000
15.2198
22.1910
22.7140
16.9603
27.3755
22.2303
18.7188
24.5619
17.5747
20.4023
26.5908
21.5090
21.7596
15.0134
20.5226
17.7872
26.5143
20.5342
27.4120
23.8929
25.0428
17.6633
20.7588
18.9123
19.9154
27.5023
20.6216
22.4848
29.7007
23.0028
20.4430
19.0524
17.4575
24.7857
22.1356
21.2969
25.7937
18.5633
26.8407
30.0133
21.4554
21.6131
27.2582
22.0694
28.4745
17.8510
19.2172
17.7139
20.8470
24.1467
17.6492
29.5430
16.9908
22.9742
29.1582
24.9200
26.9740
29.8680
19.3716
22.2791
17.6839
21.8915
19.6640
17.7723
26.2219
17.2200
15.3106
17.9757
17.7719
22.0671
24.5194
17.1295
29.1936
19.1484
20.2096
22.0565
24.8057
16.2493
20.1441
29.8685
22.0430
18.7394
24.4827
22.2333
32.1127
27.2347
26.6228
23.0737
23.3395
26.5262
20.4268
28.7503
24.1474
24.4983
17.2581
27.5879
18.5590
23.1279
22.9932
23.2550
25.2039
19.0093
18.7305
18.4720
20.1391
26.0577
15.0335
28.6098
30.6309
16.7522
25.6773
26.5062
19.3324
25.5162
31.0336
26.4173
28.3764
26.2929
24.2861
23.6185
23.9847
20.4495
21.0687
33.0539
21.5956
18.4356
19.6256
27.8524
23.0537
18.0627
23.0505
23.7304
20.1215
18.7492
22.7195
18.9049
26.7986
31.5397
20.3965
28.8593
15.8805
23.3015
17.7947
28.3750
25.4633
24.1543
18.4684
26.9963
23.0291
17.6911
22.1950
21.5043
27.9566
27.7564
22.6688
25.2077
21.2071
23.7597
20.5512
22.9711
19.8099
29.8942
23.9350
23.9666
18.4984
22.8418
19.4691
17.8278
22.4079
21.0930
21.0468
21.5982
20.6669
27.3302
18.3640
20.1187
23.5902
16.8994
24.1981
21.5989
19.0669
19.5237
22.0679
25.1392
26.4155
24.5868
23.6499
23.2674
26.1701
17.4097
25.8307
24.4857
25.8302
20.8419
26.2584
20.4507
26.7202
29.3021
28.0528
30.7722
32.4336
17.6476
22.6154
21.3090
23.4283
25.7421
21.7563
18.6577
22.4831
20.4504
27.8596
33.6652
30.8420
16.9396
22.9927
28.5250
21.5271
19.4361
19.6105
17.5185
19.4208
19.2306
21.0509
26.0859
21.0787
17.4097
34.0560
27.8004
31.4376
22.4814
16.3774
29.5079
18.2212
19.3570
29.4537
28.1074
20.5972
24.9009
29.5649
19.8276
25.6371
27.9809
22.1557
25.7669
23.4675
28.4809
25.4149
21.2267
26.2590
20.0910
22.7514
27.7692
20.3911
16.6433
25.1079
28.8080
27.8391
17.1459
29.3622
23.7976
20.8213
21.5940
20.0997
28.0911
20.8555
26.7569
23.5989
30.3115
17.5434
25.7277
26.7581
22.0718
19.0738
23.2021
24.0444
23.8712
27.3647
21.9054
22.6048
23.9332
28.4696
22.4802
21.2503
20.9096
23.9039
32.2816
26.2275
26.3732
20.1994
24.5795
22.7259
25.4838
23.3998
18.2911
17.1063
28.3685
29.5950
19.5320
23.7215
24.5181
24.9623
19.8908
20.7741
21.8147
28.6857
23.5405
23.4957
22.1336
22.3462
18.6551
30.6550
22.1268
19.8052
21.2406
20.4861
25.0479
19.0873
21.9614
17.9474
26.3465
19.0099
29.7633
24.1163
24.8898
20.5092
20.3955
23.3312
25.4053
22.0380
23.7407
18.6408
25.4440
19.4754
17.0384
28.4761
26.2999
18.6768
22.6626
22.4543
25.0143
24.3044
20.8654
21.2335
24.3822
22.0210
18.4433
18.6028
22.5338
28.7133
22.4174
19.0283
26.7371
25.4412
23.8531
19.6531
20.6498
18.4192
21.2218
27.9802
24.4732
14.2167
16.0229
18.4972
30.8988
15.7398
19.7773
21.9313
19.5186
25.9867
23.5323
24.0004
19.6563
28.8220
18.7874
22.8882
22.8710
20.7480
17.5688
28.1720
32.0528
16.5406
21.7804
23.1529
28.0841
27.1671
25.3648
22.6102
31.7966
21.5918
17.9635
24.5488
18.0293
25.8202
20.9779
23.6203
23.9583
27.0611
23.3001
26.5004
26.1500
16.5650
34.6377
22.1270
27.1070
27.5098
23.9675
22.9264
19.1426
31.2279
17.8479
17.0745
15.4209
23.7519
19.9018
24.5989
19.0288
28.7857
17.4253
15.4274
27.0014
24.4771
24.4581
21.8989
24.1086
19.0901
22.3014
23.9734
31.3771
23.0326
29.5880
17.7331
18.4318
27.2701
21.2828
22.5661
28.8537
20.9607
18.7401
20.7177
19.8343
19.9009
17.4598
19.7447
24.5496
24.3805
26.2571
24.8614
22.8175
26.1862
25.1154
21.6585
23.0672
20.6655
32.2565
20.9849
16.0653
30.1098
23.4542
20.6231
20.5164
19.8310
24.0133
23.6198
19.9418
24.8556
26.7665
23.7166
22.6118
28.6863
32.7730
36.8918
21.3179
34.3461
21.9076
32.0962
23.2949
26.6110
23.5976
14.2234
23.1089
24.2562
18.7687
18.3663
31.1147
24.2706
30.7318
25.4400
16.9287
20.1118
18.9724
32.7674
19.6603
27.5847
22.7713
21.2598
32.9547
26.3862
21.8574
26.3076
19.0415
17.5292
20.7847
30.8350
26.3025
19.3548
18.9495
20.5229
31.8893
18.5797
25.9454
21.4713
27.7443
22.5182
23.7424
18.2736
27.3079
23.6393
17.1460
18.2848
23.4887
23.8468
16.3609
24.7730
25.5604
28.2529
22.3197
28.7954
20.2174
15.7813
25.1321
16.0418
23.7517
20.0699
24.9742
19.5052
28.7412
25.0114
30.4493
30.2509
20.5843
18.3820
22.8759
24.7186
19.8102
21.4994
26.7844
18.0349
29.2848
19.9826
35.0842
18.5494
23.9159
21.2289
28.5339
23.1338
20.5772
16.6185
25.7790
24.8393
19.7671
28.3229
21.0449
30.5267
28.4067
23.1775
26.1716
19.0683
22.6283
22.7346
24.5770
18.6187
27.7606
30.1894
29.1037
19.3091
24.2703
27.2526
29.7936
18.2569
24.9120
29.1468
18.7259
22.2923
21.1544
24.5547
22.7143
22.6300
22.5357
19.9740
24.3552
17.8258
17.7012
30.9731
21.3958
21.9036
20.2842
19.4664
32.9389
28.0973
22.6365
18.4118
28.3662
24.3034
28.2088
31.8829
17.2124
18.8556
22.1182
17.7053
25.4222
27.0799
24.0958
29.2664
18.9401
24.1980
30.6492
16.8863
21.2968
29.3277
26.1957
24.9459
17.3893
24.9359
19.1404
25.8642
20.1420
18.2897
15.3837
21.2484
30.0045
17.1342
27.2291
21.8165
22.5366
17.8547
17.8384
21.1435
21.2626
18.6722
24.4779
17.8037
18.5797
16.8757
29.5307
21.2869
23.9557
15.2010
19.2743
24.3361
24.3210
23.9499
15.3678
17.5300
22.7516
27.2886
26.5682
19.8224
24.0649
18.5241
28.2783
19.2115
17.6975
23.3659
21.7346
17.8167
19.0775
21.3065
23.4718
26.1407
22.9036
18.7876
21.3185
19.5700
30.5906
26.5996
25.4854
19.4239
23.1132
24.0532
22.5112
17.6850
15.8821
21.2194
24.4074
19.7068
24.8096
19.9848
19.9724
18.3964
23.9451
26.4071
21.2113
21.8281
26.9464
18.6287
23.3511
29.7865
16.5223
16.8730
24.9676
21.8150
25.0426
20.9179
20.5529
27.6597
26.1884
21.8073
20.1803
24.2482
16.4856
22.3108
27.7631
23.2966
24.0080
24.5848
20.0872
24.5706
32.5954
19.1068
24.5454
18.5996
23.9832
24.3867
26.9441
21.4742
18.0547
32.3920
16.0971
28.3907
25.9187
20.2782
17.4973
22.8013
20.7167
24.7730
22.5465
19.5202
19.3098
21.3585
17.8783
24.5565
17.0950
24.0149
30.6689
28.3312
28.1156
18.8878
21.3838
26.9204
20.5710
22.2924
19.2938
19.8147
24.2674
21.7875
22.2129
19.6775
18.3518
17.6288
19.9253
22.5397
17.2407
16.1711
23.0466
23.2318
20.8207
18.5796
18.6246
28.5430
21.2922
21.4935
21.3372
21.7043
17.8374
24.9452
25.9604
21.2610
27.0210
20.1029
18.7629
23.5025
22.7458
25.4511
20.7448
24.5835
26.4170
26.7940
26.6968
23.5823
22.7838
32.4432
24.7648
32.8939
19.1312
21.7554
23.5734
23.5366
19.2680
21.0028
29.4295
29.2599
27.9936
19.3081
15.2819
21.3654
26.6515
16.7818
17.8263
19.5484
28.5789
19.9444
23.6319
18.0111
27.3525
23.0542
18.7862
18.6791
21.8662
26.4173
23.3727
27.8135
25.7245
18.7992
27.5780
20.9224
20.8388
32.8338
28.2938
21.4932
21.0798
16.7431
14.9432
27.4123
19.6298
20.9555
24.0019
23.9159
22.8092
25.5095
27.7791
18.0396
25.4040
19.7415
24.5029
24.3926
22.2132
20.5978
21.1236
20.7481
15.0127
22.8580
22.9100
24.9877
26.4554
24.8277
22.9231
24.2853
23.0654
20.4147
19.8928
22.4343
18.9767
24.4270
16.0567
20.4047
28.7491
23.5730
18.0356
27.4093
20.6193
21.3709
18.4204
18.1719
30.5868
18.3644
26.4620
25.0883
18.1227
28.1051
22.2564
23.7718
22.0531
32.4523
21.2911
23.9342
23.8781
19.0057
28.4913
24.0206
28.3533
20.8212
22.7852
19.8972
27.8330
24.8055
25.1703
21.1888
24.8473
20.2947
20.4694
18.2423
25.8016
22.9704
23.2146
21.4771
17.3114
23.0997
16.1676
25.4698
23.5605
25.5801
26.7095
23.1479
24.1167
25.3535
24.1619
20.0063
25.3602
28.5993
20.0468
17.9707
29.5643
23.8443
16.8198
32.2846
18.3133
22.7783
21.6330
18.3013
22.9135
27.9964
18.3918
21.4197
21.0010
18.0930
18.9982
18.4733
29.1517
17.2963
28.7506
23.8204
28.0210
29.3153
30.7098
24.0952
31.8349
16.9498
21.1730
23.7125
15.0718
30.1748
29.2164
21.3545
22.1079
21.4350
21.1185
22.7068
17.2210
22.7906
18.0470
16.9392
21.2592
21.0437
25.7506
19.0443
33.4081
24.2340
28.0558
25.6876
20.7490
21.7205
27.5623
23.8572
24.8792
23.9281
18.9316
24.0790
19.4173
27.0839
20.9712
34.6142
27.7243
20.0012
21.7125
28.2080
22.0131
27.7848
27.4576
22.4785
20.4932
21.8420
19.5838
19.9098
20.9187
27.4837
20.5655
31.5931
19.6819
22.4432
22.2034
20.4681
23.5952
21.4971
21.3170
27.0652
23.9911
24.0123
15.9878
24.6548
20.5434
18.8915
25.6649
29.8539
28.8206
27.5649
25.6871
22.3009
19.5845
22.1246
29.7502
23.7959
25.9711
27.0189
24.2259
23.7511
25.7295
27.3875
23.0080
26.2885
21.8531
25.4336
21.4681
22.4708
33.1932
28.3130
29.7780
21.2612
24.4317
24.9381
25.0796
19.2115
26.1229
18.5985
20.0160
27.3778
27.7620
27.2697
25.1852
26.8318
18.6552
21.0626
27.7864
22.0118
27.7665
17.8721
25.5957
30.8117
20.7195
25.3056
18.1397
29.0994
20.0518
26.0309
19.3930
20.1537
20.0932
21.2856
29.2142
21.3869
20.8159
26.8778
25.1890
24.3945
28.7765
19.0795
27.2125
29.4722
28.0364
27.4107
26.3230
26.7449
20.4972
23.0119
20.9573
30.9237
21.4466
23.3985
23.7537
20.6495
25.2690
18.2543
21.0325
18.0206
28.3382
16.2458
23.2657
26.4915
31.8008
16.2422
21.9110
29.6283
18.0555
21.8840
24.7355
20.9121
16.8893
26.9535
20.4909
29.7524
20.9173
28.0044
28.3009
28.9554
19.9879
21.6000
20.7367
18.5372
20.2130
19.9955
21.3963
28.0328
20.0028
19.4503
22.4336
17.1236
31.1971
30.0119
26.8220
24.1413
19.5939
24.3953
20.2865
22.2638
20.7985
20.7814
17.2711
29.2079
15.9827
17.3852
29.9175
25.8365
26.1023
20.1839
20.8353
32.0220
20.2581
20.4187
28.6466
22.8193
23.4199
21.1097
18.5852
26.6293
21.3483
28.0513
30.6465
23.8804
21.7321
27.5412
22.4128
23.2625
22.3822
23.6207
27.0480
18.7147
30.3461
26.1992
19.5632
19.2795
21.0173
17.9132
25.7514
23.4157
16.2970
17.0545
25.3423
17.0452
25.4555
25.6533
18.0920
22.5870
17.7120
19.0758
21.1413
17.0936
24.3411
20.9405
27.4721
19.3457
24.1575
24.4462
18.3672
17.6596
23.8864
29.4569
21.8948
25.8602
20.2707
28.3143
25.6364
21.1920
24.0075
19.4308
17.2238
18.2912
30.0900
18.7135
21.5822
21.0567
19.9097
21.1324
29.9800
32.3019
29.7956
16.2926
24.1961
20.1115
16.9695
25.2461
23.4440
18.5215
20.1206
20.2017
19.3131
16.9583
29.8914
22.4512
18.5445
19.3067
22.9106
22.1009
18.5376
22.4682
27.6463
20.2097
20.6137
20.6958
20.9072
19.7229
21.4460
29.4356
29.8814
21.6525
17.4854
24.0159
19.6124
17.5194
23.7617
25.1756
20.7542
20.1970
16.6413
20.0764
25.0945
21.5293
26.2412
17.1493
28.6912
18.6931
20.9035
18.9052
19.3152
23.7872
21.0914
22.7940
21.1002
19.8640
27.0213
27.6039
32.0239
29.6955
21.5088
22.1988
16.4839
21.5286
18.0696
17.2357
25.8662
18.5421
20.7304
20.0465
23.4638
25.2772
23.9663
20.7759
18.2604
17.3320
23.0787
21.8966
34.4274
19.5043
23.5363
25.1060
22.9438
25.1879
26.5304
29.0776
22.4098
18.6502
28.1097
22.5723
24.1921
28.0077
28.8102
18.1411
24.2752
22.6929
27.4811
28.8792
21.7294
23.6360
24.0707
21.0439
16.5181
27.1842
16.9749
21.0529
21.0784
25.5669
29.8442
17.3135
20.2443
24.2417
24.3027
20.4972
23.6468
25.5636
24.3639
21.2497
21.8293
29.3951
28.2088
35.2502
19.4396
24.3014
30.0664
19.3649
25.9339
19.6621
22.1419
24.0266
28.7425
19.9175
28.1749
24.1307
26.6686
18.3803
21.3662
24.5152
23.1279
20.6528
29.9937
18.8429
18.6581
24.4093
21.2560
34.0916
22.3963
23.6829
23.7925
21.9455
27.3191
24.5938
21.0935
18.2536
16.1136
19.5192
19.8720
16.4310
20.3217
17.4251
18.2735
20.4721
21.2100
17.2565
21.6598
26.0866
24.8148
24.1193
21.4328
19.3478
25.3368
29.7171
19.8979
24.9810
22.6860
29.0758
26.0917
17.8033
22.2366
18.1533
17.3579
27.4145
16.4809
25.4757
17.3319
28.7966
24.1328
21.6895
19.8166
20.7633
23.4447
20.4790
22.0353
19.2805
20.5088
22.0103
23.6282
23.4202
21.6610
26.2423
26.2141
24.2868
20.6011
25.3931
22.3965
18.6521
20.3445
25.0438
24.8179
28.1717
22.9778
17.4350
26.3041
21.0413
26.6867
24.9920
18.2695
22.9375
20.3194
23.3783
25.3920
22.1464
27.3564
22.7771
19.8729
22.6059
21.7314
19.7548
20.2841
30.3563
23.2817
29.6406
18.4766
32.3214
25.6744
28.8025
25.8948
19.8898
24.5853
31.0317
21.5826
31.6071
17.2239
21.5764
18.9090
28.8256
21.1468
22.3481
17.2760
24.6506
18.9509
34.5393
20.4907
18.3878
26.2893
26.5243
17.8808
22.8568
21.0500
24.7653
25.3513
25.8619
24.7275
24.8156
25.9474
21.0441
24.3112
21.4316
23.0481
25.6890
28.4037
22.2469
26.7140
26.1015
19.0697
27.0929
17.7166
26.8036
25.8434
15.1455
19.5389
20.7564
30.1481
25.1574
20.5141
27.3514
20.0913
25.1703
30.0132
22.9500
16.5838
25.4263
26.4604
19.0874
23.0820
18.0946
27.2590
17.5771
18.8451
16.8284
16.6553
18.1008
23.4802
27.5639
19.1874
25.3167
19.8028
24.7384
30.1487
22.9073
21.9026
22.2682
17.1235
17.7491
17.4936
21.3487
25.0047
23.2501
20.1174
23.4515
22.1774
18.2313
18.9268
29.8832
22.9283
27.8147
24.5525
25.0691
22.1871
20.9070
28.1378
17.3439
25.1064
24.0530
15.2706
29.5123
30.8206
27.1274
29.1980
26.9130
20.7084
27.4195
23.1457
20.0482
18.7031
17.0493
26.2096
33.9275
19.1546
25.6883
27.0258
18.8888
19.1038
25.5085
22.3316
21.1091
16.8502
16.8713
29.9169
23.3611
18.4017
22.7304
24.2962
16.3178
18.5919
25.8711
25.3350
27.5671
21.5239
22.5828
25.7406
32.5396
22.3907
22.5923
19.6115
22.2141
17.3328
21.7636
19.6240
19.5133
15.6189
17.6116
23.9991
23.3641
21.7880
20.6464
27.5848
17.2313
26.9485
26.5489
24.7667
22.8584
25.8028
20.1453
19.4406
28.6274
16.8517
20.5605
16.3912
26.1214
24.3295
29.5407
20.5895
28.2837
23.2272
23.4137
25.0165
24.9364
31.2660
19.4421
22.5583
27.9446
28.5440
18.8829
20.8539
17.3722
29.1232
29.1951
24.9911
21.2149
27.2919
25.5011
23.2669
27.4814
24.3276
16.7600
26.6252
25.2445
24.1712
19.1949
17.6295
18.4515
17.2923
19.4702
17.6603
18.7313
20.1623
24.2441
27.6212
24.7009
23.2903
21.6280
20.4980
25.8846
19.4044
24.9151
21.5720
19.2142
22.8460
33.3629
24.5777
20.4558
16.4138
28.3733
19.5487
24.4478
21.4288
22.8963
22.6497
17.7226
28.5287
16.8522
18.6296
23.4907
20.2958
20.4148
20.3667
16.9996
23.2516
23.8558
17.6884
18.5967
29.5920
21.4768
18.9847
20.2851
26.5019
23.1433
23.4074
20.3996
22.7787
23.4110
20.5303
23.1325
26.9429
24.1623
25.5304
19.6486
23.8096
22.7120
21.1250
24.4204
25.2660
33.1050
32.9120
22.9191
20.9127
22.5692
27.0278
27.6322
26.9062
27.9050
18.6929
21.6761
21.0803
24.1151
21.4492
23.9430
21.2046
21.5749
24.8648
23.2069
26.3566
23.1033
20.8773
19.4344
30.6050
24.3149
31.2191
20.9747
21.8002
17.5611
20.0823
28.5282
21.6870
26.7223
23.5719
20.7414
22.4857
25.9707
18.9523
19.4181
18.8475
23.3027
28.1523
20.0998
18.1228
18.7350
21.2396
27.0853
22.7718
29.5132
33.8940
22.2363
19.5478
31.5785
26.0867
24.6032
24.9613
22.0565
25.3105
25.5745
27.6189
22.9503
31.9233
26.4126
27.9283
24.1117
23.4067
23.5043
18.6284
21.3861
23.4713
17.1456
18.9433
20.0347
33.2562
16.8396
17.2955
23.3338
19.8700
25.2135
20.3916
30.1701
21.9770
29.7939
19.9233
27.1294
28.4299
25.7188
21.8139
24.3715
18.8714
19.9263
30.6323
21.2150
26.0157
20.2777
22.0436
27.1411
20.0753
20.9203
29.1323
26.8902
31.1150
27.4952
25.2593
21.7704
19.9276
23.3005
19.9576
20.3162
20.7258
29.6754
20.1431
24.4748
17.1999
19.4673
16.6791
29.8083
29.7745
16.9437
26.5338
18.7455
26.7609
20.6512
29.4272
29.4210
21.5801
18.0303
24.4887
25.7830
21.6481
25.8790
27.0154
25.4011
21.1740
22.5514
18.2343
20.3986
15.7005
25.5777
23.6303
22.9720
26.6134
21.2031
24.6225
17.6376
26.2493
24.4781
18.9385
26.3001
24.7437
25.6845
26.0332
21.1746
23.2282
23.5191
26.4869
25.3380
25.1116
31.5923
24.5293
21.3360
18.6417
26.1589
32.6222
22.7360
26.1418
19.8601
28.4954
23.5202
24.8281
32.0880
30.4308
20.8737
21.3350
22.2189
28.1306
20.7741
24.4796
27.6146
22.8703
24.9775
17.7351
21.4151
17.9527
18.4218
26.8885
23.0478
24.0896
17.9263
18.3507
28.4400
21.9556
18.9615
33.4946
26.8760
21.6806
15.5972
24.9816
26.9272
17.8345
29.4930
25.8660
17.6860
25.3234
19.2555
21.0773
24.4514
19.3426
19.3605
28.5700
20.4080
26.5312
19.1608
18.6976
28.6967
25.1484
21.4571
25.5466
25.8960
22.4636
28.7473
21.0071
26.2872
21.2332
18.9584
20.5620
21.9176
25.6426
29.8242
21.5650
26.9122
18.3575
13.8380
18.0234
19.1468
19.1747
16.0647
17.1029
18.8107
17.2754
17.7497
18.1392
22.1969
24.7418
27.2884
25.1199
27.4629
21.2555
22.7815
18.4095
19.2422
22.5179
26.7758
24.0837
20.4522
25.4625
22.2265
20.8201
31.0813
35.7254
26.8939
25.9555
20.8102
28.9265
23.9926
20.7563
19.4750
17.8991
25.7628
24.3414
26.8144
19.7750
28.7728
22.7304
23.3362
29.4416
25.7983
23.8942
19.8710
22.8870
22.2255
22.3625
21.2120
31.9415
20.1941
27.0509
20.7188
18.3909
25.2395
19.1996
32.7500
18.5995
18.8167
28.5516
35.1408
28.6632
22.8631
23.6103
28.0726
18.6844
20.8061
24.7516
20.4617
24.0798
21.4030
24.9193
22.8972
25.8697
20.1002
16.6289
26.2567
23.9609
22.7855
30.0577
20.3027
27.6898
20.1957
26.3738
17.1310
18.7477
16.2018
18.4293
29.1048
18.3270
26.5319
30.9207
25.5372
27.9242
27.3304
21.7848
17.3135
19.6270
23.7745
27.9133
30.5638
26.7987
34.2832
27.6106
22.8301
20.7608
17.4276
28.8842
20.0157
30.3664
27.1907
18.4222
29.9842
39.3386
26.3200
21.3453
25.9714
25.1646
27.1077
24.7852
18.6064
32.1636
18.5779
20.6836
27.4623
19.0790
24.0541
19.8209
18.2929
22.5513
27.5641
24.0710
26.0425
20.8348
22.1808
22.1421
22.5986
21.3765
18.1629
19.3364
19.3372
20.0420
32.6714
21.5410
21.8515
21.1528
24.1924
22.4338
20.8351
17.6377
20.9600
19.8243
22.5848
28.3735
20.8860
21.6398
29.2591
20.0153
24.7110
27.1384
17.3765
18.8292
15.8370
24.1894
18.3346
17.1387
24.0208
32.0490
27.1099
24.5003
36.9385
36.5768
27.3431
29.4232
23.8203
19.6226
19.1914
18.9677
17.7041
17.0867
19.8935
26.6043
20.1519
19.4560
30.5796
28.8923
25.5869
20.8984
21.0995
22.3273
21.8848
23.3855
31.2227
18.2812
31.4855
23.5301
27.3531
18.7481
17.2203
20.9014
24.4868
21.8065
25.6426
24.2351
18.7217
25.6551
16.4738
21.4134
19.0038
27.6975
21.4264
19.6842
21.3966
18.2518
27.2415
19.2549
29.4684
25.3562
23.3867
18.1104
21.8547
23.2795
21.1458
23.3120
22.4818
20.0370
17.0496
23.2570
20.8513
26.1206
23.2151
25.9184
17.9989
21.0290
23.3394
22.9634
23.2316
19.8639
21.5026
23.7266
24.6607
29.5308
27.1315
24.4098
25.0907
30.5529
21.4543
22.7696
20.8617
22.9566
17.8372
30.6505
25.0767
23.7676
21.3002
22.2972
20.9627
25.0461
18.6349
21.0503
21.0161
29.2985
22.4493
24.5775
22.1445
15.7259
20.9674
17.2055
21.8054
30.8435
31.9558
20.6039
18.9625
23.3629
16.8380
16.7385
22.3167
27.1913
28.8960
16.4795
21.0413
24.5106
22.0790
29.3500
23.2268
26.4776
18.7539
23.5846
28.8744
32.3522
22.9319
17.4986
28.1065
28.7240
20.6524
28.7612
32.2447
22.5089
27.6622
19.7069
29.8003
23.6119
29.7811
18.2925
19.4751
23.5116
23.0744
30.2605
29.0360
32.3844
23.3611
18.5231
21.2120
25.0057
25.8173
17.6369
17.2588
19.0900
27.3369
21.4019
22.4833
24.5972
16.2407
19.1900
23.4050
23.2592
24.0146
24.8927
19.6904
23.1118
26.3199
25.4891
16.3572
25.2865
17.0357
23.5244
33.3520
21.4087
23.1932
17.0725
17.8459
25.4109
25.1963
24.8179
24.7180
14.9678
20.1603
31.0294
20.5257
23.6718
21.7952
20.9125
20.9889
20.9653
21.9176
22.2350
30.8994
28.5415
17.6775
24.2377
18.5356
19.2210
19.3122
19.9986
20.1301
26.2472
24.1391
18.2273
18.0762
28.9696
26.9076
24.1336
17.6358
23.5961
23.5214
30.9115
23.8611
17.3113
25.4294
23.9670
29.0813
30.7488
32.3003
21.2877
24.4180
25.8466
24.4628
25.3489
27.1245
19.4932
26.7983
28.6783
21.4311
27.6037
20.2004
33.2647
20.9650
25.2476
17.1101
16.7700
20.2719
19.6309
29.7052
22.9748
20.1595
20.9055
23.8012
19.8396
22.5965
24.3149
18.4528
22.4483
18.4740
21.9779
24.5075
18.4351
27.3401
18.8037
17.0573
26.1708
20.3451
17.5285
21.8138
19.2329
18.5262
28.5726
24.3873
29.4091
21.9025
24.1449
17.4249
23.9436
26.2188
32.7713
26.5321
18.0768
28.7778
21.9097
17.0745
21.8853
25.7293
24.9878
17.9481
19.5420
16.6962
27.3184
27.5243
27.7107
22.5525
26.4578
22.6434
25.7264
23.4996
21.2103
23.4925
25.2247
18.6614
28.6164
24.6498
16.3824
22.8589
21.1749
23.9598
20.0207
27.5749
25.0659
28.4540
16.3839
21.3089
19.2391
30.3727
19.9875
20.7972
19.5749
19.1169
16.1778
19.6878
16.0620
29.2255
20.7349
20.6810
19.2411
24.2043
19.1548
23.3706
19.5512
24.3451
20.4438
26.5446
17.1542
19.5502
17.6978
23.4374
18.1404
20.4692
24.9282
15.4813
21.7690
25.8517
26.4467
17.3661
26.2914
17.2292
29.1815
17.1057
23.9291
27.6987
26.6005
21.1133
23.4363
21.7321
23.4039
28.4067
24.5427
20.6518
26.9410
24.3364
19.5957
20.6106
22.3265
29.9139
22.2892
21.4541
18.4059
29.7859
20.1331
23.9021
24.7249
22.0196
22.1737
25.2007
28.6375
22.5590
23.5202
24.7705
21.6346
25.1948
24.3240
15.7926
21.7127
23.0638
20.9950
20.5575
30.8953
28.7782
19.7750
25.7562
16.0946
19.5888
19.9305
19.7648
23.8627
19.8855
30.5001
22.5435
20.5242
23.6116
22.2502
22.9212
29.4608
14.6561
30.3341
20.3534
17.0186
22.7669
24.4661
27.2322
17.8400
28.1670
18.3160
22.6655
24.4940
18.1941
19.4748
34.5140
18.0781
27.0633
19.0839
21.6649
28.5899
20.7747
19.8619
19.4383
20.1235
23.3052
23.1781
21.6476
29.7359
24.6141
28.0367
25.7426
18.9186
31.7535
26.2263
27.4106
25.2590
24.6985
28.2198
20.7489
27.4415
20.1895
25.2476
21.5395
20.0277
26.3409
26.0535
17.6079
18.5590
37.0899
27.7729
28.3697
21.4040
21.8662
19.5118
23.2478
24.9174
18.1499
33.4381
21.6927
17.7511
21.5696
23.6310
27.1080
31.7899
19.6812
26.1815
20.4776
23.1497
20.5948
22.4199
29.6878
30.2639
22.0678
22.7115
22.9279
19.0897
30.9880
20.6810
23.2777
19.2827
28.0307
23.3366
20.9975
17.5431
24.6937
19.2173
30.6258
