0.01	29.245	1.883
0.011	30.824	1.5819
0.012	29.955	1.3645
0.013	30.402	1.2633
0.014	29.546	1.1981
0.015	29.465	1.1465
0.016	30.504	1.1249
0.017	29.971	1.0883
0.018	30.052	1.0568
0.019	29.253	1.0264
0.02	27.582	0.99503
0.021	28.375	0.9822
0.022	28.54	0.97194
0.023	28.234	0.94845
0.024	27.63	0.92228
0.025	27.517	0.90196
0.026	26.042	0.87631
0.027	26.157	0.86008
0.028	25.44	0.85003
0.029	26.742	0.85965
0.03	25.913	0.83256
0.031	24.838	0.81755
0.032	24.881	0.80525
0.033	24.847	0.84055
0.034	22.973	0.85105
0.035	22.057	0.84003
0.036	22.206	0.84036
0.037	22.059	0.84166
0.038	22.658	0.83592
0.039	21.996	0.8353
0.04	22.193	0.82312
0.041	20.748	0.82769
0.042	20.752	0.81759
0.043	19.709	0.80823
0.044	18.908	0.80138
0.045	19.746	0.80336
0.046	19.59	0.79396
0.047	18.261	0.79172
0.048	17.969	0.78833
0.049	18.073	0.77806
0.05	17.37	0.77961
0.051	17.093	0.13595
0.052	17.096	0.1341
0.053	16.654	0.13365
0.054	16.449	0.13166
0.055	15.814	0.12645
0.056	15.566	0.1264
0.057	15.323	0.12807
0.058	14.937	0.12645
0.059	14.728	0.12631
0.06	14.545	0.12546
0.061	14.016	0.12342
0.062	13.598	0.1216
0.063	13.499	0.12111
0.064	12.976	0.12104
0.065	13.025	0.12011
0.066	12.722	0.11976
0.067	12.287	0.11826
0.068	12.151	0.11737
0.069	11.753	0.11562
0.07	11.522	0.11364
0.071	11.572	0.11409
0.072	10.818	0.11275
0.073	10.941	0.11171
0.074	10.795	0.1105
0.075	10.335	0.10915
0.076	10.25	0.11071
0.077	10.013	0.11007
0.078	9.6965	0.10898
0.079	9.6809	0.10929
0.08	9.4762	0.10843
0.081	9.3537	0.10564
0.082	9.1232	0.11198
0.083	8.9147	0.11542
0.084	8.4222	0.11397
0.085	8.8349	0.11807
0.086	8.3978	0.12093
0.087	8.4957	0.12607
0.088	8.3392	0.12766
0.089	8.2326	0.12767
0.09	7.8171	0.11505
0.091	7.7158	0.11206
0.092	7.727	0.10708
0.093	7.6291	0.10562
0.094	7.5543	0.10377
0.095	7.1557	0.10196
0.096	7.1645	0.10012
0.097	7.1026	0.098524
0.098	7.0899	0.098705
0.099	7.0198	0.098952
0.1	6.6335	0.097736
0.101	6.6733	0.098211
0.102	6.6484	0.09672
0.103	6.5322	0.095931
0.104	6.5559	0.09614
0.105	6.4223	0.09594
0.106	6.3049	0.095047
0.107	6.1463	0.093356
0.108	6.1512	0.094382
0.109	6.058	0.093778
0.11	6.0449	0.093653
0.111	5.8912	0.093301
0.112	5.9239	0.092178
0.113	5.6075	0.089671
0.114	5.638	0.088016
0.115	5.4201	0.088518
0.116	5.6306	0.089357
0.117	5.6875	0.088522
0.118	5.4417	0.087997
0.119	5.3072	0.087867
0.12	5.2528	0.087099
0.121	5.169	0.087479
0.122	5.0524	0.086479
0.123	5.0077	0.086319
0.124	5.055	0.085317
0.125	5.025	0.085052
0.126	4.8607	0.085066
0.127	4.7524	0.08389
0.128	4.8119	0.084024
0.129	4.7641	0.083612
0.13	4.7882	0.083469
0.131	4.6302	0.083244
0.132	4.4395	0.082158
0.133	4.4881	0.081621
0.134	4.4493	0.081939
0.135	4.325	0.082118
0.136	4.3544	0.07918
0.137	4.4532	0.079712
0.138	4.3219	0.079792
0.139	4.2926	0.079181
0.14	4.164	0.079328
0.141	4.1735	0.079192
0.142	3.8101	0.077918
0.143	3.9719	0.076987
0.144	3.8711	0.078021
0.145	3.8975	0.077263
0.146	3.7627	0.077427
0.147	3.7053	0.076741
0.148	3.8557	0.077555
0.149	3.584	0.076481
0.15	3.6774	0.07557
0.151	3.7344	0.076673
0.152	3.5006	0.075246
0.153	3.5093	0.075066
0.154	3.4811	0.077094
0.155	3.5213	0.076021
0.156	3.5523	0.074389
0.157	3.4394	0.074426
0.158	3.4224	0.074374
0.159	3.4094	0.072933
0.16	3.272	0.073365
0.161	3.2751	0.073035
0.162	3.3028	0.072938
0.163	3.2466	0.072836
0.164	3.1521	0.072527
0.165	3.2077	0.07215
0.166	3.0621	0.071756
0.167	3.049	0.071494
0.168	3.066	0.071189
0.169	3.1338	0.071047
0.17	3.0315	0.071485
0.171	3.0421	0.070021
0.172	2.9147	0.068687
0.173	2.7404	0.069667
0.174	2.838	0.069574
0.175	2.8949	0.06968
0.176	2.8544	0.069856
0.177	2.9128	0.068986
0.178	2.6443	0.068546
0.179	2.8383	0.06919
0.18	2.5385	0.068524
0.181	2.7033	0.068006
0.182	2.5781	0.067659
0.183	2.5425	0.069722
0.184	2.6642	0.071985
0.185	2.5474	0.073795
0.186	2.6761	0.075309
0.187	2.5257	0.075212
0.188	2.3955	0.076742
0.189	2.4408	0.076916
0.19	2.4263	0.07722
0.191	2.3844	0.077218
0.192	2.3009	0.077573
0.193	2.5202	0.077938
0.194	2.3383	0.078089
0.195	2.2917	0.077996
0.196	2.2674	0.07823
0.197	2.3056	0.078488
0.198	2.2487	0.078467
0.199	2.104	0.079117
0.2	2.3929	0.078067
0.201	2.2514	0.08439
0.202	2.172	0.08702
0.203	2.0353	0.088362
0.204	2.257	0.090687
0.205	2.1296	0.090487
0.206	1.8652	0.093247
0.207	2.171	0.0947
0.208	2.0562	0.095921
0.209	2.058	0.097137
0.21	2.1009	0.097916
0.211	2.1058	0.09974
0.212	1.8975	0.099864
0.213	2.0208	0.10185
0.214	2.1026	0.10305
0.215	1.8726	0.10467
0.216	1.7967	0.10643
0.217	1.9336	0.10773
0.218	1.9403	0.10605
0.219	2.062	0.10811
0.22	2.0855	0.10914
0.221	1.9828	0.10981
0.222	1.9181	0.1117
0.223	1.9236	0.11183
0.224	1.8247	0.11372
0.225	1.9212	0.11556
0.226	1.7679	0.11705
0.227	1.7884	0.11824
0.228	1.7666	0.12003
0.229	1.8375	0.12122
0.23	1.5826	0.12256
0.231	1.8425	0.12543
0.232	1.6737	0.12467
0.233	1.6884	0.12885
0.234	1.694	0.13104
0.235	1.8443	0.13349
0.236	1.3786	0.13358
0.237	1.4693	0.13697
0.238	1.4753	0.13833
0.239	1.4346	0.14145
0.24	1.5479	0.13934
0.241	1.4666	0.14558
0.242	1.8325	0.14991
0.243	1.4959	0.1511
0.244	1.5103	0.15181
0.245	1.5964	0.15883
0.246	1.5028	0.15917
0.247	1.3503	0.16557
0.248	1.3497	0.16575
0.249	1.5443	0.17014
0.25	1.5248	0.17427
0.251	1.5802	0.18181
0.252	1.3725	0.18274
0.253	1.5567	0.19733
0.254	1.2691	0.20044
0.255	1.6592	0.20437
0.256	1.5049	0.21011
0.257	1.1853	0.2158
0.258	1.2831	0.22237
0.259	1.579	0.23868
0.26	1.3996	0.24178
0.261	1.3175	0.25703
0.262	1.4201	0.26971
0.263	0.7828	0.27577
0.264	1.2144	0.30351
0.265	1.9463	0.32727
0.266	1.6996	0.3545
0.267	1.17	0.40004
0.268	1.682	0.45232
0.269	1.3525	0.53492
0.27	2.3917	0.71033
