Orientation_Correlation_Function
0.6657794371788103
0.4017291380970336
0.20070046147471793
0.07569488865296829
0.015602518931367522
-0.0007160947975670084
0.0052342652185577146
0.018021954116586494
0.028455249668999687
0.03316399249191413
0.03243013583224837
0.028569003351881256
0.022840034214328456
0.017543377269104554
0.012697480173017636
0.009125331482916275
0.006748361915394926
0.005001579845393984
0.0037069279101914192
0.0028094913812469653
0.002184344275598002
0.0015616333106129848
0.0010433914115991986
0.0008301790474744727
0.0006180934684740108
0.0003823921317371908
6.770510563069063e-05
3.471106484042442e-05
0.0
0.0
Avg P-P distance: 5.459733998220922
