27.6809
21.3904
22.6586
31.3299
35.2014
32.2765
28.7882
31.9472
25.4579
36.3172
25.7229
21.0211
22.4772
29.8390
30.3050
37.9366
27.8150
27.4163
25.3124
24.6289
29.0288
30.0603
34.1781
25.2197
36.7911
23.6267
27.6281
24.1384
26.6535
27.9004
33.0837
32.9997
33.6438
33.7566
30.9920
29.5037
27.9291
30.9426
31.3537
32.4527
26.2307
28.1275
31.8330
34.3780
25.5245
24.9024
24.6134
36.0807
33.1914
29.4970
26.4361
29.6776
32.9835
25.0363
21.4056
23.5391
27.8401
26.0130
24.1732
22.9763
34.3274
34.9151
25.1387
29.6341
27.0075
24.6351
33.5326
30.3500
29.2325
31.7357
23.1263
21.4297
31.2227
33.1374
32.6086
26.7832
28.1383
27.0286
32.2318
29.9121
33.5521
31.4366
28.6377
33.3289
26.2451
26.7857
30.5535
28.7648
26.7982
31.0826
24.9416
25.5816
31.6766
28.6042
29.1300
30.2768
27.7070
26.7783
28.3937
27.0621
30.9900
33.9014
31.7347
23.7890
24.9520
29.1032
27.2590
25.8500
29.0507
28.3802
34.1588
35.1646
31.7435
30.1865
28.9283
27.3826
25.7501
24.6193
26.0604
20.3458
31.3866
28.0206
34.1070
26.3638
26.1007
29.9488
28.2900
29.5344
22.1299
29.5333
33.9698
24.2361
22.5067
29.7553
28.8359
28.9156
29.7971
38.4423
32.7125
26.9304
28.3841
29.2248
34.8585
30.9941
31.8174
29.8699
25.6971
27.6340
26.4577
27.9583
23.0956
29.7859
33.8501
34.2781
34.4439
36.1205
27.7915
21.0904
26.1928
27.1654
26.8509
26.3920
28.5853
27.3536
24.4115
31.8532
37.5764
32.0779
29.4614
28.4043
22.2166
24.3541
28.2539
33.3825
31.3396
28.8695
35.8514
25.4537
23.7549
29.5155
31.3207
23.0362
22.7081
30.8141
31.6997
29.2845
32.5193
29.2360
31.0150
27.3200
28.3530
32.7497
26.9609
24.6687
23.0178
31.9330
30.4862
27.4357
25.8499
31.1033
24.5513
31.9498
25.9900
28.3311
28.4080
28.1824
24.1048
24.7523
28.4187
26.1827
26.5856
28.1638
28.5488
29.3810
24.5620
27.9332
28.8811
28.5596
28.2123
25.8489
26.4656
31.2426
26.2222
30.1737
25.0696
29.1164
30.2259
23.0643
25.1759
31.4279
27.0117
28.8903
32.1593
29.0856
32.4530
27.4451
33.7907
32.3312
29.3052
32.3866
28.9633
25.3497
27.7081
26.7436
26.1462
30.9775
23.9483
31.7449
28.8111
29.3804
23.4268
32.2633
31.4681
33.0673
22.1871
27.9024
28.4103
23.3436
27.0291
29.2851
29.6749
35.4700
29.8772
30.2392
30.3786
30.6217
23.9897
32.4464
32.6210
29.8602
28.7178
32.6490
27.7394
30.5017
31.9110
27.1051
26.0080
29.7849
31.6759
27.1213
31.2978
29.8670
25.2575
36.4440
27.1990
26.2176
23.5340
32.9209
26.6476
28.7116
21.0810
33.6948
28.6475
28.2413
32.0439
36.3600
31.3621
27.4652
29.7290
27.9149
28.2715
30.2125
26.8789
19.5743
33.7641
19.4765
30.5592
31.7245
29.5554
22.6983
32.6681
38.5877
25.3276
26.6862
24.4095
30.7869
24.7470
34.6177
34.3116
23.3393
32.8159
29.8561
30.8434
26.3263
35.1455
29.2130
31.0010
24.8480
25.8316
23.6231
24.8528
26.5847
31.3403
31.0261
27.4468
30.7447
31.8820
27.3123
28.5325
27.9215
29.7811
31.3521
30.3445
28.8733
31.8215
26.7675
25.7318
33.7095
26.5122
31.7455
29.7139
31.9236
27.4860
34.1474
25.0462
30.9112
26.8664
33.2250
32.1086
29.9248
32.8176
27.3177
31.3907
32.1758
24.8936
32.9373
31.8128
24.4181
30.8334
26.6456
27.8285
33.8904
36.3352
26.9268
26.9654
27.5931
31.6749
26.1942
28.0261
32.2011
30.3868
32.9611
31.8459
22.1592
28.8169
27.6911
21.5464
25.4460
31.8830
36.3227
28.1129
30.4433
21.7024
22.5284
26.4207
26.1766
27.8757
31.9885
31.2385
22.7634
34.5263
31.5973
26.1859
28.8495
23.8765
25.4330
30.9334
25.0741
23.0804
29.9658
24.5534
29.2485
28.5754
24.1391
33.7096
22.8754
30.0553
28.4817
34.0706
32.4181
32.5529
28.8163
30.1265
29.4267
28.9419
25.0378
33.4064
32.6638
29.9658
29.8616
22.0991
29.6111
35.2907
25.8192
21.9320
24.1210
33.6993
28.2460
30.7990
29.4198
35.4678
21.9158
30.5786
33.1920
24.2734
33.4874
30.4992
24.2339
34.0316
29.4682
28.2385
31.9522
30.3270
33.6524
20.5322
26.7901
24.9814
28.1116
32.2944
30.1261
24.6737
28.0258
28.4553
29.4026
25.4760
37.2137
32.0336
26.0326
24.4130
33.2491
32.3641
25.9128
25.2628
28.8622
32.7933
34.0464
30.2425
28.4382
31.3046
31.1709
29.4414
28.9501
30.6697
29.3884
32.6925
25.4058
32.9061
28.1475
27.9581
28.7095
28.1547
25.7583
28.7054
28.4913
27.5235
26.0142
32.9740
26.3883
24.4689
35.9196
29.7039
26.4523
29.5899
28.0261
33.6280
32.5273
23.8842
26.5752
28.2476
30.0963
26.5555
30.2346
28.1316
28.3378
30.2262
24.5565
25.6319
32.5972
37.0369
33.9540
30.6577
34.7517
29.3987
26.6862
31.8826
28.4996
36.2686
25.4349
30.0985
31.2656
25.1586
35.7880
32.5133
26.7310
36.2178
25.0492
31.7428
28.4341
29.8238
29.9812
24.5662
30.4224
28.2477
26.4324
26.2735
31.4715
29.1994
33.7544
32.2380
36.3776
38.1820
26.6721
36.1712
32.9464
26.2407
23.8790
38.1581
27.7295
25.1779
23.8933
28.0201
22.3790
27.6123
25.8334
27.3573
29.6240
27.4017
31.2638
30.4872
30.1790
27.2607
28.4407
29.9602
29.5936
31.3570
26.1626
28.3065
24.8430
28.1880
29.5304
33.9349
25.5328
28.6762
28.2630
30.2491
32.3873
29.7653
33.8259
32.2554
33.1109
27.3168
24.2739
25.8210
20.2538
27.3474
24.5987
26.7250
23.9039
29.6282
31.3037
25.4345
29.2129
27.1770
25.7166
27.0704
35.0113
26.6139
30.0428
30.2404
32.5975
31.5397
30.3895
28.1645
25.7289
31.0131
32.1233
30.1145
29.7250
26.1654
29.1014
30.9574
21.1445
24.5146
26.3699
32.7865
32.1587
24.7137
25.0004
25.3148
21.9831
23.4084
22.3045
31.1405
23.8585
31.6850
19.2129
23.4785
27.7396
32.0237
25.5664
29.1264
30.0720
31.0755
22.1450
23.7401
33.8854
29.8622
34.8777
26.7542
32.5706
31.3205
31.6836
27.7986
30.0350
31.1132
30.0371
27.3305
30.8881
27.9644
35.4390
30.3674
33.2541
32.9333
23.0921
22.9666
31.4679
28.7052
27.2355
31.7589
30.3283
27.7166
25.8696
29.0351
29.0362
28.5011
30.7266
24.1336
26.2780
36.7899
32.1910
23.2963
26.2196
28.1111
28.0300
27.1210
30.0839
29.0428
30.1035
30.5115
34.0788
29.1647
30.7262
28.9720
27.2289
35.0834
28.3828
28.5245
38.3504
25.7413
28.9691
36.4601
24.9141
36.5562
33.9682
26.6498
32.4230
36.4072
35.5121
30.8900
34.6219
22.4574
29.8114
28.6734
30.5155
29.4520
30.4266
27.3626
29.2057
25.2846
25.9168
27.1939
29.2842
29.9968
31.1115
27.2387
28.1787
30.0392
30.7476
28.4656
27.6117
29.5363
36.8846
22.0663
28.7095
26.2802
30.3244
28.6017
29.9765
25.0486
29.5730
30.1180
33.4615
35.3695
35.4855
29.7915
26.1953
29.4627
32.7629
31.6481
36.0866
37.2544
30.3234
22.7607
30.5005
29.4232
26.9873
24.8542
26.3724
24.5415
25.0514
34.9477
28.6412
26.2652
29.2794
29.8905
33.0849
26.4081
26.2514
22.6659
29.3631
33.8443
34.7995
34.1708
29.6705
33.0724
35.3659
27.5749
30.2594
23.6202
24.6526
30.2975
24.9183
28.7212
25.4552
26.6246
33.0434
29.5812
27.3275
26.7791
29.2704
30.4003
29.9640
29.6617
30.9583
29.1795
23.8399
26.1453
27.7827
34.9578
29.1855
31.3882
34.3621
30.3265
29.4288
31.1133
29.4597
19.8526
25.6713
32.0165
28.7749
26.0492
30.6720
30.4842
28.3792
23.8096
36.9642
29.7336
35.1518
30.6340
23.7378
29.8349
31.7825
23.8404
27.0572
27.2355
28.7407
29.8908
31.8005
27.8161
25.5317
33.0605
32.3902
26.8567
25.8754
33.4190
28.9557
29.6220
28.3242
28.3566
29.5556
33.3405
30.4949
24.0613
24.3809
29.9369
23.4796
27.8839
27.1090
28.0295
29.0317
25.7982
27.0895
28.3224
29.7727
28.0215
31.3845
32.5685
28.8515
33.4550
27.2138
23.7126
32.6223
29.5711
32.3478
28.6039
30.3199
30.9067
27.4410
28.2210
32.7604
25.8215
25.4820
23.3440
26.8894
35.6211
26.2396
28.3953
27.0815
31.2814
29.3894
34.7691
27.8866
21.7943
25.7762
34.3684
28.8780
27.3581
25.7070
23.0124
29.7081
24.8706
27.5042
30.4121
31.4332
27.7603
26.9434
26.4048
36.4571
27.1725
31.5801
32.7575
32.8830
31.5319
31.3222
31.3929
30.2422
33.0893
26.0413
32.6531
28.6637
29.2569
33.3410
30.7613
20.9932
28.9349
29.8541
24.4909
26.5357
27.1079
25.1257
22.3270
27.3180
29.2189
25.4191
33.9909
27.1887
33.2341
34.0375
27.2854
30.0420
34.3593
30.9594
29.5722
27.9901
27.8860
31.3742
26.0557
28.2921
24.4029
23.8973
27.3426
31.0827
26.3524
21.7493
28.2496
33.1511
29.0665
27.2466
32.1372
23.6008
24.3382
23.6737
26.3996
25.3386
28.4642
24.1851
33.0027
23.8457
25.1390
29.0282
26.8299
27.3776
29.4566
29.9174
32.6526
28.9283
30.5211
31.5569
34.2152
23.5037
32.4676
30.6955
26.3287
33.3645
35.1990
19.5934
36.2443
24.9484
30.3167
26.3484
33.8967
29.5008
24.5833
34.1519
28.4112
30.3941
33.8535
29.7936
26.9109
29.8228
29.0257
25.7890
25.4855
30.6381
29.2983
28.0913
32.8950
34.1772
26.8829
27.1900
27.2446
31.1066
29.3297
27.1757
29.4088
30.2394
29.5463
28.2208
25.9780
29.4778
22.5136
31.7174
33.7532
26.9011
28.0176
26.2834
27.2495
27.2766
29.8047
31.9627
31.1779
33.7942
29.8986
35.4742
21.6813
29.1146
28.7133
32.3093
32.9626
31.6620
30.2006
29.9176
30.4237
36.5326
32.6995
29.6175
28.7036
19.6619
23.2938
24.0187
27.5164
26.6879
26.9382
22.4581
33.0821
34.3271
31.3603
33.3564
29.0469
28.2869
29.6053
22.2162
22.6504
32.7344
24.3039
28.8608
22.8770
24.6363
23.4915
31.1135
28.3627
29.0613
21.9989
29.9263
37.8205
20.8216
30.5306
29.4680
28.7512
34.4570
34.8299
27.7857
25.8946
33.3933
26.8436
34.7483
29.2600
28.2648
26.1947
30.8564
25.2886
29.2600
34.9520
31.0419
35.4708
28.9425
30.9911
30.9982
25.9777
26.5089
26.7201
30.5333
29.5837
28.5012
33.3987
23.9681
26.4706
28.6998
27.9076
24.1195
32.3604
30.9335
31.0048
23.6338
28.5292
31.4389
34.8757
34.4336
25.4961
33.0058
30.7178
31.9233
34.3918
19.9457
28.1024
32.1529
30.1735
37.5999
27.3910
27.8844
29.9534
29.0542
25.4486
29.0983
31.7016
27.7783
32.7902
19.6543
24.9236
30.6584
28.0596
30.7910
27.7559
28.1414
26.3380
36.4726
34.1077
34.2626
22.8916
25.9489
26.9001
29.5632
31.3924
31.6023
25.1932
25.9481
20.9930
24.9716
24.4858
31.1468
33.1210
32.9318
26.1805
26.5678
28.2802
26.7299
28.4236
26.1163
29.7229
33.1446
26.8620
28.0819
28.9920
31.7378
26.2928
29.3781
31.1002
26.1654
24.0203
26.1293
30.9687
25.8183
26.9789
31.6627
27.6421
33.6461
28.4251
37.9483
33.4562
31.4554
32.9096
29.5278
27.1651
29.3286
31.6397
27.2989
34.6716
30.5731
28.6411
32.7512
25.3492
32.7385
22.3434
25.6960
24.0653
28.3115
29.6134
26.4265
31.7365
22.1419
30.9470
24.4963
27.0662
27.6614
27.8842
28.2484
23.8962
24.2957
25.2969
24.3295
32.7556
27.8956
22.5938
26.0965
22.5117
31.3016
26.2989
24.5410
26.4317
31.6430
23.5652
29.7622
25.6611
22.6783
30.5910
32.6503
27.3490
29.5751
30.4519
34.2213
30.3485
26.0787
28.8889
37.0986
26.2707
26.3545
22.2280
29.2114
28.4011
23.6254
26.1694
34.5182
26.9614
34.0262
23.8904
29.0437
22.7070
34.7649
29.7390
27.1018
27.3806
30.2458
33.1269
29.7892
33.3419
30.0504
27.3871
32.0588
30.2612
34.7158
30.3657
34.8874
27.7960
27.2216
31.9250
30.0184
28.0136
29.1535
32.8188
26.4195
27.2005
26.0751
21.9816
21.3029
31.6011
35.0274
29.5021
26.7998
30.7402
27.4548
32.9263
31.1432
25.5132
28.9854
27.0167
31.1974
22.2412
23.0329
31.5301
31.0963
26.8226
27.4842
27.8246
25.3577
24.4817
26.2433
25.9651
27.4384
25.3760
21.5933
34.8375
33.5835
33.7650
32.4039
27.1035
29.8248
24.8135
30.7144
32.4442
33.1849
28.0858
25.0047
27.7995
34.4848
21.8262
25.8915
32.2361
33.4682
34.3514
23.8228
22.1065
25.9965
18.9637
26.8227
30.4759
28.3900
27.6337
30.9227
31.1891
30.9529
28.9481
33.5895
31.9177
29.5336
26.1084
27.4342
28.2942
27.5717
29.7289
33.9287
32.4098
26.6721
28.0240
21.8786
33.4764
28.2573
32.8381
27.0336
32.4608
29.5669
24.9144
28.0768
30.0186
33.6633
34.0628
23.0550
26.0870
24.2772
28.0441
34.7715
22.2250
25.0279
25.8202
24.3033
33.6135
29.2032
28.8986
26.5039
31.6495
23.9588
25.7464
28.5838
33.8990
28.7730
26.7615
27.9918
31.0439
31.6954
31.5903
28.2373
28.2116
25.8626
23.9278
34.8248
32.5795
32.2657
24.3214
26.0542
31.2837
30.5537
25.2991
25.0323
25.9830
19.0503
33.6857
30.4589
26.9324
32.5471
27.5820
27.5422
23.4911
25.2697
29.5020
19.3984
26.5227
25.9599
28.1916
29.8378
31.7086
27.0733
33.3687
30.8776
33.0306
31.1801
30.8102
32.5767
34.6397
32.3172
34.4361
33.6383
28.6596
21.3362
36.2374
34.6085
30.8513
24.5884
23.4167
33.7612
24.6261
24.3679
30.3714
34.8209
23.9159
29.6096
31.4687
29.2744
31.5321
32.3766
28.0484
28.6122
25.0218
31.8712
24.9383
32.1312
27.9429
27.0250
24.4719
33.8009
20.5505
30.3193
27.9217
26.6095
32.5402
28.3543
26.0810
35.6061
25.4776
27.3614
31.9295
34.4374
32.1411
27.1937
29.6606
29.5317
29.4858
33.0814
30.9835
28.6826
27.8319
28.7088
28.4159
30.5432
31.9704
35.2482
31.9903
35.8018
27.7104
29.0954
22.1220
30.0966
34.7875
28.0847
29.9523
28.7120
32.6889
33.4395
31.3210
31.7612
24.7896
33.7302
30.8933
28.6461
31.3144
29.9285
27.2613
28.0076
28.4202
29.7675
33.8502
30.2405
34.3457
31.8660
25.2600
28.0932
27.1502
27.4151
25.5276
20.9043
31.7520
28.4657
27.9874
25.5039
33.1144
32.2798
25.7232
31.4871
33.9837
25.6273
25.1844
33.4823
27.4439
25.9116
31.2762
22.7586
30.0141
25.7789
22.4153
28.1193
32.7207
22.8959
24.5834
33.2735
34.0333
30.0712
36.5167
24.6655
24.6450
29.8698
32.5677
29.2025
32.1427
26.2645
26.8163
24.9545
27.6010
29.7635
34.2986
30.1068
26.9656
29.2452
34.3753
28.4740
27.0281
31.3358
30.2459
22.9476
33.1160
26.3149
25.0723
32.2260
29.2191
27.6703
31.1235
30.1922
35.9983
28.1946
29.8913
31.9153
25.1151
30.6651
31.0637
28.0985
24.4627
26.2987
31.7426
33.6193
28.4664
29.5153
26.3722
29.0497
33.3478
30.0952
22.9058
22.0727
29.3298
29.3224
23.6504
25.4158
26.5996
23.5042
34.9696
21.6966
30.7302
27.1785
29.4046
31.8831
26.8387
26.7415
26.9935
26.4334
20.6917
30.4658
27.0092
28.6989
26.0774
30.4861
26.4900
30.7941
29.9923
27.0411
26.5102
30.8299
25.6259
28.7266
32.5921
31.5466
27.0040
23.2650
18.5394
19.9845
27.3450
27.0783
25.2496
23.9322
27.5615
30.4352
27.2588
27.0060
32.7298
30.7299
27.3824
28.1842
31.1616
24.0119
22.7711
31.6936
33.6185
30.7040
27.1931
28.1496
28.7924
30.0907
23.3771
26.2344
26.2188
24.3292
27.9987
25.2486
36.0666
27.0962
30.3856
34.1658
26.4875
32.2136
24.9395
32.9221
33.5359
31.4080
28.0561
25.9353
32.7366
26.7629
30.4205
25.0135
22.4073
28.7121
26.2983
27.8812
28.9263
31.1647
26.2331
30.3042
33.9449
25.9848
30.5818
28.2810
31.8627
24.7366
28.4147
27.7263
31.7089
32.3189
26.6698
32.8107
33.4477
26.9948
31.0831
30.4778
34.4011
36.6128
27.2421
26.5822
34.6963
32.9696
28.1529
33.6114
24.9308
27.2233
26.6532
26.6716
35.1177
24.1274
25.4897
36.2671
36.0053
30.7070
30.9937
26.8982
30.5922
29.2023
28.4543
31.7240
23.2046
22.8272
31.4705
25.6294
33.6099
24.8842
30.5004
32.9197
28.8826
20.9432
22.8589
30.6223
35.4557
32.0397
33.6248
33.8947
30.7254
28.1203
31.1228
21.9715
21.5083
35.8883
30.3513
28.2541
33.9065
24.7166
28.2079
24.7536
30.3986
23.6316
26.7562
31.6788
26.1293
32.2259
29.6060
30.7197
31.7298
32.3913
28.5988
21.4277
33.8100
34.8665
33.2287
28.8581
34.0658
27.5406
29.5920
29.9979
25.6167
33.5778
24.4940
25.9367
29.9533
27.4169
29.6924
32.1037
34.9108
30.2074
30.0504
22.9226
32.7106
27.4485
25.0755
30.2691
29.5955
32.1501
30.3107
24.1802
35.4601
25.5858
31.4223
29.2236
25.2686
26.5955
23.9160
21.4163
29.2716
30.4149
35.7626
29.9037
29.3044
27.8855
28.7874
32.2756
28.6348
27.7609
24.8371
29.1603
27.5026
22.2875
20.0526
28.6611
26.0769
21.7470
23.7066
31.1386
33.3655
25.8980
22.2201
21.3827
24.4136
26.7438
28.8670
25.8021
29.4433
29.6514
28.4410
26.5215
30.3660
31.7237
23.2585
34.5570
33.3992
25.4229
31.4418
31.4922
27.9051
27.5649
31.5919
33.0106
32.0429
29.3563
36.4948
28.0002
27.7284
25.7069
26.2953
29.5183
32.1961
30.5281
30.1526
30.7731
29.5834
28.9882
28.6369
27.2779
29.5929
33.2664
28.4436
26.0524
30.5882
28.5737
34.7603
31.1203
25.6050
29.0382
27.8478
34.3103
29.1730
28.2725
29.6039
24.4890
32.3199
28.9948
24.8614
31.5558
24.1961
34.8953
27.9891
27.1231
35.4247
30.1873
28.5319
27.1435
27.4114
25.6848
20.7822
32.7996
26.4623
38.2121
32.1653
30.3909
31.6439
26.2764
29.0453
25.3187
32.6880
28.5623
35.4144
29.7442
31.9696
26.9177
36.0542
33.3816
27.5823
32.3938
21.3069
25.3719
28.5943
26.1224
28.5595
35.0500
29.1961
33.1127
24.1144
23.7269
28.7177
27.6116
27.6606
31.9253
32.8040
25.6203
19.8807
31.8309
37.4060
31.8771
24.3399
29.8040
26.4360
32.3532
22.9994
33.4507
20.2354
30.1885
35.6054
30.4205
28.6476
31.2882
32.3649
31.7089
27.1391
24.1996
28.6964
28.2942
29.1717
30.6289
30.1904
33.0092
27.8832
30.7761
24.8490
30.0276
26.1165
26.3937
25.7935
22.6704
32.1400
33.2525
33.4009
24.6751
32.3454
33.0850
22.9362
25.7632
26.7683
29.9332
23.1377
27.8840
31.3710
33.4682
26.1574
24.5187
29.2748
27.1138
21.2713
24.7379
21.1289
28.8657
26.4517
28.1533
29.1606
33.2608
22.7899
27.2210
29.5790
33.8805
28.4406
32.8390
32.0066
29.8500
30.3982
28.0154
32.3964
24.6434
35.7985
27.8559
24.1265
26.4592
25.3328
29.3546
29.8004
30.0151
28.1622
27.2865
28.6228
23.3640
21.0132
29.6748
22.8355
28.3419
30.1168
31.5105
30.1190
30.1395
26.4891
21.6509
30.9596
22.0437
30.4938
33.6548
29.5232
28.8975
26.7739
36.8672
24.4972
26.8572
28.8232
26.5874
28.5949
29.0675
28.3016
27.7694
26.7790
23.2970
23.6482
30.5891
35.4323
26.7381
24.0248
27.3908
31.2084
29.3479
26.8700
28.7928
24.5296
28.2061
23.9852
29.2333
28.3737
31.0521
30.2478
25.9581
28.4710
35.8807
27.7861
29.7107
29.2502
32.3269
33.6866
32.1005
30.3920
41.0116
23.1046
30.1975
31.0681
37.0645
24.9959
34.8587
27.3363
26.4493
33.6493
25.7810
28.9447
28.9767
31.6652
28.4266
21.6748
30.2925
22.6293
25.9019
29.1777
33.0290
30.0816
28.5532
35.2307
31.1340
27.2361
35.6928
28.3853
23.3419
35.1760
30.6726
21.4199
28.2477
27.6778
33.8004
36.0648
23.9858
28.9701
30.1511
34.9081
30.9770
24.7727
29.3755
34.1919
26.3463
25.7230
28.6781
30.5341
30.4648
21.7839
25.8228
27.8178
23.2752
34.2702
27.4965
23.9046
28.9421
28.4577
30.4230
33.2440
27.2837
29.8353
35.7740
25.0474
28.0803
27.8475
29.9373
28.6139
34.2312
27.2978
30.6401
27.5382
24.9744
29.6038
27.4280
23.4653
24.3827
34.0780
31.8061
34.8576
29.2343
33.0987
33.5794
34.7994
30.7176
25.0287
29.8096
30.2868
28.9604
37.5956
29.0259
28.2374
32.3456
35.0394
34.8191
25.5905
26.4138
28.6220
23.2412
29.0156
30.3611
29.7934
36.0006
35.6602
28.4016
24.2756
30.4313
32.8311
25.5177
31.0306
27.2581
23.9799
23.1064
35.1908
33.9409
35.6451
22.2087
26.8287
32.1660
24.6484
24.5547
31.7820
32.5670
29.6038
32.3527
27.0771
24.7339
23.3418
32.5300
30.0727
26.2713
34.3506
29.4850
31.1649
25.7558
32.8320
30.7660
32.4635
23.3948
22.4446
24.4686
30.0575
32.3881
30.2525
21.9724
36.7577
22.2482
34.1444
29.8576
27.1353
28.7810
31.7121
31.3067
30.8046
26.8101
31.1223
29.2497
31.0657
31.8998
29.0998
26.1276
33.9985
31.0194
27.2556
30.2005
34.6029
34.5014
36.0372
23.2834
23.7884
33.2496
27.1151
26.6743
26.3866
24.4780
31.6153
26.3505
29.0658
28.0463
28.9585
28.0116
27.7733
32.8923
33.6023
26.7466
24.6756
26.6519
31.6606
33.9810
28.5086
27.1470
26.8796
24.5526
23.8542
31.9990
32.3930
35.0696
30.0103
35.8219
32.1646
33.6500
32.4610
31.8267
23.2368
23.5610
23.2746
35.3826
30.9230
32.7933
24.0900
32.9340
23.0199
33.7082
31.3952
32.1094
34.9917
29.3239
25.7070
24.3123
24.9419
30.5364
28.8694
25.4440
30.8782
29.0180
24.5780
28.5230
28.6382
24.1637
24.8288
31.3240
28.1935
29.1614
30.2686
36.1961
28.0675
31.4734
35.7914
25.8845
23.7827
26.5683
33.6730
29.2605
28.6055
25.5311
24.7857
28.4418
30.2635
28.9303
24.6958
26.3103
34.2404
29.5225
19.5968
27.8426
29.3545
22.7301
28.2281
24.6985
25.2800
29.1089
29.4577
29.9679
28.6486
34.3854
33.1234
27.0154
29.5301
31.6155
32.6488
29.0942
23.0653
30.4941
29.3864
30.8070
34.6670
27.4572
20.6610
24.3226
25.6969
28.4940
23.0133
30.8606
31.8995
28.4044
24.6170
21.6123
26.4767
30.0319
35.6130
31.7731
27.2917
30.9190
31.8419
28.6234
27.4378
30.3543
26.8272
27.4689
29.2112
25.2717
25.9684
28.7036
28.3594
34.3680
33.0281
24.4447
31.8744
34.1270
38.0837
27.2569
32.9014
30.4999
27.7186
26.8371
21.1697
31.1673
29.4357
29.6115
28.5623
28.6230
32.9054
29.7230
29.3833
30.6758
37.7702
30.3507
34.3340
25.5376
26.2649
33.8809
28.8913
26.0563
29.4926
26.1763
23.0761
22.7863
33.4126
32.8515
29.6343
29.8428
31.9666
25.9669
27.0203
34.3293
32.4327
31.5503
27.9089
27.1388
23.3975
25.3057
27.5192
29.8875
28.2560
27.2679
30.6460
23.3292
28.7844
29.0868
33.7378
27.8639
29.0702
32.0906
23.7863
28.2821
22.9088
32.2056
28.2050
24.5189
30.7298
26.9000
26.1930
23.5686
32.1011
31.6157
28.0433
32.1666
30.2886
28.1684
28.5634
31.1356
24.0274
20.4820
27.5080
26.3306
34.3409
31.5236
30.7450
30.9916
29.1720
28.2514
32.0218
28.6314
32.3649
34.1944
20.9726
28.1736
22.9078
28.9088
23.4912
24.1449
27.3191
22.3711
29.3079
24.3742
30.3880
28.6409
28.2867
23.5873
25.1231
28.2999
27.6432
23.4158
32.5503
34.3627
30.7847
33.8410
31.4328
37.1235
27.3391
20.3063
22.8812
30.1422
36.0069
30.3313
30.7115
34.6174
29.3803
23.1238
28.1513
29.5895
35.4187
24.5233
26.6811
33.1891
32.6943
32.0058
26.6717
29.5532
31.6139
30.5482
25.8025
28.1755
21.6817
32.4671
28.9503
26.0981
27.0016
23.2849
28.3616
31.4802
35.0558
34.0575
29.0094
27.9511
30.2678
33.4913
30.3661
31.7185
29.5629
29.5335
22.5534
28.1750
26.4348
24.0196
25.7209
22.1924
26.1396
25.5932
29.6712
29.8837
30.2898
32.0529
32.3459
27.3327
30.5828
25.2456
22.9390
24.4899
35.3465
29.5187
22.9527
26.3480
32.0032
27.6053
30.9360
29.1446
24.8450
27.8246
22.8006
20.0941
27.9596
29.7655
32.8131
24.8430
34.4249
28.0703
33.0396
31.4684
29.0013
27.0963
32.8598
23.4548
30.6297
35.5566
27.7253
23.6804
28.7861
31.0977
32.3987
28.0027
32.3600
31.3815
31.8750
27.1609
35.3283
32.0969
29.9873
29.3252
33.5191
23.5919
30.9756
36.4758
23.0915
30.2810
27.6023
22.3312
33.6085
36.2744
26.9196
26.3484
30.0228
33.7267
31.8546
26.3527
31.5230
30.7689
25.0782
29.5075
31.8477
30.4783
31.2924
27.8636
21.6268
32.1021
23.5836
32.5884
28.1279
23.4495
26.8911
31.4370
28.5246
32.6367
32.9293
28.8103
30.9709
33.2240
24.9442
31.6071
30.6962
31.0356
28.2461
36.7247
34.1192
30.8152
35.4822
22.4479
28.7874
32.2675
31.3903
27.5163
29.9410
28.9582
29.9923
32.7108
29.6562
27.3866
24.9757
32.4089
33.5722
24.2210
26.4034
18.8898
27.2174
29.4562
33.0717
34.5874
28.9346
32.3367
30.6195
30.3028
29.6446
22.6312
27.5120
26.7570
28.8534
31.5656
25.3565
23.3361
27.8323
29.8887
29.7497
24.1123
32.0384
31.7443
25.0024
25.7526
28.0099
29.8650
22.3141
21.9619
28.8334
23.1232
25.7771
28.0230
30.3465
23.6015
29.1832
33.0168
28.7730
31.2400
29.0641
28.2962
27.3025
34.1555
29.6296
32.2777
31.2934
23.6773
28.4639
26.5664
30.0898
25.6349
22.2216
26.6272
29.7704
35.3913
34.4398
27.1068
23.0434
24.3105
21.6528
23.8699
26.6098
26.9834
33.7893
30.6704
26.2974
25.9049
32.3775
33.9491
29.0206
32.6583
28.1786
28.8568
29.2775
26.4540
27.2299
27.9197
28.1739
29.0403
33.0827
29.1785
30.4683
34.8746
28.0148
32.5762
33.9991
27.9480
32.1427
32.4515
28.4060
34.5142
27.3613
30.0516
29.0833
30.9660
31.3057
31.6637
31.2745
31.2417
26.9684
29.3430
31.3442
28.3069
25.3492
25.4792
29.2865
30.6795
25.9739
27.6579
21.8563
36.2333
24.8775
24.2437
25.5848
26.7616
31.4059
26.6741
29.1675
29.8243
25.0071
28.3196
30.6852
31.5801
27.7615
30.4088
29.2962
29.6410
35.8625
36.2217
28.5998
29.1512
33.2557
23.8733
29.0595
27.3214
30.8665
28.2645
25.8053
31.2971
33.2761
27.6209
33.9133
33.6370
35.7301
31.3640
31.9444
27.5467
26.1622
32.9541
25.3709
25.3515
32.3024
23.3629
30.7942
31.3702
30.5702
28.9776
22.8576
30.0620
33.5978
32.2086
32.4153
33.3066
32.5995
32.6760
32.1886
32.8414
28.5608
22.9364
27.8887
27.5768
22.9666
26.8112
27.5868
33.0457
20.3650
31.8762
29.7664
26.6269
29.7142
25.3573
31.4240
25.4219
26.0346
25.0000
31.4732
33.9596
23.0617
27.0475
32.5693
33.7699
33.1985
32.2374
31.8700
32.8814
29.7431
33.7503
29.4516
33.8635
23.4786
27.8303
35.6096
31.9942
30.4929
28.1479
27.2840
37.9897
29.8021
27.2014
29.5292
30.3164
30.3739
26.9534
34.1463
33.8011
31.5304
26.8928
31.7086
24.3187
25.3213
21.7598
26.7829
30.2240
27.2152
31.8076
31.1891
27.0892
32.7063
30.7729
27.8729
32.7408
28.9918
34.1535
28.7406
31.6265
21.4724
26.3642
26.8709
30.7243
28.0708
23.4769
32.9197
30.6747
29.5958
32.7618
27.2931
22.6138
23.0792
28.3959
31.7418
29.4559
31.1530
25.9033
32.4720
29.8596
32.2599
30.7665
27.7884
24.4001
31.0859
31.1524
22.9548
33.0061
31.0271
29.2828
25.2113
31.9509
28.4973
29.9067
31.3497
29.2266
31.9062
29.4603
33.3646
29.2513
28.4026
27.3514
24.4114
27.4324
28.1357
31.3322
26.3074
23.5364
23.4210
25.1861
30.4966
29.3996
26.2546
22.2771
27.3829
29.3504
35.5051
28.8703
24.8025
32.2234
28.4980
29.1243
32.2736
30.2722
25.8343
28.7824
37.1567
31.7700
28.7051
19.3273
27.0592
27.4680
28.3808
32.5262
31.8063
32.0989
28.8030
26.1267
34.4199
37.2028
22.3675
29.6601
26.5075
30.6263
24.5061
29.7294
28.4821
30.1139
23.3007
31.8264
28.8341
30.0255
34.8939
27.9645
28.8777
22.7802
29.7959
33.9190
26.1663
23.8014
25.2032
25.4992
29.9910
26.3192
25.7961
29.6051
34.5575
28.0233
27.8701
27.3460
37.8081
27.3217
28.5761
29.6866
25.9956
31.6537
24.3320
28.6906
29.8301
30.9108
29.8601
33.3612
22.7218
25.9974
22.3480
29.6191
24.8243
27.7034
29.2878
31.3447
31.1995
26.8706
37.2794
31.3432
27.1645
32.6558
34.2718
29.6541
29.4775
29.1323
30.5537
28.9314
24.3179
26.6938
25.8412
20.4909
34.1048
26.4538
28.5019
33.1240
32.3323
23.3662
24.3716
25.4610
27.5869
31.0336
21.1341
30.7906
28.2330
24.0584
30.5381
24.1465
27.4794
28.8608
27.0358
27.3136
25.5843
32.8254
30.8978
32.8220
26.7522
26.3290
26.6052
24.9352
30.5508
29.4986
36.8122
30.0632
27.0044
33.6326
31.9245
27.2817
27.1628
36.0819
33.5347
22.9850
28.4600
34.6989
28.0531
37.2366
36.6577
28.5321
33.9012
29.8282
35.8459
25.2679
29.0435
33.6228
25.5640
28.2566
29.6804
28.2524
30.5234
27.6328
31.2966
27.3025
29.7500
26.0097
26.9891
28.1044
28.3047
25.5938
23.2595
26.8708
26.6418
25.3936
34.7594
32.1220
28.4692
25.4995
26.2342
29.1538
29.0201
27.4943
34.5228
26.4942
28.0040
32.1487
35.3774
28.7211
36.5743
28.5599
34.9771
26.2417
26.9127
32.6300
25.4938
29.8727
28.9131
28.0446
31.2623
27.2886
25.8157
33.1788
26.0087
27.9481
30.1835
26.0169
33.5999
30.5970
28.1284
29.3782
31.4874
27.3816
28.4407
35.9272
25.8337
21.3104
30.7855
23.2374
27.6009
29.1554
29.4647
28.8809
32.2000
26.3087
35.1963
21.9201
30.8426
27.8709
28.3283
31.3898
28.7652
26.6513
34.8347
26.7061
31.2369
26.3463
31.9751
26.3250
33.8985
31.2829
32.4290
33.0275
32.1661
26.2200
27.5934
24.5878
24.6507
27.4487
29.4276
34.6461
31.7990
32.6149
31.0670
30.3435
31.3434
24.3772
25.7366
28.4480
30.8252
27.5645
29.5877
27.5403
26.4415
26.0941
35.6928
31.9642
33.3350
27.7033
28.9480
26.2200
32.0073
35.7194
30.5446
32.5109
29.6460
31.5890
32.2014
27.3920
32.0863
26.8126
32.1308
26.2445
30.7371
34.0724
29.2849
34.9597
25.7184
28.2943
18.9719
26.7750
32.1290
30.4191
25.5850
27.7891
24.1882
31.4755
28.4597
29.5210
33.8238
29.2663
29.7190
33.1048
31.5603
24.2150
27.2184
34.4103
24.5311
28.5140
24.6232
25.9869
24.0409
34.3450
26.7849
23.4255
27.0027
26.1511
29.9362
31.8633
31.7763
29.7992
30.4370
27.5555
34.5871
28.5386
27.5401
24.2686
32.1377
30.6941
30.4976
27.1650
29.2307
26.5023
27.8009
23.9754
27.1006
25.3494
29.9982
25.6079
27.2237
32.3251
25.1251
27.1531
21.1941
25.3025
24.5138
28.6815
36.3607
26.7186
29.7003
31.7915
29.2964
24.7614
26.7466
32.5520
32.5558
26.3504
28.0875
32.3180
30.9330
26.9675
35.4823
33.9349
32.8886
31.0637
28.5041
33.9341
31.2947
26.6320
34.2432
32.6404
37.3720
29.5053
32.9830
33.6087
32.2263
23.6716
28.5333
27.2869
31.0133
31.5201
24.5623
27.8896
27.3630
24.9867
33.5508
26.2411
28.8464
24.5877
25.6718
27.1254
28.6038
30.6945
26.1216
37.5241
21.6745
29.7536
27.7416
30.6418
27.3795
31.6925
25.5654
24.5378
29.6818
23.0434
23.9329
33.5552
30.6746
31.6819
22.6207
29.7547
32.4160
36.5878
31.4294
26.4897
23.8115
36.4941
32.3176
30.9127
29.4662
25.6862
28.8577
24.6133
28.6085
38.6147
32.9994
25.7702
28.6293
34.8838
25.4951
30.0779
23.5356
30.6189
29.6273
31.9992
34.1001
28.5873
25.2654
25.4821
28.2824
28.8000
32.1500
23.5226
30.9555
26.2298
29.1217
28.7759
29.2276
30.1711
37.8756
35.6840
34.3139
32.3629
36.1471
27.1110
26.9919
23.0512
27.0575
32.7299
33.6756
28.8566
30.0641
23.5500
31.6563
30.9955
30.3918
31.6948
27.4329
24.6473
34.0850
36.4559
36.2234
28.7485
27.9894
32.6826
26.3827
32.9470
37.2264
31.0863
31.1242
24.9470
29.9628
23.7660
27.0001
32.1789
24.5734
20.9312
31.4810
29.0352
20.9692
34.5866
27.4299
27.2787
28.3217
30.3784
22.3803
28.3509
33.8744
31.6610
31.5539
25.3911
31.6544
33.8806
22.8361
26.5553
32.2064
29.9622
21.0999
29.1531
27.6892
30.5002
28.3587
27.4390
33.0485
25.8278
30.5196
29.4977
30.6858
33.2541
30.3336
24.8434
30.5798
25.7165
33.0138
28.3622
22.2069
35.7599
24.5308
29.8123
32.2236
35.5109
27.5721
22.5271
26.2682
22.2750
33.3725
22.0090
36.0594
25.2506
24.7025
28.1689
23.3070
28.0778
23.1639
24.1312
34.0170
29.8192
33.3715
28.6071
22.7091
28.3579
34.4736
31.1626
25.6956
24.5763
30.1511
33.3787
27.9068
27.0719
28.5095
37.9486
28.7231
32.0885
27.8792
32.7265
33.9664
28.0925
33.7888
24.1869
31.8317
31.3951
35.1814
27.7328
23.9958
34.9321
23.4932
25.8052
30.4859
29.1186
26.5990
32.9537
32.4505
27.2545
21.2271
24.5220
27.4419
30.3329
30.3578
30.8864
30.8895
25.0377
24.2728
27.8083
26.7937
36.6863
32.0632
33.8712
31.4439
28.1693
31.1851
29.0460
33.7102
33.1824
32.3172
28.4075
28.4142
24.2602
25.8411
33.6490
29.2058
33.5024
33.8232
23.6893
33.1577
32.7452
31.1579
27.7999
29.9298
29.6026
28.0258
28.0851
35.5753
31.3071
25.4579
29.6896
29.7051
29.7009
25.0014
33.7123
29.6429
30.5855
25.2319
31.5384
35.7823
24.2616
28.9402
29.8645
23.0656
26.3156
28.7756
29.6801
35.5841
27.6514
29.3513
24.3455
26.3235
25.8265
26.7746
36.6248
25.8647
32.6843
28.7015
24.9488
23.7052
28.8431
33.0481
35.1801
28.0200
28.7750
26.7598
31.1526
29.4946
34.4461
27.1668
32.7960
27.3942
26.7273
24.1071
28.1427
24.7377
31.1652
27.3083
32.6018
27.6158
33.1126
21.3288
26.5382
30.3461
30.9283
24.0945
25.9246
25.2282
29.0192
24.9620
28.1962
32.0019
29.3360
29.8336
21.8623
30.6338
29.9681
28.0934
31.5845
29.1520
24.8926
29.7683
35.7032
30.6705
29.7300
24.8380
32.2905
19.9598
28.4238
32.5436
30.7514
26.7988
20.9308
32.5572
25.5388
32.9847
23.6095
26.3535
23.8048
33.0383
19.3560
32.4967
32.9774
33.0519
30.7543
26.5101
27.8909
30.2511
31.8384
26.9153
29.5970
22.7414
37.0782
31.3729
34.9439
23.0428
31.2876
30.3451
20.4351
23.2407
25.1829
26.6206
28.3933
25.6618
29.2735
31.8953
31.4353
28.6191
26.9727
27.2965
26.2916
29.9667
26.7971
28.0064
28.1598
35.3185
24.1847
19.6291
30.5018
25.2359
27.2090
29.0946
24.0039
25.4329
25.7392
25.2060
23.4089
25.0292
28.2874
31.6973
28.5554
24.9530
28.9937
29.1455
29.1865
30.0204
23.7428
24.2244
24.8981
26.8363
38.5537
24.5600
26.7529
30.8200
29.3982
32.0477
31.5902
35.1431
32.1191
25.2208
26.1091
26.8319
33.1013
29.1737
25.2571
30.3177
25.5257
23.4479
21.4861
26.2160
22.1962
28.2553
24.7114
27.0005
27.5891
31.6878
30.8510
28.9067
32.6823
24.6359
27.7447
30.6152
28.9565
32.7699
32.7970
29.8336
26.5776
29.7898
28.4737
30.0456
26.8132
26.8333
27.9761
31.3343
32.4593
29.3262
29.4364
28.1385
23.9873
27.4908
28.2413
32.8177
27.4319
31.7679
32.4190
26.1687
27.4934
31.3167
31.4927
30.3309
29.3366
28.5731
29.6199
30.6486
31.6136
26.9731
33.7053
30.2971
28.5347
26.2931
24.7160
23.6443
33.7623
21.7014
22.5829
29.7322
24.9967
30.3404
27.2703
27.0397
34.9486
27.7929
31.1226
28.3313
31.8727
32.9230
30.4827
27.1742
29.2702
28.8026
25.5598
26.3245
20.5826
25.1030
28.1220
26.8716
29.3748
32.6590
26.2861
31.1996
29.2023
27.7849
33.6709
29.0476
25.5066
31.3796
27.9500
26.7268
24.7245
27.1258
24.7322
24.4554
22.1347
31.5848
34.2341
27.1845
26.6489
30.9849
32.8887
31.6771
28.2992
29.7512
30.1545
28.0054
30.9994
30.9993
28.4049
31.6852
34.4707
33.6222
27.3123
35.2174
26.9128
27.0112
32.3410
28.3019
34.3722
30.7629
25.2626
28.7598
32.3882
34.4870
29.9376
34.6756
25.1133
29.9429
28.9214
32.7849
31.0285
29.1914
33.0189
27.1479
31.6486
32.7873
28.7982
28.7202
24.9934
30.6570
29.2616
30.1861
23.6248
27.4916
31.7209
28.1810
30.5128
29.3979
32.2761
23.4716
31.7267
32.0552
35.7874
31.8123
28.0621
31.8802
30.4863
22.8926
27.3943
29.7383
34.1567
31.7543
27.5233
22.5748
25.2397
33.6420
28.1834
32.2713
31.3294
33.3496
34.9094
34.6966
31.2350
34.3030
34.2879
24.9661
34.0575
23.2471
23.7070
28.0231
32.5418
29.9255
24.1668
32.0494
30.6015
26.0081
21.1707
29.8501
26.1942
34.2351
28.3045
30.8580
31.5082
26.1606
35.1411
33.2661
29.2009
29.0861
25.9801
32.4510
27.9903
30.9023
34.5301
25.7158
27.1937
30.7593
34.8183
25.5021
32.6065
32.4406
28.3258
25.7781
27.4610
23.2281
27.5060
31.4798
31.2869
27.4473
23.9823
30.3457
24.2432
31.7983
29.1917
29.9237
24.7400
27.4487
26.2261
28.1971
26.9513
24.9425
30.2662
31.2375
26.2467
21.1472
30.3415
26.2377
35.2225
30.5516
32.7924
31.2809
31.7989
24.0269
26.1223
30.8064
33.1351
29.2255
27.8059
29.7888
28.3457
29.8598
30.3598
26.7782
25.0993
34.6425
28.9438
23.6594
35.7367
29.1999
29.9108
31.9080
36.2548
29.1529
31.7647
28.2260
26.4968
32.6996
24.9289
26.4149
26.3501
24.7542
26.2890
31.2879
26.5102
33.8508
30.1863
28.3726
24.6395
30.0106
25.2344
28.6624
28.5989
23.3889
27.7629
30.0597
28.5439
29.6361
32.1885
26.9458
30.6071
29.0476
23.0962
27.9423
25.9838
35.9680
24.7354
34.2324
27.0618
25.9173
34.4552
36.0188
33.3938
27.2685
27.7503
25.9507
29.9296
24.4119
35.5622
32.2626
20.3813
22.5830
24.4694
34.2912
29.3491
24.6731
27.3697
32.3964
29.8917
32.0853
29.0515
31.9814
28.8523
28.6622
20.3562
26.3172
35.3948
27.2872
29.3914
32.3445
30.1410
32.0605
26.8368
23.7979
34.3951
34.2373
30.4731
28.3453
32.7156
29.6843
30.9228
25.0474
28.8884
30.3424
21.4425
32.2125
26.7980
31.4776
30.9053
33.7443
27.3159
34.9129
35.3498
33.6555
30.7736
30.2623
31.9897
34.5248
28.6935
32.2357
31.1062
32.0964
23.9522
26.6226
30.9342
25.3259
32.9854
31.2926
32.6143
36.7580
32.4209
23.7784
25.1205
30.5443
24.2278
30.5933
31.1292
28.7568
28.8631
33.0677
23.0498
32.3732
28.7854
31.0929
33.3529
29.1545
29.1534
20.7911
34.8721
25.9779
28.0942
30.2015
29.0629
27.2363
29.8397
28.6738
30.2425
22.7282
29.9269
31.3414
26.9526
29.6287
30.7920
33.0937
33.7578
26.8470
22.6184
25.8773
26.4881
28.1674
24.5197
24.9213
23.2277
22.9106
30.5819
29.4965
31.0261
36.9602
20.6214
31.3095
23.7210
31.4321
24.0784
29.9076
34.5345
27.6470
23.7526
25.9665
28.5126
25.0944
31.2433
33.5118
24.4989
29.1455
32.9536
27.2070
26.1424
30.1047
29.0434
35.4090
31.3373
25.0933
30.4408
29.4191
24.6648
33.7865
33.9479
31.3785
26.8015
31.2663
33.3826
33.7273
34.2075
28.5483
28.9874
26.3126
28.9425
31.6431
26.4141
29.6591
32.9322
24.5380
29.0567
33.8704
28.8472
33.2236
24.4844
30.8257
23.8248
28.4184
22.3905
35.1584
31.0762
26.8799
33.0259
29.4458
30.6793
34.2373
31.8685
35.4280
31.6216
31.1834
28.3395
34.9628
36.9224
27.4704
26.6688
29.5408
23.9569
21.2186
26.7587
22.5332
34.8972
31.6931
30.6723
30.1888
35.8018
29.9819
27.6577
30.8229
29.2582
30.6174
35.6282
29.9782
26.4630
28.7876
27.3605
29.4938
27.9775
30.2008
27.8627
26.4151
21.2602
33.6489
33.9853
34.4046
24.0765
31.1433
22.9743
29.1766
30.9659
35.5182
24.8218
25.6991
26.0335
24.1239
29.8834
33.1911
31.6235
31.4125
30.8307
26.9831
21.4067
24.5586
31.7077
30.1101
26.2357
30.6535
31.4006
26.8882
35.2539
30.2620
25.3789
28.2313
27.9525
27.2803
27.9029
31.2256
32.7015
31.2815
30.9716
29.3851
34.2019
32.3993
33.1400
21.5430
29.7261
25.0249
31.4355
27.7381
25.6000
29.2250
27.0432
24.6413
26.5616
27.8998
30.3748
22.5976
29.8180
28.7994
28.7814
27.7703
25.3698
32.0713
31.4832
23.1072
25.8242
32.3616
30.9770
32.0038
26.2178
23.2189
31.4424
31.5693
27.1552
30.6184
31.3380
29.0221
20.6356
23.9966
29.9937
30.7303
29.3055
28.3027
25.4644
31.1859
28.1273
20.4318
30.2282
34.1697
25.4783
34.6232
28.9134
23.3803
20.1137
26.8893
32.4947
31.1314
33.9298
30.2070
30.6649
23.8670
29.6605
33.4857
26.4346
28.5903
26.3224
24.7139
29.2752
25.5725
30.8682
27.2897
26.5837
26.7352
26.5286
36.0156
22.9366
29.3913
31.1993
27.2104
32.5134
33.4486
27.7270
29.5183
31.1850
32.0751
31.5930
30.7895
28.2851
25.4494
29.1636
26.1464
29.2930
33.4619
27.3966
28.3885
27.6971
29.2566
29.3781
25.6358
26.8264
23.6304
31.6059
30.3945
27.5119
32.1412
26.1889
37.3348
25.1708
23.2397
28.8540
30.2626
30.0152
23.0883
26.0131
25.3912
27.4824
27.9831
29.5634
33.3273
21.0541
24.5341
36.3618
27.4951
33.0617
32.2015
23.6201
25.1394
31.7421
32.8496
29.8801
31.8078
27.0242
23.9565
29.2735
30.0491
27.7380
30.9378
21.9558
29.3242
26.4372
32.0695
29.5045
28.0468
29.7301
22.5689
31.0047
27.2129
24.7304
28.7361
23.3773
27.6913
27.4341
31.2044
34.7123
30.2289
33.7614
33.5655
17.9414
36.5225
31.6921
29.5728
32.8545
30.3997
28.4651
29.4495
33.7634
25.9191
30.3913
26.9252
31.9007
33.2859
26.5739
28.7242
33.2833
33.3998
32.0787
35.8481
33.7978
30.4833
26.9665
26.0122
24.8456
21.7819
23.6879
33.5656
32.7204
25.0195
26.4421
26.7098
27.7551
28.6746
28.8481
32.6476
25.8754
28.5085
29.2858
30.6621
25.2405
24.5660
32.9665
31.1746
34.5311
21.4290
23.1557
30.2902
28.2152
30.9314
30.5258
33.4122
27.7464
26.0915
25.1848
27.4104
24.4772
27.0713
34.0248
25.2217
30.4398
31.2561
35.1476
29.5992
26.0828
29.0595
31.0282
32.4035
32.1305
29.7519
36.3576
31.4513
23.3456
28.5514
29.6305
32.4942
31.7488
26.0202
32.0645
23.8211
31.7448
29.9181
28.2107
29.7797
25.1026
33.1111
30.2682
26.2184
26.8276
26.6214
32.8622
31.4613
20.7008
32.9804
33.0360
26.9090
34.8627
27.6842
29.2129
35.6394
29.3270
28.4154
27.3630
29.8762
31.1116
26.6829
23.2938
24.6931
24.6830
29.0305
25.0735
27.7325
23.8938
28.6027
23.6824
29.2486
26.9329
29.5996
28.3308
28.4307
28.8820
31.1935
30.3636
28.9857
31.1362
26.9047
27.6191
24.7428
31.3597
26.7024
26.4318
29.1529
29.3126
29.4162
27.0829
34.3251
22.8764
28.9177
30.1427
25.0263
29.1778
32.6931
31.7868
26.7096
27.1872
20.8537
32.4383
34.8309
29.5365
25.2297
29.9503
26.9465
32.3189
23.8868
27.2765
23.9176
29.2482
22.5685
24.4683
26.6577
28.2230
36.1646
29.4780
35.2010
30.4226
29.7091
28.2320
22.7789
20.5857
24.4066
26.7359
26.6065
30.3278
24.1224
27.6230
32.8626
25.4800
25.0629
33.3403
32.0267
29.9020
30.8599
32.1529
27.2910
28.3083
33.2730
31.6435
27.5571
26.5054
28.1431
29.3570
24.9460
21.4954
29.6091
30.5727
26.8078
20.3785
27.5269
29.6048
26.1189
23.2308
33.2669
31.9931
28.2445
31.0186
30.4768
24.8600
24.0830
29.7551
25.5023
28.0061
23.5778
32.2722
31.0599
28.0736
25.7052
30.7545
32.3241
26.7691
27.9352
32.0080
30.0779
31.1038
25.2910
30.7115
29.6623
30.8536
27.2182
35.4948
22.9619
28.4957
32.7449
28.9817
26.1245
30.2185
37.0859
25.4495
31.2141
26.0519
24.8089
24.7751
25.5876
31.5885
27.7775
23.7772
26.7377
28.4276
29.0365
30.3162
27.7109
32.5688
29.8102
29.3354
26.1887
29.6233
35.4620
33.0105
33.4514
20.5776
25.2474
22.6885
27.2771
29.2507
32.3492
31.7042
32.1240
30.1641
28.1209
26.3394
26.3492
38.1875
28.3866
29.1109
24.4148
31.6843
33.1188
28.8042
33.7731
24.3337
25.2532
36.0520
34.2713
34.5667
31.2605
24.5710
28.1733
25.2607
24.2008
32.3846
35.0831
37.6611
33.7592
32.5986
28.3965
34.8018
30.1955
34.0889
30.9049
22.5436
27.4449
28.9955
33.2771
27.5057
31.8108
31.8182
22.9616
29.1136
29.0549
21.5108
28.2241
34.9879
31.9951
30.8322
28.0781
26.4516
32.0426
30.3528
27.7301
34.1700
36.0408
26.9421
29.3750
25.9021
30.0904
33.4519
33.4674
30.7837
30.8150
27.1883
22.0539
24.8151
30.9444
30.6935
35.0267
27.9504
30.3664
27.5315
32.6314
30.7331
30.2003
29.5259
28.1163
31.8387
31.2455
28.1795
31.3929
34.2231
31.1431
28.3820
27.9787
30.5882
33.8687
22.6695
27.0075
26.3457
26.5854
21.1302
27.6189
25.9290
29.0520
29.7739
27.1889
36.3161
29.1495
33.4295
29.7672
31.4667
35.4969
31.9997
28.9975
31.8295
31.3493
29.1784
32.5708
32.7643
31.6330
26.3952
25.6820
29.5650
32.1516
32.5308
23.9708
27.2651
25.1809
34.7897
29.6127
25.9027
30.0171
29.9853
24.2345
31.3756
29.3166
35.2741
31.7985
30.3899
24.8477
37.7631
26.1020
27.0389
29.5042
28.5109
29.2451
30.4386
30.7337
22.7492
28.2830
35.1798
29.1787
27.2559
31.8068
34.1775
36.4215
29.8079
27.2838
27.2130
25.4404
24.8373
31.7368
26.7960
31.8333
27.7386
28.2190
32.1112
29.7012
27.0467
30.0205
32.8025
32.4962
29.5886
25.4027
29.5624
33.2406
31.1532
32.9910
28.3921
29.9572
24.9916
31.5181
36.1792
32.8843
30.3135
30.8410
31.0450
32.9645
30.4583
28.5687
25.9865
34.5595
29.7765
33.4111
26.4507
32.3255
25.0291
25.1457
32.4073
26.7643
27.4540
33.6723
29.3653
26.1606
27.4710
26.8819
30.8933
29.3925
23.1099
21.5597
25.4206
29.8563
28.8616
33.0610
33.7380
30.0376
30.7416
34.2599
29.8151
32.4062
27.0264
24.0486
29.2069
32.6849
26.5629
26.9509
22.7530
31.4698
26.3560
31.6227
25.6373
26.3388
17.7427
33.5758
27.5827
34.8484
27.0525
29.5024
23.0433
32.0828
26.7510
32.8570
32.2758
31.7602
28.3238
34.5805
27.1118
30.8855
26.7605
31.1979
25.7606
26.2277
28.7047
21.6205
31.6967
25.7788
30.6938
31.6488
36.7206
29.7323
35.0574
29.3065
23.0825
28.2187
29.4018
26.3834
31.5868
29.8770
28.7597
27.8854
26.0009
32.6481
31.7960
29.4656
29.6029
28.7071
27.8407
29.7538
23.0967
24.7082
28.3361
27.3768
23.6262
35.5542
28.9444
27.4970
29.8244
34.9531
23.5222
23.3022
29.9640
30.2098
28.1729
32.5973
24.6863
29.5383
29.0478
36.0162
29.9070
32.5041
24.3301
30.9411
36.9285
26.4564
30.3872
34.2457
31.4030
35.4862
29.9618
28.9009
25.1412
26.6179
33.2205
28.5793
28.0974
30.3309
26.9488
27.0702
26.5364
29.1997
30.9004
28.8033
34.8027
34.9542
29.4285
36.4734
28.6141
20.5293
25.1711
32.1328
26.8184
33.4097
23.9754
31.2199
25.4693
25.0135
32.1491
26.5819
27.4518
34.4435
36.9210
28.7630
30.0818
31.5548
28.6737
36.2948
37.6446
25.4635
30.9527
34.3071
29.1721
26.8564
35.4771
20.1077
23.5852
33.0173
27.2438
30.9592
27.4571
24.9065
25.8310
28.7660
28.6096
31.0431
31.3874
26.2504
26.4945
20.9555
27.9107
33.8667
36.7292
29.6803
30.5438
27.1958
27.9684
34.9760
36.1884
33.2738
29.2005
30.7710
23.3913
23.0081
25.3884
30.3267
26.8741
24.2869
25.6253
25.2949
23.7197
29.2476
34.7929
25.5062
25.2245
31.4840
30.7239
30.2421
33.7406
31.4301
30.7095
27.0101
28.2246
31.9777
22.3524
35.2332
27.2697
30.8404
27.3604
26.8506
27.1674
29.0360
26.7543
25.1435
27.3866
25.7974
19.5186
25.3765
31.2570
29.6305
27.0016
30.3706
28.5457
31.3556
23.3461
32.5934
28.9778
27.1023
26.6119
30.0031
28.5460
22.3095
28.2009
27.1643
23.2092
27.0295
21.5697
29.1773
27.1737
25.3846
31.6975
29.0467
21.9750
28.2334
32.4725
31.2917
32.8180
23.8415
30.5664
35.9072
32.1859
28.2966
31.5062
26.0002
30.8391
28.3677
23.5119
31.1067
34.2036
29.6890
31.6413
30.2046
33.2621
27.5197
27.9104
28.2724
26.7547
27.2645
32.1038
33.0904
30.6490
22.8933
24.5883
31.7827
25.6875
31.6941
20.7717
30.9915
26.7424
27.7546
28.9123
30.7314
28.9756
28.4496
26.8826
27.4549
25.6441
25.7830
28.0108
33.7518
28.3282
28.8929
34.2662
26.6707
22.5782
35.5654
26.1335
25.0968
32.4335
30.3624
28.6308
30.9903
31.0841
30.9407
29.2701
30.9346
27.6322
29.0941
29.7974
27.6985
29.2560
27.4319
36.6514
29.1785
27.8125
28.0101
30.8673
28.8684
29.8330
31.6224
31.1098
25.9854
28.2187
27.1338
31.9567
26.0035
25.9498
28.7195
24.1828
29.8784
31.0883
25.2294
29.2459
25.2639
31.6737
31.8904
30.0909
26.8933
26.5629
30.8660
30.5638
37.2065
25.3319
29.7770
32.1408
29.4136
27.8187
29.5101
23.0000
27.1330
32.0240
32.4183
28.8277
34.0192
29.8385
29.5495
27.2869
30.9849
30.8801
32.2661
25.4648
28.4202
27.3290
33.7316
32.7854
39.3410
34.0240
24.7287
33.1690
23.8033
28.0198
27.6479
25.8369
30.1149
33.4366
25.2127
33.7956
32.7066
21.1236
32.6696
35.1331
23.7295
28.2370
33.0769
31.6702
29.6363
27.7047
29.2348
25.8211
28.3901
27.5192
35.3805
33.0029
32.2113
37.6622
29.9595
29.2385
31.2939
26.4998
28.1354
30.1998
27.3613
24.4358
30.6696
31.7257
25.6907
30.8465
30.8934
32.0316
23.5233
29.9781
32.6160
27.2254
24.5347
28.1310
27.5896
30.5902
30.6107
27.5849
32.4589
30.9558
29.4392
32.2627
30.9500
30.1799
36.0603
22.3214
32.4190
29.3613
32.8020
32.3564
28.3876
27.6687
34.6890
35.6811
33.4834
27.6782
31.4870
22.8465
29.8101
25.2524
27.5061
33.8961
31.9766
29.0259
25.2855
25.6772
24.0363
33.2259
26.6060
28.6383
34.2562
23.6670
25.7369
34.8042
31.6010
35.5293
30.8806
29.6252
30.7056
29.8172
27.4195
31.0293
33.2749
27.8777
27.5755
35.0309
30.5031
34.6911
34.7227
33.4088
20.7404
31.1792
28.3519
26.4432
21.6496
24.1177
34.8567
24.3246
28.0572
33.0493
33.4046
29.5755
31.5484
29.5110
32.6841
27.8266
31.9638
30.3875
31.7554
27.6368
32.7612
31.8057
30.6390
21.0525
28.4373
24.9279
30.5688
34.3290
31.9630
25.2004
33.3075
28.2694
34.8757
34.0668
24.9825
25.5940
29.2149
26.6974
27.0077
27.3548
29.7808
24.0147
27.3930
31.8409
26.2124
41.3185
21.8474
25.8042
32.0736
26.1308
34.5591
32.0689
31.2522
31.8200
30.9303
36.1468
29.8147
29.6812
27.5364
32.3995
27.1633
27.1589
30.5016
28.3051
32.1446
28.3280
23.0434
35.8866
32.6046
23.1112
25.1988
30.0080
30.8285
31.8859
29.2845
31.9184
31.0179
23.2089
26.0156
29.4452
27.9885
31.2094
33.1758
29.5929
31.2406
29.5255
32.4361
34.0819
26.6046
28.2544
26.7311
28.3585
31.4836
33.6883
28.4858
27.9434
27.6594
22.8978
31.0271
29.7307
30.2187
31.3710
27.0737
35.4178
25.8620
29.9702
29.9620
24.4020
31.3692
28.4909
29.8874
28.0810
23.1029
28.5740
29.7985
31.0547
25.5035
27.9007
26.0536
26.5796
30.4912
23.6514
27.8700
33.8440
29.1210
33.0012
23.4051
25.8973
32.4698
26.6211
26.0866
27.2156
27.0929
24.7572
28.0195
26.0868
26.3626
26.7557
28.3574
37.3243
31.5219
24.7719
34.1469
28.3717
24.5196
25.5982
32.8370
31.7746
27.3406
26.7777
26.6675
32.2995
27.2440
29.4444
22.9398
26.1863
26.4498
29.0755
28.6081
30.1946
33.0022
27.8779
29.2682
32.1768
37.1516
22.2990
27.2678
27.7152
29.6740
23.5824
30.1063
25.9287
28.2034
26.5778
28.4735
33.9646
34.6242
24.0589
27.7982
33.8414
27.4869
26.5170
30.8524
25.3310
34.4838
30.4285
25.0258
31.4656
31.7052
30.7651
28.2270
30.0035
28.8676
31.7613
30.6729
25.8203
28.2524
32.8300
27.1357
30.4770
25.2683
27.7553
20.0438
23.7624
29.1314
25.6026
28.3833
26.4130
27.9245
32.8059
27.5632
23.8061
25.2508
32.4967
27.8129
32.7583
26.3297
28.8964
28.9025
21.4905
30.5602
27.3924
29.7846
26.3682
34.6079
29.1671
29.9676
31.9790
25.8510
23.2543
26.4543
29.1966
31.1369
26.9308
30.3270
25.2292
32.1884
27.5864
29.3400
27.9515
24.0079
30.2019
26.9971
28.3392
29.1551
29.4867
24.1034
24.5984
26.8931
25.4365
27.6163
34.0646
31.2121
34.7754
34.2458
28.3566
36.9169
29.2253
21.2361
29.5762
29.0288
30.8145
29.6557
37.7763
25.7729
28.1654
28.8900
33.2543
20.0309
31.9302
33.5513
33.3844
27.1698
28.8527
26.5950
25.6825
25.8458
24.9936
31.7419
29.7821
27.0928
33.8718
30.2312
24.1199
31.8875
26.0684
24.2988
33.5893
28.0954
30.7669
28.8684
33.0456
26.9628
35.1505
24.8982
34.0060
21.6697
25.8438
34.1527
30.6261
29.8855
34.0974
28.4422
28.4040
29.0031
27.2535
28.8037
24.1221
27.5867
33.9547
26.3524
33.2684
30.8053
23.4636
26.1693
31.3049
33.0430
33.0725
29.0410
23.7720
30.6618
29.3369
28.1398
27.1494
31.5074
27.7783
33.4024
36.9725
25.3621
29.9404
28.6016
29.1174
34.1849
28.2560
29.2364
34.6900
29.1152
24.2245
30.1376
26.4026
28.0189
31.8179
23.1001
35.7946
22.7186
28.9755
35.2034
26.7307
26.8088
30.7560
26.9899
31.6242
34.3802
26.9725
28.4635
23.9328
26.4659
28.1966
25.2668
24.8676
27.5432
21.1227
28.4276
30.4592
28.0721
30.2963
27.8027
25.3665
33.6201
30.2139
26.6227
30.5276
30.9500
26.9296
31.0283
29.5483
27.0377
29.1656
25.8326
27.0397
24.1857
25.9756
30.3097
35.6221
28.4205
31.0322
34.0897
24.3317
29.5374
31.6132
29.8492
27.5839
30.7434
31.6843
28.1991
29.7482
30.0120
32.3603
27.1304
24.4400
32.8369
31.5256
26.4907
24.8287
30.9422
22.4488
32.4368
26.1744
27.4102
31.9640
28.6087
27.0245
23.8665
22.3624
25.7246
35.4552
23.7247
29.5232
27.9563
33.7243
24.3336
26.1461
31.8947
28.3340
26.7109
23.0272
32.1921
23.9973
31.1827
35.4436
30.4504
30.2733
25.0780
29.9551
30.1106
30.9438
29.7078
29.8289
27.4924
34.1168
26.3497
32.3740
25.1488
34.2057
27.2667
25.1638
28.5149
30.2694
35.5307
35.0249
35.0820
24.9493
24.5073
28.7754
30.2961
34.4469
36.4990
30.0315
28.4356
33.8991
31.5195
24.2905
23.9165
25.5498
32.4920
34.7874
30.9281
31.4891
29.0316
28.3018
32.2956
34.4087
28.6759
28.9900
27.7269
28.6343
28.3101
33.5914
28.1231
22.7467
33.8381
29.7611
26.9663
29.7431
34.2251
30.3306
27.3932
28.9014
28.1126
29.6785
29.2752
30.2769
25.6133
30.7403
30.7791
31.8476
24.2331
37.6470
28.1001
36.9614
31.8633
33.5606
29.3880
31.7442
31.2934
29.7181
31.3823
32.3119
33.0479
32.0072
33.5901
28.9107
29.1066
27.1957
25.0764
26.5732
26.7706
26.1143
32.9822
33.6248
28.6269
26.4361
30.1483
21.7001
28.3910
26.2574
30.4530
20.7771
29.4478
30.6954
30.3546
27.9603
29.3349
26.8080
24.6736
32.7812
28.2076
25.8733
21.6461
30.4555
30.3127
27.2711
26.4105
32.6122
27.0900
25.6315
29.5074
29.0255
20.9878
26.6427
27.7593
26.6057
36.7614
26.2305
24.0550
36.1296
28.6239
30.0484
33.3924
33.0333
26.0584
30.1090
27.5357
28.9700
24.3723
27.8073
31.8503
27.6874
30.9708
31.4442
23.3227
24.5783
25.3662
26.9645
26.7897
31.2802
34.4798
30.6626
23.7834
27.4841
30.1434
28.6771
21.5729
31.7783
32.5742
27.6652
35.8946
26.9056
31.2909
31.1540
27.3214
23.7543
30.1553
29.6427
28.4218
26.4141
29.2632
32.5837
25.7221
23.8916
24.8620
30.5829
18.7731
23.0351
30.1601
36.1849
26.2172
23.6616
30.3486
31.5414
19.0468
23.3291
23.2023
28.7673
33.9443
32.1116
26.7133
27.4742
31.7405
31.3030
32.7938
34.1370
30.1788
28.4615
34.5355
26.1470
28.5644
28.0134
22.1408
25.2723
32.7210
26.9766
31.4588
33.1305
36.1506
24.4645
24.4922
35.8672
30.6854
28.1796
24.2758
30.5284
33.4492
32.4216
31.2859
34.8238
35.3728
29.4673
30.5820
29.0044
33.4407
33.3041
34.3694
32.9199
19.3222
23.2411
29.8591
27.6754
25.6070
26.9704
31.5683
25.9682
28.8482
27.5410
30.6720
30.5121
29.5530
29.1423
23.6287
28.1405
32.5775
31.5013
28.1805
28.7835
31.4227
32.2566
30.1803
32.3150
31.7221
31.7541
26.2150
29.0054
25.7756
24.9011
26.5795
37.1985
30.6801
30.5268
32.1980
29.3315
28.3635
27.2858
29.3193
23.8951
26.7807
34.0483
22.0521
24.4173
31.9326
32.3464
23.8409
35.1268
31.4663
31.4708
26.3971
24.1048
30.4931
36.8639
34.6401
26.3554
23.0639
24.0993
36.2564
33.1079
28.9690
30.6132
31.0128
32.5010
32.4790
29.5664
29.7826
26.2340
32.7653
25.7457
27.4330
32.3089
22.0887
22.9948
24.1608
35.2255
28.3173
29.2533
28.5624
28.2781
23.3357
27.2970
30.7168
27.6863
28.7754
31.0947
30.9102
31.9179
26.7302
29.8581
25.7427
35.0513
31.2519
33.0184
32.8402
30.5788
31.2625
33.0951
26.2361
29.5273
23.5297
28.7499
27.5960
27.0503
26.3270
34.9051
28.4593
31.5889
29.7225
37.9464
29.9375
27.8915
27.7705
21.9001
32.9500
27.0626
34.8344
29.7942
25.5320
28.1626
32.4046
33.3021
31.2312
32.5724
23.7781
28.7165
26.3697
29.8625
29.8706
31.8525
29.3173
35.3010
26.0442
37.0680
31.3240
32.6253
31.8432
32.6526
30.1825
31.9987
30.3308
25.8340
23.9006
25.1314
21.5535
32.4202
33.0879
31.6354
26.7236
25.0937
24.8069
32.2697
26.5336
31.3454
30.3460
27.6256
28.7591
28.6071
30.9948
30.6981
27.6106
30.5535
32.2002
27.2125
27.6345
33.5874
25.9705
27.7479
28.4328
28.5808
36.3431
27.6660
27.4592
25.1949
31.4326
32.4361
21.6968
33.4579
25.0797
33.7255
27.8214
28.1159
29.1009
31.0717
26.4321
24.6284
31.8224
31.4611
24.4496
30.1497
31.1355
24.5198
28.2215
28.8832
29.5760
26.7177
27.5489
29.6145
29.1529
34.9009
25.2707
20.9502
27.1139
27.8613
31.2212
39.6678
25.6991
33.4099
33.8501
35.6126
25.2074
32.9056
30.6486
33.0333
30.6529
33.3530
26.1319
27.9376
32.2443
32.9002
31.2342
27.6984
27.8530
23.5913
37.0689
40.0511
20.6364
26.2560
27.4999
24.5553
30.9003
32.0816
27.5067
28.8677
22.8561
26.7012
29.4600
28.7177
25.1045
39.4476
30.4298
32.9739
33.6517
27.9458
28.6305
27.1347
31.3669
27.8774
29.5974
31.1284
38.0793
28.7732
24.1652
31.2687
25.5104
31.2558
30.4253
26.8144
27.7230
30.5431
18.0831
28.9865
29.9844
21.4924
33.2111
32.2284
23.8964
25.2521
23.9760
28.5307
23.8349
22.4706
26.1462
31.2600
27.0598
28.1951
29.0952
35.5361
33.6961
33.0525
25.9630
21.2439
27.6558
23.0587
26.8595
34.6389
36.4705
35.5629
30.0648
25.3164
35.5197
30.5663
28.0030
20.7907
27.2160
23.8772
20.8087
29.2549
21.7872
27.2525
28.4584
28.7822
20.1386
25.5023
29.7776
26.7565
27.5433
26.8326
28.5203
26.1286
20.2142
22.9502
36.4470
25.7945
28.7644
35.3707
22.3637
34.4744
31.6422
32.7868
27.9685
28.3890
31.6623
28.1121
23.5443
25.1161
26.5514
26.2183
26.1647
32.3674
26.7867
28.8839
32.5222
22.9423
29.8257
29.3314
25.7467
30.3791
31.5203
25.6583
21.4802
32.2436
30.9078
34.1706
27.8012
31.0015
34.3951
28.3303
25.0716
29.0799
30.8883
31.4404
26.3225
28.3882
26.2578
25.0506
27.1321
20.1460
24.6888
32.1444
24.9473
30.6718
26.2289
29.4704
29.6123
22.8387
27.9533
26.4818
28.5169
27.0240
30.1479
27.6753
27.4748
25.7206
31.1459
27.0678
28.3986
34.5614
26.8649
27.9426
20.9761
23.2259
29.3844
25.3322
35.4870
27.8842
24.3271
32.6650
31.3438
30.8044
29.6018
31.2778
29.1177
32.6748
31.3867
36.4898
31.3376
33.3200
22.5000
25.1364
25.4881
31.5324
27.3927
25.0403
27.4341
23.0366
30.0891
27.2461
36.4641
29.4393
38.6668
30.6171
28.8752
35.8914
26.7061
30.2825
30.7385
27.2417
31.5919
25.3201
25.9807
24.1851
25.4323
28.3940
35.4844
27.6798
34.5399
25.5348
25.4188
24.2358
30.5814
29.4941
28.5262
26.5818
22.1321
27.6902
32.9358
30.5733
30.0726
29.5895
21.5715
19.8492
35.3206
28.5389
27.8560
29.6780
26.0065
31.8266
31.6741
28.6254
31.9396
30.7519
26.6137
23.4416
30.5619
32.1154
29.3171
22.9841
32.7754
30.5555
30.4010
27.5778
27.9290
25.5026
26.8747
33.7893
33.9699
32.5455
36.4296
32.2615
31.6948
29.6304
35.0180
23.8888
26.6050
31.0486
26.4932
35.1475
25.6291
26.9131
29.3819
22.2894
26.4537
18.6914
27.5373
30.6640
25.6995
29.7261
31.5383
25.6879
28.6357
26.9573
29.7188
28.1610
31.8445
29.3950
27.1258
35.0942
24.1628
33.8277
27.5050
28.7616
21.5613
23.3924
28.3605
30.5463
30.3610
32.0628
35.6811
31.9416
25.2408
24.4109
29.7340
33.2434
33.1518
31.7088
24.1198
26.5064
30.0102
26.3304
32.9288
26.2115
32.3638
33.9109
30.0735
29.3061
30.1877
32.2321
33.2587
30.5614
30.7342
25.1313
22.6169
21.1084
30.8486
29.2458
31.6338
35.6431
29.5734
29.1212
35.7831
27.4576
29.1987
30.6330
25.9778
31.5957
27.9337
33.5384
34.8827
25.2498
30.9671
32.6189
27.4736
28.5784
22.7542
24.4054
27.9489
35.3610
30.2058
28.6866
35.6392
29.8473
30.6362
29.0585
33.2151
29.9116
24.7968
27.4422
28.5626
29.0394
22.2696
34.0991
33.5887
30.0877
25.1984
27.6917
34.2056
31.6236
33.1103
37.2399
31.6935
25.6775
25.6098
30.6578
28.3421
31.8647
24.6863
33.5079
29.1020
22.7217
28.2512
31.6405
30.5989
25.7765
30.0855
32.6501
30.6731
26.7443
36.6534
28.8845
26.1802
28.7613
35.7261
30.4503
24.7926
26.0604
32.0696
29.9694
33.0517
24.7728
24.7375
22.6828
18.2084
31.4625
33.7495
26.1753
30.6590
30.6300
33.7438
23.0525
32.6191
30.5372
38.2537
31.2349
25.7528
23.4927
31.5948
28.2038
24.4682
28.0732
24.5918
31.9675
29.0368
30.6644
31.6522
27.7116
25.8085
33.1561
28.8384
29.9677
25.7149
33.0468
36.1651
32.8487
34.2907
34.7892
31.1382
25.1655
24.1386
21.1989
35.2218
21.4325
29.8249
29.5569
30.4836
39.3251
23.5721
24.8708
24.0093
22.3614
27.4663
26.5475
21.2169
32.2886
23.5780
24.8610
33.1893
30.4315
31.6509
26.0320
29.2571
25.5491
31.7726
30.2823
30.1389
32.8422
30.6265
33.6836
29.9620
29.9621
29.7996
21.8664
30.5584
26.4235
26.4552
32.4578
24.5909
23.2326
30.3699
33.1977
30.0262
30.4322
24.6329
24.3682
21.5034
24.6123
26.8518
24.2620
32.3402
31.0436
33.1379
31.4750
32.6858
29.1827
26.1974
30.9791
35.4937
28.5519
30.5439
36.2757
24.9042
36.5263
31.8441
25.3226
20.8114
25.2774
32.9535
24.1160
30.4066
33.3684
30.3224
32.1146
28.9541
34.8866
28.0538
28.4082
26.4389
26.6074
30.8315
30.1909
32.5817
29.6231
28.7272
29.1360
32.2482
23.8906
32.1245
31.6304
25.1546
35.0392
32.6004
34.6477
32.9397
31.1403
25.7734
33.6343
28.5515
33.5746
30.8407
33.9784
28.2435
35.0695
24.2821
27.5301
28.5033
25.3345
33.2755
34.6198
24.2252
24.8515
32.1712
31.2309
34.6197
25.4734
35.1874
31.0730
28.2101
32.7151
26.2683
24.4064
25.3562
27.9968
28.9973
29.8945
25.9645
29.5602
26.9054
34.1569
38.5289
30.9313
29.4862
25.7539
31.8513
30.9730
26.9298
27.8390
23.1207
28.7304
31.5092
27.5670
29.2869
31.2921
28.5802
25.9774
28.5689
34.3712
31.7527
35.2689
23.9059
35.0745
35.3461
29.9444
27.8197
29.0246
33.2107
29.6650
28.2311
30.7667
27.8743
34.7884
22.0771
34.6154
27.6253
31.5166
28.8581
28.1350
30.6306
25.8543
26.7726
25.4720
31.0835
25.7490
21.7804
32.6019
21.6707
29.9042
27.0146
27.7124
25.8006
28.9470
22.2280
25.2505
27.7515
20.7292
33.9281
36.8070
25.8877
30.4397
24.5291
22.5521
26.9873
30.9050
28.2597
34.3903
24.6645
27.8124
33.0974
33.3238
32.2797
31.6881
29.2526
25.0500
24.8946
27.9042
32.8829
34.4814
31.8988
26.0595
26.6597
31.6792
25.7287
32.2686
26.7058
29.5899
33.8472
23.7535
31.9126
28.1341
34.3945
32.7204
32.5316
30.2538
26.3990
32.8019
31.3905
29.0357
28.0465
28.6671
32.7217
26.0899
28.7122
32.5059
27.1706
27.6582
26.0915
31.0882
26.8556
29.9279
29.6563
26.5130
35.0835
25.7512
31.7849
27.2112
25.9298
26.7457
31.8997
27.9349
26.6244
22.0051
27.4129
30.3517
32.3260
25.8685
32.4033
29.0076
29.8333
28.4127
26.6597
27.3592
28.7194
29.0139
30.4194
25.2885
22.1588
31.3586
30.2363
27.1904
29.4610
26.9954
28.3167
27.0185
27.6384
27.3093
31.4942
25.8950
30.8396
31.8549
34.6448
24.8225
25.9756
33.9536
36.0297
29.8499
25.1044
29.6550
31.7707
26.5060
29.5109
23.8014
29.3699
31.0590
28.0757
25.5896
29.1032
22.5038
24.5065
21.5775
27.7594
33.2281
29.6301
31.4596
28.7082
29.9776
20.8389
27.5111
28.2497
33.7634
28.3727
29.6850
29.0240
25.5457
30.1310
26.2156
34.4055
27.9725
32.7550
23.3841
29.1917
24.3066
26.6673
32.4423
28.8682
29.6116
23.7191
30.6011
25.7874
22.3975
30.0375
33.6238
28.5211
34.3130
30.9350
29.3920
26.6404
36.7575
30.3477
25.3049
37.6217
24.9570
30.4582
26.4202
33.6701
20.8410
30.1490
30.1256
31.5980
26.7815
28.6544
26.4386
31.1329
31.0257
27.0784
31.1861
28.2588
32.0654
31.2902
29.2827
30.7069
24.8073
27.1731
33.2049
27.0514
37.3826
28.2126
31.0552
31.5573
31.7993
29.1296
28.0831
30.6433
27.6809
26.7392
30.2015
30.8694
30.2060
34.5874
25.6549
27.1023
28.4751
29.7586
28.3999
30.5683
30.4216
31.4397
26.8183
27.5777
26.4459
25.4445
31.6953
29.0666
37.1872
30.5024
39.2573
26.6068
23.3836
32.4757
27.3427
28.6819
22.2437
38.9408
24.0966
28.1852
27.2207
27.5773
29.3296
22.9941
34.9344
31.0245
32.8201
28.0828
35.6858
30.6582
31.9024
33.3791
28.5897
32.6102
24.3714
28.6552
29.1535
32.2499
26.6231
27.6667
29.9590
26.0125
30.3543
26.7837
33.1586
27.3762
25.3887
30.2416
27.3321
28.5488
26.3254
30.8975
31.3003
26.7254
30.3192
26.7164
25.3511
29.4250
25.2068
31.8620
25.4645
30.0703
25.4879
23.1891
24.2302
31.9062
28.4035
28.5620
34.3899
30.7125
35.1549
31.5969
26.6431
29.5819
30.1150
27.5951
33.0579
26.4582
24.3718
27.4951
28.4446
27.0487
28.4714
25.6958
29.1405
29.1371
27.9886
21.9140
33.8595
28.4510
25.5934
30.8957
24.4520
38.4851
28.1185
27.1419
36.4666
33.2380
28.0180
31.1749
24.1551
33.5357
30.8878
28.2162
32.5744
22.5737
28.9992
28.0380
26.7585
31.4108
29.1362
29.7313
33.8784
37.8462
28.4452
33.8561
28.6256
33.9695
29.0345
31.8187
31.9563
26.7582
23.3853
27.5839
27.7906
31.6272
28.6168
30.6688
22.1938
27.2968
22.9329
26.9773
28.3214
32.3868
31.4238
26.3834
27.7895
29.5077
26.7112
29.9243
27.6527
35.6167
37.5837
32.5028
32.0991
24.5496
30.3387
28.4005
31.2155
37.7166
32.9800
32.2227
28.9092
32.5173
33.3394
28.1063
25.9111
21.2690
27.2785
30.0201
30.5736
27.5667
28.8920
35.5376
24.6438
31.8752
31.1668
30.3379
30.3657
27.3673
26.1127
32.6538
32.6730
28.2296
29.8554
32.8120
30.9191
26.1325
26.7727
27.5928
31.9498
27.7107
27.8452
27.6565
28.9604
25.1649
27.7751
32.1001
26.6003
33.8001
25.0092
32.1359
33.3710
26.2820
30.0871
22.8482
32.7230
25.5854
29.0843
35.6065
30.8323
32.6526
29.5962
32.0840
32.1160
22.0253
29.7477
27.6806
25.8149
23.8770
24.3218
23.5077
26.7540
25.4754
33.3315
26.7238
28.4135
33.0863
24.5954
35.1251
30.0916
35.2867
37.6697
28.5177
26.3036
30.5949
26.1935
31.2920
28.9745
26.3329
33.0599
27.1533
26.3336
34.5909
26.7751
32.5044
28.8750
40.0654
24.2060
22.3475
31.7936
30.2208
26.2435
30.1625
27.3721
21.9072
31.0199
33.5211
29.4785
28.5645
32.3488
33.6228
30.8773
27.5225
26.3487
29.6756
36.2295
32.1974
27.9447
24.3032
33.2373
30.0692
26.3634
24.7593
23.2801
30.3512
31.2414
30.6000
38.3804
26.9001
26.9469
27.0687
27.2545
23.3490
31.2967
35.5790
26.0413
29.9394
28.9284
30.2420
33.2386
27.5813
31.8929
29.3879
30.8703
27.6824
29.2024
32.2549
31.6648
31.7329
33.7981
32.7731
30.6464
29.4394
24.9957
28.6936
26.5944
24.2833
27.5890
27.9634
34.5002
22.2522
29.7049
28.9914
26.8989
20.6956
33.6584
31.6445
22.2887
30.6698
25.3965
28.6289
30.6545
30.3055
26.7166
30.3693
29.1299
28.4835
36.3629
24.1176
27.2947
28.5415
28.5142
25.9718
28.4128
21.7902
25.9566
27.3085
27.0688
30.1849
33.4945
26.0207
28.5885
28.4230
30.0874
33.2800
29.8950
28.4380
33.8137
29.8172
31.6702
34.6343
32.8156
31.7322
23.1714
26.9521
26.2597
28.9453
32.7575
29.3873
29.2999
27.1187
27.8538
33.7376
31.8384
22.1016
30.5513
31.5929
33.1922
31.7545
26.6051
31.0453
21.0432
33.6027
27.4254
33.6483
22.9024
30.8891
31.2159
21.9408
33.0323
34.5675
25.6653
33.0568
22.6520
32.6817
30.1868
25.6944
31.4931
23.8522
28.8571
27.0555
23.9804
28.3486
30.5621
31.0986
23.2638
32.7633
30.0972
26.2426
34.3507
25.3713
33.8446
25.3777
30.0221
29.8246
30.3908
36.1559
29.8766
29.1157
25.8370
29.2925
26.9084
27.0305
22.7255
25.9616
31.7264
29.4386
32.6109
28.4370
27.9795
27.0311
35.8398
27.7360
28.2314
32.8643
27.5916
26.2863
26.9920
32.0951
26.3101
23.3831
30.7529
34.1618
26.1183
34.0324
30.4372
25.6563
26.7786
25.7792
20.4078
34.0674
34.0931
27.5316
26.6413
30.5080
24.3082
30.0374
25.8131
29.9280
30.5746
34.4711
30.3517
30.3734
30.4507
28.4753
30.4347
29.8170
29.1151
29.2473
26.6339
22.0783
28.2700
29.2453
31.3384
36.1059
26.5475
31.3944
24.8968
28.4143
27.0010
28.5789
26.0991
29.2645
25.9809
26.7846
34.3040
35.8508
30.2547
29.8606
22.9065
31.4449
29.3866
32.1632
24.3336
29.5793
25.0783
30.7095
30.1734
25.5995
27.8074
24.4955
33.5113
33.8555
31.5407
27.4894
26.9489
35.8823
27.6427
23.8439
21.7989
26.1276
33.9820
29.4692
29.3543
32.3525
26.1287
27.6688
31.0077
28.2204
29.4067
33.3239
35.3746
30.7478
35.6038
25.9529
23.6961
33.7292
26.8949
27.5099
28.6922
27.6267
31.2762
27.4096
24.4764
29.9724
28.7223
26.2495
34.3817
35.4872
23.2952
33.5581
31.2604
27.8422
29.2110
35.3872
38.1639
28.3130
23.1549
31.7712
31.4890
30.6925
25.3883
30.0877
25.9047
27.9725
28.5953
34.7832
33.8556
31.6844
33.2967
32.0876
32.6819
28.0886
30.7787
34.0628
26.5278
28.7011
33.3734
27.9346
31.9183
28.2572
25.2323
32.6824
28.5421
35.3395
34.9653
26.8063
33.9173
26.9071
29.1932
27.2189
26.0293
28.9007
31.2245
29.5118
27.9355
28.3631
34.1896
29.2162
25.7018
32.8137
26.8159
23.4264
23.8139
25.0101
31.0490
34.5068
25.6887
35.9956
33.4191
34.7874
28.9246
30.7711
28.3860
35.4380
32.4750
26.9114
23.8700
30.8082
24.7275
21.6524
29.5650
25.8507
36.9183
33.9965
31.7498
34.3307
27.9235
25.5478
30.2781
31.1411
30.6626
32.7604
26.7807
32.8096
26.5052
29.6102
31.0809
24.6930
29.7255
27.8068
25.9271
25.4534
33.2772
28.3292
29.2813
26.7798
27.9183
28.1852
29.0927
31.8966
30.7994
28.1129
26.7553
26.4495
35.3687
25.3527
23.6973
34.3143
27.3263
29.1432
29.5845
20.6066
38.0826
26.3228
24.6966
24.1416
29.8928
27.7105
28.0597
30.7166
25.9971
30.8135
29.0107
33.1032
28.0203
25.1281
28.4942
31.7716
26.5500
24.9926
26.1919
27.4152
33.0074
30.7344
32.4954
22.0414
31.5466
27.2982
25.0396
26.6392
28.9454
29.0180
30.9685
27.1486
30.7979
28.9068
27.9136
32.8154
29.2316
29.6536
31.8264
30.7003
24.6937
28.8137
34.1415
31.0222
26.6525
32.3370
24.7892
32.0650
26.1841
28.6662
25.3995
29.5523
29.8172
27.0727
32.4114
27.0568
30.7506
27.8857
29.8086
25.2488
32.2856
28.9787
27.1144
29.2703
30.2811
25.4346
27.5194
32.8987
27.5999
30.7015
37.0116
24.2698
27.7812
23.7431
30.8290
32.7828
31.3905
33.0286
29.9789
33.2195
27.2856
34.2115
36.2735
32.2544
27.1391
29.7623
31.2016
25.7156
24.5922
25.9315
26.8960
24.1338
30.2140
27.3866
32.8215
32.8912
26.5026
32.7222
30.7225
30.1637
27.1622
27.2073
31.2231
27.2452
20.7017
26.5964
33.6814
28.3206
21.5390
35.8105
28.8603
29.7194
25.9995
27.3379
28.5231
29.2997
29.4030
30.5694
33.0583
30.8062
26.8543
30.8391
29.2209
30.8787
28.3587
23.1300
22.2913
25.9782
24.8728
30.0809
30.2423
28.7140
29.1332
31.4856
28.0173
31.9812
29.6010
34.3478
27.7122
30.9349
26.9833
31.9299
26.2326
25.9984
26.7085
31.8797
32.5537
32.9062
33.3610
30.9514
29.7622
26.7732
30.0663
29.7916
29.4115
25.9002
27.2628
25.5694
30.1593
36.4469
31.5786
32.7947
34.3145
32.2748
31.4003
26.3696
31.4062
31.0028
33.4092
27.8086
28.7539
25.7049
29.4061
30.2551
35.2976
32.9813
34.8988
29.4395
30.7106
31.7974
31.4866
23.6352
28.5315
29.8834
32.0392
30.9452
27.1070
29.0985
32.2885
31.1645
26.4410
32.6370
32.1600
31.0330
27.4976
25.9014
34.5872
25.5772
24.3163
30.0486
29.6903
28.6759
31.1225
31.5960
28.7268
21.6848
26.2547
26.7480
30.1307
26.1848
33.0555
33.9389
29.1868
29.6571
28.3144
32.7582
31.4291
27.3308
31.5438
31.1381
28.5466
30.5813
33.9474
30.6759
27.0944
29.3242
33.9980
31.8175
35.0728
35.2159
33.0408
26.7912
28.1408
28.9634
26.4962
26.3181
25.4459
25.3596
25.6714
25.4965
29.6728
27.5456
29.4639
29.4371
31.3163
28.6916
30.0905
27.2326
22.9338
30.7164
29.3726
27.7412
30.0636
31.2512
31.0238
30.1812
32.1632
26.6511
29.3157
29.2657
24.3985
23.1492
29.3700
19.0601
33.0717
29.8284
25.4033
22.5804
32.8708
29.8769
28.1761
29.1507
28.1422
35.0110
28.6907
27.5939
38.3186
33.9644
25.4308
28.1045
28.4650
30.2222
30.4140
18.4918
32.4114
29.8456
27.4729
25.3436
28.7885
27.3560
30.8168
27.2094
27.4375
25.9454
19.0126
28.4364
27.0587
28.1951
26.6628
27.4147
34.8667
27.6556
35.3458
31.4134
27.9570
31.5777
26.9627
32.0357
30.8043
30.2105
25.2104
29.3242
32.1784
28.1422
30.2394
33.2542
32.8900
27.8948
30.7723
23.0479
26.1696
25.2080
24.2244
27.0800
24.7316
28.7290
28.9704
30.5306
33.8463
30.3572
27.0089
33.7596
30.2441
26.2396
27.4247
31.8392
27.5186
24.9674
27.2801
31.5935
26.8375
33.8642
32.1587
34.9225
30.0368
25.9495
38.3391
29.4243
36.1109
32.3159
31.9242
33.1695
29.3391
27.1852
29.3822
24.9875
32.4218
30.6766
27.2523
34.6381
33.3722
29.9399
34.3000
27.8116
29.0790
35.6209
36.6230
33.2964
34.4325
38.3066
27.9810
31.3918
28.2520
29.7336
31.2285
33.5058
28.9433
31.7658
27.5341
32.6450
28.9396
27.7772
25.7024
36.2507
33.3961
32.6349
28.4229
29.2761
27.1914
28.8219
36.0232
31.4605
28.0066
27.5330
23.2707
29.0380
27.8404
27.3168
30.9156
30.5488
30.8935
25.9658
34.0972
27.2243
31.0223
27.2649
27.8750
25.2249
24.7721
35.0198
26.0814
28.6926
31.2517
33.5964
29.2091
25.1018
25.4212
27.5861
32.1840
30.7580
28.7496
24.0051
27.5619
30.4208
28.9467
30.2583
28.5883
30.6859
30.8589
23.1494
22.3874
30.0592
27.8316
28.7229
30.4137
20.7849
29.3249
30.3382
30.1341
24.2417
28.3747
29.4986
30.0404
28.9479
33.8609
31.6999
25.6585
31.7472
28.2899
32.6946
35.3034
30.4368
25.6007
30.9989
31.3263
26.8109
29.1810
30.1840
27.3575
29.3022
31.9782
32.5806
33.5191
31.5735
30.8571
31.0572
33.5946
29.0589
33.2548
27.4644
21.0102
31.9095
24.0079
27.5979
28.8944
34.3248
29.3823
34.6405
22.8497
30.9109
29.2349
28.7132
37.0561
29.9122
36.1523
24.9537
31.8016
38.5118
24.3420
30.6133
30.4579
30.1513
24.2286
33.0254
32.4984
29.9780
18.8901
27.6288
30.6702
33.5709
23.0355
28.9695
26.6704
30.0676
24.2668
33.0011
29.9929
26.4419
31.1012
29.4769
32.3546
25.3178
36.0892
31.0119
25.7747
25.0115
27.7367
28.0374
26.9198
29.2620
29.2497
24.7830
29.3519
30.4013
27.4941
34.4348
28.6245
31.5682
33.7507
28.5562
24.0232
24.4553
26.4735
28.9810
27.4949
36.1761
36.0930
27.8227
23.9744
30.7216
31.9930
26.3807
31.4121
29.3930
23.9616
35.8428
26.6852
23.0177
31.2195
33.5670
28.4664
33.7137
28.0321
29.7693
30.6882
30.2297
24.8326
32.3976
28.3319
26.3134
27.8810
31.4633
32.6606
29.5666
26.5902
31.9419
28.0732
28.1773
32.9786
33.2943
30.7725
34.4293
32.7204
31.0669
32.3295
31.4721
27.6089
33.6843
32.6467
27.1512
29.8336
26.3296
30.0013
26.7889
25.6988
31.7311
25.5182
30.9606
26.8381
29.3783
31.5113
23.4600
20.7483
27.3381
21.7699
32.7644
33.2978
24.9777
31.6827
29.1400
22.4748
32.1968
24.5101
33.7016
30.9173
29.3959
27.7807
27.0362
32.1426
28.4136
31.8673
23.9993
27.3823
31.2454
31.6872
28.9610
23.7346
28.6536
33.8781
30.7095
29.9246
23.8973
32.4695
31.0726
28.8841
29.4479
25.4026
32.6409
24.4354
23.8616
32.8326
28.0724
26.8622
34.3322
26.5376
27.8741
34.8094
32.3175
27.9851
31.8602
32.2430
29.1687
27.1437
31.2826
24.2707
30.5507
33.4921
29.4102
30.0746
27.6153
31.6504
29.0100
24.8591
27.3121
29.5187
29.0503
22.8740
35.2387
21.8318
33.6348
28.3397
29.7163
25.2154
32.1320
30.6968
26.8661
31.7110
31.7134
23.5693
23.8810
27.0678
30.7328
33.3076
31.0113
22.9638
34.3622
30.0616
26.8668
27.9087
24.4539
25.8098
33.1164
35.9854
25.5368
30.9203
25.8613
27.8508
33.7494
23.6654
32.4673
30.8696
30.6653
27.7561
31.8302
26.2516
31.1394
29.7846
22.2260
32.1989
37.1794
37.3190
28.4534
30.7447
29.7172
29.2484
28.4216
29.0851
32.7049
26.4934
30.1476
29.4063
29.8162
26.1503
24.8447
28.8060
27.2670
21.4241
23.0722
33.4634
30.7139
27.8271
25.5411
28.0015
31.2513
28.5636
28.5733
27.7510
30.0497
33.6185
30.6919
24.2844
27.2407
28.3844
23.7287
33.2235
26.1561
28.8438
33.3346
28.1339
28.5510
27.8919
33.7564
21.8919
23.2660
28.7468
30.1832
27.7058
29.4165
26.6926
32.2144
21.8859
32.9067
24.8831
27.9862
25.0308
35.1859
27.6893
29.5066
31.2873
33.8401
24.2379
22.1213
23.1507
26.5312
30.3934
31.3091
36.1400
33.2039
28.2281
27.6708
23.2597
30.1072
33.8686
26.8298
32.0076
35.9438
27.4881
22.8345
24.5143
27.7938
32.2228
26.4528
33.5885
31.7968
27.5481
29.5173
30.7037
29.7916
28.8680
22.5527
29.4578
22.9840
28.4135
27.5257
24.0222
22.1920
33.5478
40.1284
34.7287
29.4538
26.1874
28.9867
35.7183
31.8351
27.0625
24.3115
27.9379
27.9338
27.9280
29.9642
33.8979
28.0076
29.2876
27.7468
27.3629
30.2532
18.9478
30.6104
27.4688
32.1640
27.8982
29.8116
38.4679
28.9032
23.2750
25.7484
26.5372
25.4399
33.3684
33.2263
29.3103
30.7280
33.4995
31.6441
27.1122
28.6797
27.7719
34.1570
32.2174
33.1405
27.3837
33.3826
22.6274
30.8228
27.5592
27.2107
22.5409
22.8296
33.6059
31.6943
29.3528
23.8091
26.4637
30.3793
30.7188
30.5378
32.1338
28.0033
21.7733
35.4073
27.0097
29.5729
27.6539
35.0949
25.5806
27.4367
31.5191
30.7496
36.1702
24.2194
30.0823
33.5786
25.4411
23.2056
33.4625
24.0230
35.4991
32.7031
26.8977
24.6930
30.6946
25.6572
31.1392
29.8479
28.3348
24.7062
30.8671
25.7661
22.9746
23.7330
34.2378
33.5614
26.4337
28.3692
29.9683
29.1805
24.5375
28.8220
30.7934
25.2513
26.6745
32.3893
32.6847
36.6447
28.6258
31.8416
35.9417
30.0619
35.3125
26.2495
25.8176
26.8908
29.5056
32.7922
24.7691
30.3714
30.6505
28.8589
23.1627
30.1161
32.4287
25.3688
31.3944
29.2333
29.9299
21.4217
35.8571
26.1995
33.1400
33.4137
23.8606
30.7453
28.8174
31.4875
24.0785
26.2997
24.6442
31.8733
25.1253
18.7324
23.0027
29.2644
26.8580
31.4600
26.8160
27.2602
24.5087
33.7359
24.5719
24.4467
35.9251
35.1081
28.0145
33.7557
31.9991
33.2254
32.8645
26.9024
27.3537
26.6115
37.1564
29.2587
25.9638
35.3798
20.9888
21.5654
33.5185
32.8846
34.2450
21.9776
22.9292
24.1565
24.6309
29.4645
30.0787
25.2629
37.4624
32.0092
21.6241
27.2587
33.0614
28.0312
28.8336
28.5223
30.7603
30.2985
29.3034
29.7085
32.5570
28.2108
27.5561
34.0508
30.2491
32.7511
33.4565
26.2118
26.5416
24.7052
38.3513
36.4135
24.8142
26.6134
31.5941
32.2938
29.6023
21.9966
29.7476
22.7736
26.3730
32.8218
29.4939
24.7609
24.3052
31.7720
29.0139
26.7696
29.6773
22.1717
22.7608
30.1034
31.7173
30.3608
26.0244
36.1560
34.6099
33.1173
32.6914
29.0065
29.5800
30.5259
31.0032
27.1817
32.5530
27.7870
32.4332
27.1063
30.3916
28.8154
27.3139
27.1577
24.1587
31.2303
27.9430
29.9830
34.9589
28.3521
27.1062
32.4824
30.0304
28.4329
24.3977
37.3079
26.3927
24.0225
30.1753
31.3441
27.9058
26.3560
26.0547
31.2512
35.1891
32.3913
30.5018
23.0608
29.3587
31.9578
25.3779
30.0163
32.4648
19.3150
29.5838
25.1879
35.1020
32.2418
33.4489
36.7124
32.7427
28.7642
33.2370
31.9839
29.9645
26.2632
26.8384
32.8220
28.8068
28.3151
28.1985
24.8815
33.7113
26.9055
26.9367
29.7593
32.0626
32.9000
28.7891
27.9228
29.6548
21.5153
24.9334
26.7204
24.2555
28.9269
24.4302
26.8359
34.3192
25.6065
33.3287
33.7829
32.0892
33.6688
32.5494
29.3541
25.3810
30.1724
29.1226
29.7741
32.7927
30.5082
30.7071
33.0864
32.6994
33.5137
27.7041
31.9433
34.0655
30.6293
28.3078
27.2897
26.5399
27.1803
27.2931
33.7126
29.8201
21.3338
24.1189
28.9693
33.4965
26.0974
21.5536
30.5284
23.8398
31.7515
28.2670
25.6831
26.1990
28.2361
31.3341
29.9690
31.5791
25.1683
32.2371
26.7891
29.2948
30.8754
27.3985
29.7087
29.6356
28.5970
32.4963
29.6487
32.5666
28.5963
30.9257
32.0756
24.3903
33.9917
25.3124
27.2362
26.2518
32.0361
34.1464
20.8668
34.0839
34.2713
35.8647
25.5013
31.4262
30.4064
26.6345
26.8128
33.3366
32.9815
34.2374
23.2621
32.3677
23.5630
35.7627
34.8809
29.7282
24.1839
30.4932
31.6777
35.5670
30.0820
28.6831
25.4912
26.3191
34.8268
32.8735
24.7835
25.6520
22.3474
28.8515
30.8552
34.7485
26.6832
24.5544
26.1925
26.9868
25.5972
24.0720
27.0759
33.0982
34.3422
24.0126
25.0914
34.3371
30.1776
31.3552
35.9521
26.2583
29.6487
25.7732
30.0506
29.2638
32.3022
26.1124
26.9762
31.4311
35.2180
37.4980
33.9013
26.6218
31.2666
28.0916
24.5117
38.6971
26.2247
30.8002
28.1312
26.3496
32.1455
20.8253
28.3824
33.8186
29.5417
27.5240
21.9565
24.6580
26.9157
33.1580
26.3506
30.6114
27.3939
33.6166
27.5649
26.5851
27.3049
29.6931
29.7014
24.6761
33.6182
25.7434
31.6824
29.2648
22.8831
24.0231
35.2234
31.6075
23.5740
33.5043
28.6857
28.9107
28.7592
30.3740
32.7158
28.9889
25.0805
32.3068
31.8633
33.1458
30.9477
27.8383
32.0948
22.0558
34.6543
31.5641
28.4010
23.6497
27.4493
37.4387
31.4483
25.7884
24.1147
29.2599
32.0045
27.0643
32.7102
34.9895
32.7203
30.2201
33.5589
34.4825
27.9928
36.7542
30.2047
34.5162
33.1366
30.1360
23.4362
27.8952
26.3904
33.9154
33.5835
27.3585
27.3582
24.6825
24.3144
33.1030
31.3672
29.2603
24.2775
32.8305
27.4236
26.6365
29.3311
28.9453
34.3574
31.4947
28.3164
23.0069
31.9305
27.0295
31.0314
28.6587
31.6269
24.6900
26.5116
34.1252
27.8481
29.8265
28.8620
35.0986
30.9196
31.9673
29.0498
26.2865
28.4064
32.0377
25.9360
25.6233
29.8467
29.5715
28.0314
28.2699
29.5746
30.0574
33.4945
25.8117
34.1410
31.0498
29.9102
27.3638
35.3764
28.4933
31.0382
29.8715
30.2364
35.8257
35.4703
25.2615
28.7553
27.1446
23.1236
34.3372
22.1498
32.4401
33.0900
19.0392
27.9240
30.4996
30.8413
25.2123
32.4682
27.2574
26.7548
25.9828
27.3410
24.7098
28.1967
27.1717
27.1191
29.2655
31.2223
28.9182
29.9199
24.0052
27.3074
26.8415
30.5184
34.0015
22.5248
35.3232
30.2940
26.6596
30.1580
25.8311
31.3873
28.0865
30.0258
20.9943
26.8291
29.6083
26.6588
25.1956
30.9923
28.6615
24.7338
27.4664
29.7957
30.1024
27.9522
31.5462
30.5397
28.0556
29.9481
30.4164
28.8361
26.5307
28.2133
31.9685
36.2815
26.9754
30.9205
25.4329
28.4594
27.3158
29.5621
26.6617
23.6757
28.7420
27.1167
28.7106
26.6966
30.7755
35.5212
26.8305
26.9649
27.7372
25.2301
23.6140
30.0973
34.0031
33.8044
31.8870
34.0964
26.7645
23.5309
35.2187
27.3149
30.9433
30.7908
25.0817
24.9974
27.9139
25.5130
29.6456
32.3061
25.8413
29.5957
32.0194
23.4222
35.0835
31.1159
31.7704
34.0366
31.6665
24.7953
31.0110
34.2036
26.8049
30.3541
30.1928
29.8266
32.9778
28.7569
33.3038
23.0814
25.4146
34.1723
28.7766
27.0589
32.5147
32.1582
29.4479
25.3788
30.3132
37.3451
28.9263
23.0429
32.4504
25.9300
34.9903
30.2476
27.3721
27.2545
22.5637
21.8764
31.8614
22.3050
34.7594
27.6048
25.7072
28.0638
32.2356
22.4549
24.2894
31.8600
30.3420
30.3338
27.3995
27.7983
27.1835
28.8654
29.2198
36.0746
34.3633
28.2908
27.5874
25.8311
25.9314
26.9791
29.3244
26.8727
26.6879
30.8281
31.0741
31.1112
30.5088
21.7692
29.2058
27.1573
23.9319
29.2897
35.7383
29.4597
32.5997
30.1358
29.7852
33.9581
30.0390
32.9294
32.1590
27.6680
27.1828
27.5939
29.7893
27.3486
33.0916
25.3450
28.5521
33.0494
29.2488
27.4166
32.7382
26.4428
27.7327
34.1563
28.4382
27.4594
30.0496
28.9710
29.7512
21.9821
31.6122
37.1549
30.2631
32.4547
31.6110
28.7184
29.7884
31.8224
32.2243
28.7655
26.8524
27.8754
26.0327
30.2061
30.3149
30.1237
35.3399
29.6344
30.5555
33.5059
33.6282
29.1698
36.0264
29.3846
26.4554
35.4971
30.7727
30.4298
29.8344
30.7720
28.9594
27.8089
30.6261
33.8065
30.0650
27.7400
27.4852
27.1981
29.0566
18.1977
29.3052
25.7736
34.4909
22.4408
25.1712
23.9920
25.5909
23.6832
24.8764
33.7750
30.0356
33.5046
28.9281
31.2944
32.6551
35.7005
26.9557
27.6026
29.0805
31.9068
30.0513
29.8466
29.7394
28.6886
35.3591
25.2154
31.3836
27.9977
25.3041
22.1311
21.6440
27.1337
29.0909
30.2751
35.4192
28.6833
27.5413
35.2338
31.2287
27.7908
26.3969
25.9960
31.2217
38.0878
27.1165
32.0417
29.8647
24.3015
26.0865
25.5997
23.5261
29.5447
25.4006
30.7717
25.7880
31.7056
18.7214
22.5486
35.4088
29.4264
35.5089
32.8836
25.3035
35.8972
35.6515
29.3045
33.7156
25.8700
27.5577
28.0089
28.5790
29.3584
31.6827
32.6407
28.9699
33.4680
33.0179
32.9060
23.0427
22.5794
31.6264
26.8270
23.1099
34.8249
28.5243
27.3925
33.6890
28.2458
29.7655
29.6820
31.9723
25.5703
34.8052
27.1004
24.2246
28.8234
26.4602
33.3827
24.4130
27.3858
23.0276
33.8826
31.0199
33.5453
32.2625
26.6779
24.6487
25.5273
30.7974
24.9937
27.2745
33.7218
22.0645
26.0653
37.4280
31.7607
26.4052
26.8174
31.3003
33.5457
32.1230
33.8757
29.1287
32.9567
36.0156
34.2943
32.7132
25.8746
24.9804
30.4889
24.4917
32.3296
26.6416
25.4644
30.5676
33.4838
28.8872
29.8547
24.7214
28.2790
29.6025
26.3354
35.2736
35.1201
23.4212
27.1334
25.3097
36.2824
28.1221
27.3204
21.4625
30.3570
34.2318
36.3219
34.0234
26.7741
23.6423
31.4830
34.1162
29.5629
26.0878
32.6041
31.3651
31.7278
28.6390
22.8729
25.7710
30.9037
27.5992
29.1187
33.7504
24.4413
28.4589
29.7510
33.5034
34.9009
29.7034
31.7090
25.4537
33.8425
32.0634
31.1789
26.9921
29.3256
26.2308
26.4811
29.4790
29.9376
30.3627
34.7700
29.8860
32.7185
25.9616
27.0458
23.0998
22.9700
23.9130
26.7075
28.9199
27.1616
28.8075
33.2320
32.9696
24.1858
29.8222
31.1968
25.9930
28.0357
34.7764
30.8626
31.0951
35.6690
28.9989
31.1430
29.5097
28.1371
29.2275
25.3503
26.6912
29.1840
35.1233
28.8909
27.5679
22.6995
35.6490
36.2175
32.6066
32.6492
31.5644
28.0524
36.9331
34.8906
28.2888
33.0850
24.5146
26.4793
24.2805
28.0306
25.9590
29.3559
29.9823
28.6629
29.9363
34.3440
26.1058
26.7519
24.6937
28.1264
26.4765
24.8613
30.2616
29.0376
23.7509
28.2023
28.5791
28.3681
28.1629
29.9974
24.2818
36.1987
24.9766
35.0289
33.4807
30.0852
18.5963
32.1130
30.9943
28.1972
30.3406
26.5267
28.6264
32.1374
30.2068
32.3877
36.2787
29.6155
24.8519
26.1278
33.5282
29.0597
30.5343
37.0057
28.2488
27.6035
36.2355
31.2742
25.3318
31.1766
26.5735
28.1256
23.3838
32.1503
30.1546
27.5175
26.9915
29.5644
30.7324
31.1079
25.7609
31.4341
30.0961
21.7388
29.4138
27.5481
33.3591
36.0390
28.0859
33.9562
26.6756
29.2095
26.9938
31.1326
23.3889
33.7644
33.2899
31.5332
33.1262
23.7343
27.6076
25.9918
32.7988
32.1449
31.8020
31.2846
26.4783
27.3730
23.6480
30.3371
30.9461
26.5987
31.6353
32.1520
28.7593
35.9987
23.7671
33.2503
29.8314
22.6206
23.0459
26.6704
31.9743
25.4614
31.5890
29.8823
35.2710
28.9976
36.2323
30.5930
25.8639
34.2035
33.7459
21.8158
34.5597
30.5858
21.9179
20.7511
25.7810
24.3709
29.4135
29.3615
29.3829
34.2828
33.6263
30.8078
29.3193
29.3279
28.9874
23.4069
30.5592
30.2437
33.6533
36.1282
25.9479
28.6885
33.2586
31.2876
29.2045
24.1333
27.7302
35.5598
27.5893
19.8085
25.2633
30.5738
32.2485
25.2933
26.0182
31.4874
32.6463
28.0165
20.7734
27.4839
33.8828
31.9038
22.5702
28.9850
27.7807
23.4199
29.7967
32.8500
24.4900
29.8445
22.6588
31.8046
29.1628
24.8953
29.4756
35.0800
32.6315
33.9174
36.5155
31.1321
34.1109
31.3626
25.2196
28.2981
26.3416
28.4867
28.4600
21.3629
25.6876
27.3797
29.9140
32.3346
27.3838
32.2782
31.7730
31.6747
26.5407
32.3602
33.9936
31.4534
24.1399
32.2548
27.6330
23.9955
31.4678
28.4916
33.5845
29.1022
28.7933
30.2249
25.5198
32.9676
26.9898
23.4511
30.9733
35.7957
24.9000
32.0639
27.1341
23.1606
29.9818
33.2466
29.1471
35.4233
31.3025
33.5260
32.0376
28.0535
33.7499
26.8763
26.0783
39.8705
21.8935
27.9058
26.6935
27.3183
26.8221
25.8441
30.2250
30.0962
32.5956
28.8966
30.5875
27.5813
29.6673
32.5572
30.8454
32.0357
21.6059
25.9443
24.7678
29.0422
32.3100
24.9300
27.4212
34.1262
30.7517
26.0990
33.3260
31.0470
27.8194
25.3991
27.3735
33.8751
28.5753
34.5149
29.2113
33.3776
29.5572
27.3876
28.5132
24.1195
32.2350
26.8476
29.3911
32.9974
26.4752
25.8287
27.5163
34.4078
34.0709
31.7951
36.9433
29.7732
22.9144
27.8566
28.7569
23.5167
28.9718
28.5755
29.8100
27.9371
25.3531
27.8290
30.0497
30.9259
32.8583
29.1583
25.5378
27.2715
23.4658
23.9445
26.7302
26.2563
27.9474
32.1445
29.2580
30.8938
27.7287
30.5748
27.1424
31.9272
26.6875
26.3238
28.1018
25.2738
25.7334
25.0913
27.1225
28.8327
38.6790
24.5811
35.6719
29.6354
28.6173
30.0617
22.1422
30.1015
32.7349
30.1173
33.3584
34.4053
26.3317
31.8582
28.7133
29.1538
29.3351
30.9679
28.8711
27.7660
29.5200
29.7144
25.4533
34.2321
28.0824
29.6087
24.6331
24.4375
27.1368
36.8935
32.9181
32.1048
27.7166
37.5387
27.9773
25.3545
28.3307
30.7396
26.6309
30.0106
27.9032
25.7403
26.1674
29.1039
29.0664
24.9910
32.7630
32.9764
36.2883
30.8311
25.5231
27.9198
29.4757
35.7077
31.1081
33.1718
26.9583
32.6080
30.9488
31.1813
26.9212
26.7400
25.8882
30.3199
38.5344
33.1571
24.7149
31.8876
28.3451
28.1578
26.3020
31.3774
32.1260
27.1264
29.0423
29.2820
26.2820
26.1220
30.8546
