25.0954
34.3718
24.4788
19.3210
24.0232
16.1953
17.1507
24.9969
18.9298
25.9153
29.0468
29.6806
32.7289
32.4435
25.1571
21.8445
30.9743
16.1699
25.9338
16.1932
27.2848
19.9053
23.5057
29.9201
30.7055
19.9144
31.6613
21.8623
19.9017
22.7566
18.3799
23.3888
22.4250
17.8794
18.5921
21.8933
17.3901
24.2187
22.4682
19.7473
22.8315
27.3777
32.1015
24.4064
21.9311
31.3090
29.1692
17.8418
20.9322
21.4987
33.0979
30.3770
28.5797
27.6608
29.3748
21.9666
25.0103
32.1789
32.6150
23.8943
21.7224
24.9658
22.3416
22.5711
24.9287
26.4379
20.9062
23.5365
27.5904
17.5342
21.4149
18.6686
29.1493
15.7945
31.9700
21.5291
35.0424
27.8774
22.7620
22.1038
21.3889
19.3294
24.6212
23.9315
19.7049
31.0793
23.5362
25.4731
30.0312
27.0760
16.6605
29.8948
18.2904
25.3501
17.2041
22.4327
18.2656
30.2203
20.0903
22.9000
31.7208
19.1047
18.4444
22.7676
24.4672
30.9721
31.8341
21.4057
31.5853
27.0021
30.0724
19.8057
17.0355
28.9374
30.4510
26.1676
24.8628
26.6572
26.5995
28.5995
18.0422
17.4893
25.5503
28.2511
29.5271
25.6970
24.0154
27.6504
23.2118
22.8793
23.6983
25.1619
15.8174
23.6242
23.9871
23.3522
26.1387
16.9286
24.8291
25.2010
24.4445
20.9278
21.2801
23.6989
23.9183
17.6755
25.4972
20.4094
23.7519
19.0380
27.8027
21.3758
24.5131
27.6314
22.0607
17.0857
23.6751
24.6269
30.9416
21.3111
27.8034
22.8010
18.0805
23.8029
28.1113
28.3007
26.1409
26.8331
28.8367
35.9888
33.1428
35.1288
20.4498
35.7510
23.5854
18.1881
17.0440
26.8459
17.8554
18.7715
25.6250
19.6591
27.5910
26.9375
21.1042
22.5910
18.6238
23.2305
15.4861
23.8526
23.7342
25.3910
20.8103
29.2694
22.0777
20.6479
18.8219
36.1931
31.8152
28.0906
20.7056
18.4772
34.0715
33.7046
27.7010
26.5870
19.2390
19.3000
27.0249
25.0872
20.9788
22.3348
32.2097
25.2769
27.8466
23.5343
28.1791
18.6390
23.7510
19.6040
19.4750
22.6218
23.1004
18.8162
36.1998
26.7065
31.5461
18.0102
24.4363
24.6289
27.1499
23.5947
22.6217
25.0614
19.7541
31.0936
27.6705
20.0347
19.4808
21.0138
30.5237
19.5962
25.3347
25.2403
20.1946
30.2305
21.4278
22.4242
16.9135
18.3821
22.6189
25.0106
17.4331
27.4822
20.2849
23.1169
17.6480
25.7924
31.0178
25.7584
25.3549
32.5506
26.8346
22.5022
26.5125
25.2923
26.0663
21.3033
23.8489
23.7607
24.7782
30.7323
26.0969
21.3279
29.5775
21.7070
23.0777
19.7197
31.4215
21.3613
27.0449
22.0516
23.5165
25.6098
27.1560
28.1174
22.2686
20.1955
19.3473
27.5513
16.3270
29.7860
28.4086
16.4440
22.6810
22.7977
25.4410
24.4477
19.9793
26.3613
24.6955
31.0557
15.7373
23.4616
24.2640
25.5935
24.6517
25.3163
17.7406
28.3066
28.5073
26.0626
26.0207
19.2234
19.7630
19.2691
23.2865
32.0701
21.9315
18.4187
28.8228
20.5110
16.2264
21.7212
21.1391
19.7639
22.3399
20.6147
23.1610
27.0095
33.9053
22.1617
22.7506
26.3608
30.6415
21.6105
22.9356
27.1800
25.9571
22.6427
23.4107
28.9932
17.1546
20.8667
20.2957
19.4335
22.1163
16.8625
20.1993
20.7763
27.5328
27.0053
31.8934
30.4820
25.9295
21.3779
25.3984
21.9096
36.0866
20.9720
26.6147
22.9674
17.1814
26.3840
24.9381
29.2645
16.9011
27.7792
28.1608
27.2482
29.4911
19.2606
17.5374
26.9892
21.5244
25.9889
24.1746
26.5591
22.6819
19.1996
24.4452
23.7875
23.8466
19.1017
22.2371
20.1356
15.9380
23.2413
22.7334
20.8329
17.4560
31.2334
35.7969
23.1763
19.4514
25.5946
33.8585
28.1121
28.0031
21.6015
20.5804
17.7854
18.0661
21.7052
19.6303
18.1764
31.8311
19.5675
21.3665
17.3912
27.6897
20.8201
23.7004
24.9705
26.0455
33.6088
31.3663
20.9177
29.8515
25.1746
30.0473
28.7280
21.8900
28.1953
16.1569
26.7838
25.9759
27.3938
24.4742
25.5234
19.1323
17.6465
24.9531
20.6000
23.8671
26.3036
17.7346
18.6376
21.8718
18.1197
22.8346
22.7889
29.4324
26.2844
24.5742
33.4705
22.2610
29.2885
19.7015
31.0160
22.7168
24.7182
23.6622
18.4549
22.5473
15.8825
26.4525
21.7915
23.6904
31.3707
20.9779
29.7585
20.4727
29.3821
19.9406
26.2453
25.4383
14.7447
20.4960
21.0462
29.4570
21.3388
18.7669
19.1396
19.7105
22.0249
21.3907
16.9422
18.0865
19.7080
31.7726
22.1264
22.8480
19.5660
29.2329
15.5414
26.4971
25.6233
22.0556
30.6152
32.5363
22.2182
18.5501
23.4777
20.2147
21.7385
18.4583
19.8548
23.1653
26.3425
18.8521
17.6105
22.8142
22.2101
25.1653
17.8432
17.4289
33.1144
25.3500
21.5517
23.6774
22.0342
21.2036
17.0479
23.2918
18.4302
25.8478
23.7934
20.2296
25.5266
20.6146
22.8511
19.1775
24.5946
26.7940
26.4729
22.9892
25.4813
27.5465
24.3120
17.8297
21.6666
22.1227
23.1314
19.3112
21.3643
18.3640
23.7686
19.8278
27.0179
27.3188
23.0306
18.4591
26.8000
22.1276
21.2450
24.2924
27.9275
17.3547
27.9573
35.5883
20.8501
19.3866
23.0663
18.9948
23.5973
18.1488
25.5262
24.0166
25.3570
16.2117
25.1288
30.2240
16.1598
18.7529
23.8243
22.4937
19.9119
28.0422
22.4728
29.5349
28.4041
19.6546
19.3231
19.9752
20.2519
26.1251
34.6741
21.0760
17.6577
25.0868
28.0792
21.7171
28.4726
25.8165
25.3144
21.2808
18.4634
18.2728
28.9243
17.7301
18.9677
21.7078
25.3186
24.0744
17.5871
18.7119
19.5533
25.6582
21.6717
31.3253
27.4332
27.1582
31.1460
21.6651
18.9931
25.7716
22.1043
33.1239
26.7420
21.2902
21.8080
18.7306
34.3858
23.4719
21.0466
20.5836
22.6576
28.5895
19.4083
18.5201
24.7761
18.7894
17.1793
32.6089
16.6300
23.5660
32.8878
26.3324
28.2360
24.3747
30.3598
24.6033
29.4928
18.9574
20.3538
24.0920
27.5441
21.7512
17.6911
24.7928
21.5290
22.4309
26.9355
23.9162
21.1263
24.2560
28.1368
21.7300
19.1473
30.0468
28.7715
18.5532
19.6517
23.9283
18.9835
23.1518
19.0379
22.8320
20.4636
22.7568
28.7274
16.7535
21.9591
30.6264
28.2013
27.3927
21.3649
17.2517
23.4994
27.7022
19.3221
25.7734
18.8560
24.3714
20.8349
19.5293
20.5079
32.7529
15.2805
18.9522
25.5664
23.6584
28.6352
27.2942
31.8392
27.2594
20.4404
20.8320
26.6821
24.2112
16.5519
28.6983
20.0911
29.7464
18.2204
21.7524
16.4204
18.4408
23.0687
27.1863
15.6069
25.5042
27.0500
23.7363
23.3004
19.1206
28.5176
28.7146
20.6104
27.3960
21.9061
28.8726
25.9654
16.3277
22.4020
26.7736
28.9815
23.9582
25.2385
19.0422
22.2207
22.0864
21.7045
25.6829
25.4484
18.4776
28.2536
23.4923
25.4163
18.9188
26.6381
28.7132
27.5063
26.1559
19.8868
27.2250
18.2671
21.5449
32.0463
20.7287
29.1150
26.1835
27.2072
21.9004
25.2520
19.7489
25.0025
32.4138
24.2616
22.1519
20.9781
22.2954
22.3683
19.2143
20.0672
23.8353
19.2364
20.3903
21.5958
16.1699
28.0937
25.6706
21.4136
19.1887
28.8779
18.6115
27.5783
22.7472
33.0275
21.3665
27.9447
20.1654
23.2928
22.4274
26.2482
26.7078
23.4770
16.9428
26.6054
18.8902
31.8305
23.7623
24.6326
22.6604
25.2671
26.2698
27.8073
25.1086
18.6242
19.4490
19.8412
28.9282
27.0267
18.7644
21.1549
27.7294
19.8642
25.4832
20.6486
29.4849
21.6858
19.6908
16.5259
31.5156
23.2730
22.4178
19.0242
19.1735
20.8198
20.4746
17.7036
19.5666
19.4081
25.3577
26.7555
25.3592
22.7508
17.8943
24.1584
25.2244
30.3389
25.0938
23.3492
25.0370
26.0508
24.3701
24.3080
25.3793
21.2853
21.4170
30.7478
22.1808
25.3993
24.5546
19.2061
21.8874
21.6228
22.1604
22.8093
28.1380
21.3535
25.6201
24.8806
31.3920
33.1341
27.1197
23.0307
21.1912
23.3309
29.8562
19.0079
26.2855
21.8566
20.1063
21.2612
22.0364
19.9136
20.6593
24.2238
19.0034
34.5846
27.2390
28.7966
23.6978
22.7572
22.2700
22.1829
29.0141
24.7143
16.8963
21.0011
22.2741
20.8427
23.3966
28.5456
17.9549
25.1234
20.1632
25.2825
16.5382
28.2779
24.1983
24.1065
21.7031
24.2610
22.6223
17.0865
25.8603
19.0412
20.4411
25.0392
21.7704
30.7972
23.0675
28.4109
30.5569
16.2553
21.5126
22.9141
21.2575
24.7916
27.8918
27.9252
23.9653
17.3709
23.6696
22.8702
19.9493
16.4282
22.1844
28.3886
18.6674
22.6069
28.9798
19.1056
21.1062
20.4156
22.9696
28.0605
15.2136
19.6399
24.0065
26.0032
27.6144
18.9155
23.1194
19.3694
23.3549
21.8143
27.6490
25.5241
26.7732
23.8388
15.5110
24.0908
22.7920
25.5578
18.9283
19.0086
24.6328
26.6836
23.8220
16.2269
21.9461
25.8579
20.9200
20.4510
27.3463
26.8276
20.9484
23.6953
27.3650
20.5970
27.5973
19.2984
24.0516
24.3372
33.6397
21.4875
20.5255
22.6781
16.4404
17.1332
19.4900
22.0385
22.3316
19.7311
21.5214
28.9320
26.9942
25.3104
25.0846
21.6179
24.1649
23.3505
32.2202
21.2626
24.2982
20.3745
20.6189
20.0059
20.7531
16.6759
26.3817
24.6779
26.6777
21.1464
25.1628
18.8766
23.6250
28.0480
29.1871
26.6832
23.7237
17.7468
32.6771
19.9731
31.9652
25.0430
18.7428
27.3193
24.1171
22.8362
19.8304
24.3134
18.8563
21.1041
23.4276
20.5143
24.3025
22.7220
16.6173
25.2132
22.2933
23.4777
19.6006
20.2933
21.9561
23.3833
24.3769
21.6866
19.5896
17.3817
21.9098
23.9912
18.1362
18.9108
20.6792
27.6822
20.0364
25.3026
15.8466
30.5907
24.3446
19.6344
27.4226
23.0920
19.2578
25.5169
26.8215
20.2947
18.7192
22.8936
29.0813
20.6306
23.0646
19.3272
21.8804
19.9461
28.5668
25.5768
21.7255
26.7865
27.1825
19.4884
21.7839
31.8445
26.7430
29.9249
17.2255
22.1165
18.8222
17.3995
20.9157
31.6154
22.3108
17.8043
26.3270
25.8941
23.9100
25.8791
24.4482
21.1590
24.8852
27.4774
25.2588
23.7141
18.2750
23.0868
22.5705
19.1298
21.8014
26.7380
29.8265
21.8234
17.4765
16.7173
21.9891
17.4062
24.6442
20.6907
17.2585
29.1407
19.8765
18.6938
25.7572
25.2865
23.6955
22.0001
24.4943
20.3001
23.7805
17.1792
33.0050
25.7539
28.1935
28.3024
18.7911
20.7975
27.5080
22.8878
23.3220
23.3534
23.3087
23.3109
18.4939
24.1214
31.1931
19.5623
18.8414
24.3743
24.2133
23.7632
21.5532
16.7486
30.1571
31.8251
19.8417
28.2382
26.7773
21.0577
26.5076
20.2015
23.2265
24.5193
28.9247
23.9942
19.7234
28.3770
23.0139
23.8234
22.3541
29.4911
25.1803
25.2023
33.8909
19.6326
28.2282
33.3720
20.8027
26.8880
26.8641
26.1789
24.8342
20.1950
20.1498
19.9574
20.3910
27.5777
22.3739
21.3771
20.6457
17.5290
26.3259
26.0669
25.3970
17.8029
18.2477
24.8300
22.9826
25.8515
22.5950
18.8277
20.0923
21.5939
18.3177
30.8594
27.0589
18.5984
21.9082
18.7548
28.5900
30.1178
17.3214
24.5750
23.8130
27.0454
25.2480
36.2093
27.5254
24.9819
18.4796
20.9066
20.5027
21.5831
18.1760
18.3291
20.0945
25.1475
24.2715
23.3054
18.6688
35.7684
22.4232
26.8438
21.8341
29.4008
18.4291
27.2921
26.3058
23.6337
17.4008
30.8395
23.2070
22.3746
18.3642
34.4887
28.8948
18.6282
21.9400
18.6274
22.5115
24.1464
28.9016
28.0378
22.0414
21.0090
24.7447
20.4094
21.3783
20.4888
19.8316
24.0340
22.2032
26.8222
29.6665
19.2524
25.6622
19.6769
22.1676
19.7098
19.4197
22.4700
25.0827
32.5761
29.4321
22.2823
20.2677
28.0804
21.6638
26.4966
19.5775
22.4377
24.1124
21.4156
24.7988
19.4226
20.2869
22.4848
28.2401
19.8227
24.9262
25.1328
21.7846
23.2054
18.7936
28.5574
18.1020
24.5871
20.6597
28.2891
20.4673
28.1341
19.5735
20.0635
25.8420
23.0921
22.4715
23.3277
16.9064
30.9768
18.8713
30.4139
31.5094
25.2636
29.7750
21.5950
23.4158
32.9228
31.2193
25.6829
29.4192
24.6110
19.1127
21.0235
17.8616
23.3020
22.9049
24.4526
27.7940
29.9101
23.5184
23.5534
21.6251
21.1681
24.7808
15.7704
21.8899
19.9181
25.9372
26.0205
22.0719
28.2535
20.3300
20.7420
28.4531
24.2919
24.2121
31.9984
28.4533
17.8833
17.8920
24.4400
27.0853
23.1925
23.3306
28.0462
32.1441
28.2746
21.4002
22.2702
29.5182
18.3499
23.3204
20.7098
29.2272
18.5796
28.1321
20.2568
23.0488
28.3050
28.5631
25.6186
26.4662
26.6940
27.1315
17.4811
24.9963
21.6074
24.2092
21.1708
26.6369
22.7251
23.8103
20.2349
24.8385
24.1905
20.3013
29.7276
26.2868
26.6812
22.9284
24.2005
21.9374
20.7345
27.3285
22.0083
19.5061
23.7042
24.8748
31.7355
18.3014
21.0259
25.6311
22.7742
23.9701
21.3576
25.9328
26.3353
32.4110
23.0973
23.6962
27.9644
23.8783
23.1157
18.6444
17.0641
19.0088
22.9156
19.4776
26.4610
24.1645
34.2840
23.2736
18.9910
16.7169
20.5162
23.9096
21.7737
18.2597
33.4236
27.7549
23.4004
20.1615
18.7884
20.0059
30.0351
27.1940
22.9750
19.7709
24.2186
25.4274
33.7870
19.6168
24.7191
16.3544
24.4733
24.6342
17.6191
21.4888
19.3475
28.2100
18.0881
16.6518
30.5119
20.0040
19.6767
18.7898
19.3267
25.3520
24.7813
20.8695
21.4592
17.8776
18.0695
25.3929
30.0614
17.8591
36.5153
33.0213
20.7612
30.8715
26.1536
19.2008
20.1869
16.5359
28.5076
24.0787
30.9592
18.3063
24.4669
25.3552
24.2787
29.7851
30.1240
18.1607
18.8932
23.0522
21.2074
19.2309
31.7929
21.6643
30.8937
28.1174
21.3926
23.5722
27.3768
27.6423
22.7913
22.6952
16.6138
29.4559
29.7584
19.8405
24.5397
22.5738
21.4326
23.8332
23.7512
26.1499
32.5329
18.2966
18.5061
25.8267
18.5729
20.9520
23.2511
20.8999
19.5792
26.2376
25.5995
27.1554
17.9788
30.4059
24.0059
27.8910
26.0655
28.7709
19.9626
26.9983
26.1672
28.6383
24.1357
26.7624
23.0840
19.3144
21.0082
21.8870
26.9895
26.6971
18.9961
21.3719
25.6792
20.7874
25.8578
22.7655
27.5069
29.5511
33.4785
24.1384
20.5858
20.9164
30.0297
25.2982
19.2314
20.0878
26.7558
23.4630
24.3032
30.4749
30.9364
26.0473
23.8486
20.8236
23.5315
16.9909
27.4492
30.3143
29.8767
19.1539
30.3354
24.8555
23.4196
27.6513
21.4653
23.8161
29.4900
19.6957
27.1972
22.9977
29.0137
18.2808
26.5323
24.6985
25.4770
26.0802
19.4917
32.8477
23.8150
20.6649
30.1535
25.2160
29.2495
31.4208
30.0414
26.6048
21.5394
26.3035
27.0723
32.2554
17.9001
23.3304
28.0084
21.9117
24.6837
18.4461
30.3431
20.0172
24.3885
23.7634
22.3941
31.6002
17.7477
22.0119
21.5151
24.3156
28.1868
29.9142
18.4880
17.0601
19.2199
21.0732
23.1749
21.2594
17.1822
25.5617
23.4119
18.7372
19.0320
25.9567
24.3135
23.0799
19.9618
26.8539
26.5473
26.8608
25.4450
29.1868
28.4677
22.5080
23.8682
28.1893
25.2325
20.9736
19.9005
26.6827
19.0777
17.6719
22.0851
21.6571
22.6124
22.4032
23.8641
25.7402
20.4186
24.2114
19.9001
24.5687
25.3027
26.1136
24.4773
32.1675
28.9161
19.7897
27.1999
22.1410
23.0618
20.5391
26.3350
25.8807
23.5068
29.9979
18.4076
27.3663
20.3921
24.7536
28.4530
26.8422
22.8651
21.7079
21.1678
23.6420
27.8142
18.8910
31.5272
21.6069
22.1840
27.6825
23.4171
24.1815
27.9183
26.8105
19.7486
16.6598
25.8074
17.0584
21.8154
24.5044
22.1572
26.2198
17.8819
30.5526
17.2006
29.7185
21.5861
17.4310
21.3137
25.8889
23.1712
24.3178
19.4110
26.4271
26.4253
23.7273
26.2171
29.3728
28.7942
18.7160
19.6134
24.9988
28.8477
24.9766
22.1571
26.0076
21.7152
26.6320
17.8856
28.1312
24.6080
26.7868
22.6680
21.6304
27.9512
17.1551
17.6642
17.2488
20.6607
31.4018
14.6023
20.5932
16.8670
21.5102
26.2753
27.9151
20.7631
21.5430
27.3026
26.5172
20.8189
21.9707
25.6719
22.5552
24.1931
27.1296
17.5362
16.2897
20.9215
27.4995
21.0755
19.1244
25.8095
18.4089
20.0296
19.8375
18.7940
18.8404
23.2675
25.0100
22.0473
16.8302
21.0523
25.1714
26.8360
25.3576
19.2223
26.7607
27.0966
29.0219
32.6268
32.7766
21.5869
19.7847
25.9514
20.6835
21.2021
26.2271
21.1173
25.2541
21.0526
24.1860
23.1007
21.7458
23.1037
29.5263
21.1848
23.8568
24.9189
25.1331
16.6460
19.0336
24.3941
22.8449
21.1610
19.6629
29.2790
20.7668
16.2297
22.2223
26.1605
30.5224
32.1816
24.4073
27.7552
29.6767
25.6156
25.0052
27.6631
17.4897
22.8979
20.3944
20.8806
28.1588
25.9671
29.4937
24.7823
25.4786
27.0669
17.1629
20.5282
29.3575
17.0496
18.5598
22.6317
18.0024
25.9159
17.2920
24.2224
30.9278
19.4309
19.2084
28.4543
25.5068
29.3629
23.0616
20.9459
19.3123
24.7222
19.1646
28.1542
22.2533
25.1742
23.8586
22.2816
19.2002
18.4519
27.9606
23.8058
28.3517
19.3360
19.9615
18.1990
20.2326
27.3144
29.3507
27.6582
26.4788
28.8109
23.6203
17.9319
17.5614
23.5633
31.4208
22.5917
25.8929
27.3843
21.7736
23.1744
24.8778
21.7182
17.5739
18.8776
26.2454
29.8755
21.6076
27.0486
22.8392
28.4315
19.6432
28.0056
19.8543
27.7452
35.1335
22.0222
14.5413
29.1451
27.8789
17.1789
26.3071
28.4013
17.3926
20.9729
18.5078
32.5564
17.9624
21.3310
23.9893
26.6972
18.0263
27.2131
25.9781
25.9558
26.8421
21.5219
24.0493
20.8887
25.1286
16.6839
31.6462
21.1596
27.7261
26.6814
26.2794
22.4158
17.3425
25.5125
21.9160
26.0718
24.0341
17.7871
24.4638
20.8865
26.6104
18.1937
30.5579
25.9946
21.9794
30.7353
22.1969
20.7445
30.0071
24.6483
17.7985
21.1965
18.9701
29.5614
25.4803
18.3083
26.3020
29.8022
21.9596
27.2729
22.7061
23.6389
21.3091
18.1456
24.8559
19.0190
33.2805
24.6095
22.3808
30.6796
23.2812
20.0284
16.9493
21.4009
26.9824
18.3617
24.0451
26.2948
24.0737
21.6701
18.1976
18.2962
23.6792
26.2398
25.7405
22.8499
33.9102
20.8908
28.1298
19.4251
25.8408
20.6151
21.9099
25.3206
29.1616
24.1524
21.0347
20.8254
19.8337
20.8069
24.7553
25.3614
27.2483
27.4658
24.0882
24.6075
26.9612
18.2425
23.4955
34.2530
23.5286
29.5569
23.1755
16.7822
26.4619
20.7085
23.2956
24.3429
22.6722
23.6308
29.9375
31.6462
31.7025
18.2584
28.2010
22.0875
22.4280
17.1001
27.9833
21.2216
20.1052
19.2403
23.8393
20.2399
23.3755
25.8976
29.1004
21.6514
22.8889
15.8676
21.0714
18.6620
24.8607
31.4655
24.4751
28.4370
27.0016
17.9456
24.4955
28.9572
22.4066
24.5382
19.5518
17.4630
32.6235
23.6970
27.2172
21.5956
24.6553
18.6632
25.2332
28.9744
18.8839
28.5281
17.7479
16.2561
23.4430
23.5118
19.9910
22.7306
27.2783
25.1777
16.4420
21.7380
21.2735
23.0178
29.2665
28.1602
19.5838
27.6465
22.2361
24.4356
22.7503
18.3292
17.8905
23.1873
21.0658
22.9973
22.2648
25.4887
21.6481
18.3708
27.3403
19.9132
19.9526
17.3015
21.3880
17.4603
18.2370
21.7006
25.4007
24.6767
27.7557
17.5495
26.8045
25.7959
22.1439
27.7091
17.0900
29.7054
27.5856
24.5978
24.6572
39.8786
21.3024
21.1991
29.5027
23.9953
31.4491
24.5389
22.8743
20.0160
20.4092
23.8020
34.6902
29.2343
17.8900
20.5588
17.7292
22.6704
24.2230
26.2474
24.5030
25.2856
22.1501
24.7900
32.1625
25.6421
17.0132
32.6265
26.1711
23.7427
26.3860
23.2854
28.2418
22.6595
19.1708
25.1713
19.0276
32.5919
19.1596
25.8163
20.0485
32.1925
20.9802
19.3207
18.6655
16.7223
19.9967
23.7868
20.0508
19.4438
28.0324
24.8890
18.7747
25.3752
26.6356
30.4460
22.7078
24.9370
23.4376
15.7169
17.9848
17.6831
26.6126
24.9056
23.4980
22.5214
21.3448
30.5807
22.9084
23.0110
19.9976
28.6449
30.1316
25.4847
29.4901
24.6281
26.6361
26.1676
19.1016
20.1976
25.6154
25.9356
24.3470
32.2564
23.3493
26.4532
15.6146
32.3065
18.6257
27.9829
27.2147
22.3018
30.1062
17.3361
24.0095
30.8483
32.7415
19.5634
22.5964
20.3492
22.8882
21.8534
18.5562
30.6399
25.8652
21.3200
17.8598
24.3914
20.5374
29.9848
23.1595
21.6588
26.1506
22.0222
26.2079
31.0569
21.4675
27.2914
23.5734
21.0278
21.9322
17.1462
28.5686
26.2026
24.6403
26.1368
20.4224
32.7969
26.2701
24.6200
26.5445
24.7731
19.9458
20.4968
25.1247
27.2495
25.2469
16.8458
18.0514
27.3516
29.9267
24.3984
31.2686
25.4161
27.3087
23.8185
28.8749
24.1837
23.7462
22.0604
23.1240
21.3494
17.8662
27.7895
25.9028
18.4797
21.2307
17.8705
17.8920
16.8925
24.1670
26.4957
26.7938
27.8359
28.0224
24.5030
27.8549
18.9370
19.3923
31.2793
23.7204
18.9866
19.3841
21.6555
27.0450
22.7672
20.1643
29.9889
32.7077
22.5789
32.0894
26.6328
19.0454
18.8482
24.9242
24.7926
24.8292
22.3347
27.9204
29.0761
16.7583
21.2685
22.9228
23.0709
24.2979
22.8249
23.5161
23.3192
21.1260
34.5473
24.6570
29.7395
18.0989
21.1730
23.3881
17.9999
24.4023
32.2388
25.4494
27.4895
17.2452
22.0932
26.7811
15.9307
34.2410
25.5297
23.4748
32.8658
33.2886
21.4008
25.8438
18.4391
19.6973
25.7321
18.8408
20.4200
18.9993
22.0967
22.9747
24.4888
25.6874
23.0887
25.4049
16.3190
15.8460
17.3512
23.2047
28.9669
34.8195
24.8404
25.3053
27.6939
25.3085
25.8107
22.2166
23.1916
31.0425
23.7976
18.9838
22.0184
28.6484
22.7329
21.6833
26.0784
29.6501
24.2438
21.3921
28.1743
22.1500
20.7150
19.6941
21.6114
19.5506
23.0310
20.3018
32.8449
17.8286
24.9994
17.7224
23.2955
15.8370
20.2749
17.6729
25.1550
19.6095
23.7095
18.0114
19.0342
32.8889
16.8167
32.7610
22.5404
25.7184
27.5369
17.9069
26.6669
18.5248
24.6645
29.8161
26.1890
21.8495
24.3554
18.7118
15.1659
25.9301
28.4361
17.8670
25.7994
27.0241
23.7242
23.6887
21.5008
27.2415
22.5705
20.4767
19.8470
20.7988
18.8434
26.9998
19.2591
24.7411
24.3787
18.2268
19.1020
32.0212
22.3398
23.7039
22.9343
19.5581
29.5190
26.1270
20.9721
25.7299
29.6996
22.5156
19.2602
22.1683
26.5034
33.7269
21.6154
23.5997
21.6554
20.6273
21.9993
27.7063
30.0524
27.5558
19.8038
24.9692
21.1669
29.7569
22.5522
26.3114
26.8596
24.9539
25.8757
25.3388
32.9428
23.1295
27.5410
25.6885
29.4371
25.1208
24.4571
21.7309
22.9251
24.0596
24.3968
17.8779
25.1607
25.5727
23.7414
19.6314
24.8261
28.2631
22.2345
21.2715
18.9532
17.5374
27.0530
24.3933
24.9974
25.6715
32.9300
25.1434
22.9975
25.6255
23.4028
22.2750
31.3729
25.6133
27.1237
28.3670
24.1276
24.8265
27.6906
31.0762
23.3697
24.9972
20.6711
25.2525
21.9978
17.1315
20.7411
20.6521
25.2663
21.8851
18.2953
22.9799
28.1511
18.9440
29.7488
26.9499
20.4284
26.9473
37.4487
19.3360
19.8451
24.5973
20.5147
21.2194
18.6230
30.3476
17.8728
19.2463
25.5092
28.1869
20.1608
30.4743
22.0515
16.9156
28.6426
33.8825
24.3520
19.8013
23.6677
18.7351
18.1129
28.4648
23.8537
26.9197
21.3310
26.8694
20.5543
23.1683
22.2055
22.6122
22.7055
28.1308
17.7029
22.5300
21.1588
22.8789
29.4347
22.6203
23.6397
21.8008
28.1904
27.3699
23.8945
17.0620
18.4406
19.5677
19.8350
19.3371
18.1115
24.8518
26.8088
19.7148
33.0516
31.0272
18.4758
18.7896
23.7102
20.6789
29.0838
24.9249
27.4230
21.2462
26.6851
16.2742
25.9360
24.5635
25.2407
30.2555
21.0699
16.5945
27.5875
24.9975
24.5891
24.1572
30.4490
30.1638
29.6611
28.8663
28.3524
26.5598
21.5343
26.4821
21.5697
24.7790
25.8341
21.6405
29.3437
19.7675
20.4653
16.5272
27.8403
20.3760
24.3027
22.3945
25.5029
22.8488
24.0170
29.0256
27.0170
26.8528
26.4273
20.7913
24.3627
23.8680
31.1920
27.6361
17.2955
22.3449
25.8063
16.0917
27.8080
22.9187
22.5465
32.9615
23.7198
23.4190
29.4556
26.8805
26.8641
25.0892
20.6106
25.9596
26.7309
28.2444
24.9448
25.5479
17.6656
19.4984
27.9811
22.1338
20.1755
28.7142
30.3787
27.3216
30.0300
21.0223
24.8808
26.6156
21.7262
22.0628
31.0127
21.3786
25.9357
18.5113
21.9464
31.7427
20.0591
24.9603
19.6249
24.5062
29.6988
27.7079
19.1126
29.8194
21.5776
28.5760
21.4489
21.7629
24.9971
24.7785
24.1530
17.8570
27.7793
24.2358
22.5423
15.4840
28.0737
27.6526
34.1457
24.7969
31.7379
29.9306
20.4289
20.4527
23.9472
26.7502
18.0422
31.7650
18.3822
15.6269
26.7209
23.3491
19.5279
20.7758
20.1870
31.6563
27.8915
17.4377
24.6718
24.4553
17.0731
19.1733
24.9766
27.2250
25.9993
18.3137
16.4460
26.0041
31.6770
22.1406
18.6777
23.3828
26.1984
20.7665
20.3418
21.1439
20.0056
18.9418
20.0836
22.8801
20.0118
20.7545
17.7380
26.8720
26.1522
27.2839
23.0686
24.5648
21.3811
25.3614
23.4013
21.1416
20.1658
23.0370
23.8928
32.1731
24.5301
23.9133
20.4319
28.8304
27.1888
25.1406
19.1243
21.9958
23.9009
30.2946
22.7347
16.7731
16.5340
33.5969
18.6796
29.6450
26.4150
17.4442
28.1284
31.5741
21.2927
21.5517
24.9865
26.0860
23.0417
22.9703
21.0287
25.5618
26.7570
27.7003
25.3279
21.9968
18.3458
20.2663
23.0094
28.6216
20.0145
20.4320
26.0589
24.1601
27.3173
30.5911
28.1007
24.2250
27.4546
24.6722
28.9420
23.4928
17.0507
21.4672
27.6284
26.8156
27.1510
19.2785
24.1300
26.9758
23.6615
30.7289
30.8863
27.4997
20.0016
18.6037
18.4749
26.0477
26.3261
22.7601
21.5565
25.7801
26.5638
22.5269
27.5977
27.0408
22.2590
18.4022
21.7999
26.7917
28.1966
18.7604
23.0277
25.3080
19.0754
20.0916
27.1858
30.2754
25.0561
23.2986
22.7535
20.5643
20.3671
24.7707
29.4948
21.8370
23.7750
22.2068
28.5055
24.5674
21.6811
25.3333
23.3151
23.3257
23.2000
21.5884
22.3348
28.5306
27.9651
27.6336
23.9648
35.3982
26.2277
23.3145
24.6682
27.3868
28.4484
21.8944
23.0713
33.0380
22.7255
25.2715
27.8757
25.6823
31.7258
23.0440
22.6182
23.0529
17.5261
28.2688
17.6483
32.6493
27.0833
17.7339
17.3518
28.7095
22.8043
24.3898
23.3931
20.8776
23.0186
32.2569
21.2062
24.9953
20.3320
27.1775
25.7430
26.5207
17.1038
30.4594
21.6754
17.4214
21.2052
24.4934
22.3109
18.6340
16.6424
30.3532
22.1217
19.8121
22.1950
25.0445
23.8746
17.8477
28.1057
21.3039
23.5501
34.9171
21.1534
26.8980
17.8839
26.8082
23.3516
25.2950
22.5726
18.0590
25.7589
22.8463
23.9879
28.9560
31.1219
29.5812
26.3887
30.4388
20.6889
33.5879
26.3828
28.6401
26.9106
25.8046
22.1399
26.6375
19.3676
16.3348
18.4125
33.4502
34.2371
24.1213
23.9381
27.6676
25.0818
18.2657
29.7873
20.0394
26.1550
32.2427
20.5246
19.5288
17.8592
26.4846
21.0906
23.4131
22.0552
26.4872
30.7776
21.9168
21.4222
26.7987
24.6576
23.2101
23.7734
24.5404
19.2405
21.4591
22.2598
27.2036
30.1165
26.3988
24.6910
24.4307
23.0593
21.1028
25.7476
27.5116
35.9369
24.0082
30.8662
31.9721
26.0787
24.9188
20.0147
18.1382
20.4214
22.7425
19.8671
24.0965
19.0552
30.3678
19.4419
30.2278
23.6840
28.1195
19.0656
27.4176
28.3210
17.9411
20.0352
24.6521
31.4198
30.8572
30.6160
28.6563
24.9436
23.9293
25.1370
26.3604
26.5703
36.7509
24.2869
19.8771
23.9567
23.3995
21.7309
16.1356
23.7577
25.2813
24.2171
22.0614
25.2810
20.5203
26.3820
25.0643
21.7333
22.8309
24.0396
21.4463
22.7396
27.9213
16.8402
25.6022
24.9117
21.4629
20.6366
24.8085
26.1801
23.0095
18.8611
19.2822
19.3375
20.4639
21.3009
26.9221
20.1257
25.1877
18.0420
17.2627
16.9190
25.8533
18.3525
23.4834
20.1168
27.3274
29.7249
29.5196
18.7140
25.8013
19.0255
29.0872
22.6496
14.2325
22.0397
25.9636
26.2095
24.0181
21.0894
26.4978
28.6347
30.2191
20.0867
26.5427
17.1699
29.3481
33.6892
21.6388
29.1990
24.6544
23.7410
30.1047
31.1976
19.2589
24.0989
22.2916
19.5456
17.8778
21.3566
17.9033
23.5428
30.0591
23.0366
24.9299
21.8148
15.7038
28.7366
23.0302
21.2331
25.1679
27.7132
22.6818
35.6654
25.4791
21.6959
24.6639
21.1184
23.9845
30.6085
24.2119
20.9926
25.2504
22.7625
23.3811
24.7114
23.9658
20.7536
23.7500
21.9128
24.1353
26.9806
19.4424
22.4726
26.0400
18.7943
19.1322
21.5422
23.5244
20.1984
31.2471
29.4016
30.4270
15.8047
23.1975
27.6750
24.3290
20.7577
21.4249
22.7908
18.6344
24.7250
32.5226
23.4175
29.4174
24.4105
24.3907
20.4669
24.0117
21.6297
24.7913
31.2490
25.5448
29.9756
26.6929
21.6034
15.5771
24.9454
18.3293
17.5838
30.7363
25.7703
34.3536
25.4929
22.7868
26.8476
22.2500
17.3162
23.3870
25.5363
27.3834
18.6731
28.3593
27.3205
29.6376
18.8702
28.3263
23.6990
26.7571
19.9648
19.9494
27.0876
21.4392
29.9934
18.2855
32.6398
22.1327
21.7553
19.1298
32.1084
21.8979
27.3557
26.7385
22.9622
25.6885
25.6080
24.4388
23.0705
16.9757
18.2150
19.8822
22.5238
23.8157
30.4099
23.2598
19.3734
21.4000
29.3682
24.2310
18.2710
22.7386
30.8360
27.3982
20.6296
22.2403
21.0497
19.0003
26.9327
24.0945
26.6490
29.5341
16.5516
27.3785
17.4647
20.1880
20.8630
22.4208
18.8276
22.9687
26.6940
27.2697
25.2592
23.2109
26.7408
21.2996
19.8237
24.5177
17.6911
28.8087
17.5336
23.9034
28.1530
22.4126
22.6543
19.2154
25.7938
25.0107
21.3808
28.1799
24.0504
30.5806
22.4622
17.9817
26.1739
21.7885
28.2995
21.7762
18.2101
27.3827
24.4729
22.1206
19.0689
22.5657
24.3877
31.8495
25.7984
19.4758
25.2890
19.9988
16.3058
24.0866
25.7078
19.9752
19.2608
17.6476
23.0773
24.2674
21.6394
20.3026
23.6216
23.3001
17.9996
27.0180
23.8631
29.1931
24.2736
18.9315
19.9633
25.9582
20.6452
26.5524
21.2683
24.8879
27.8878
20.3384
24.4575
26.8842
25.8172
20.6989
30.5634
29.0419
19.4388
29.7088
28.7183
35.1285
25.7055
34.9831
25.8289
26.5514
32.0185
19.8761
23.9974
15.2809
18.0063
21.3731
21.7679
25.8946
28.0207
22.0851
26.8965
22.1968
21.3050
21.8436
19.4172
26.7493
23.8936
24.0090
25.8956
24.7053
22.9747
21.3528
19.3500
28.7194
24.8045
34.8645
22.3956
21.3846
20.6884
19.2035
31.9827
32.1706
26.4583
23.1001
26.0112
28.8862
25.2427
23.4095
25.1311
16.2869
24.1543
17.6725
19.5567
22.8873
22.7849
19.8344
23.1482
23.9360
24.6822
24.8842
23.6419
25.1506
27.3491
26.8036
16.0818
18.9920
22.6801
21.9944
31.9459
29.2765
26.0346
20.9299
26.0324
26.5279
24.9213
31.8607
31.4874
20.7030
24.8660
22.9394
27.2523
28.1465
30.8504
27.9929
28.7659
22.3924
25.2872
17.6955
28.2790
23.8177
23.5173
17.8411
27.8238
16.0313
30.9022
18.8991
29.1331
17.9738
22.5148
16.4223
30.4316
26.8514
23.2512
25.7534
27.0946
24.0365
27.8471
24.3743
22.0808
26.8113
17.8875
23.4377
18.7414
22.8403
26.7181
24.3613
25.4296
19.8947
23.4470
25.6600
17.1240
26.7161
29.4895
30.6409
25.7552
24.0636
27.2867
22.3565
31.1112
27.4792
27.1727
32.8951
33.6550
27.7806
28.5031
23.6920
21.8637
17.2619
22.6135
20.6152
21.5203
26.9237
21.6183
23.9265
27.3836
30.6746
25.4013
23.1785
22.0795
25.4517
20.7574
18.7374
20.4506
25.1594
27.7091
25.9009
25.5724
31.0511
23.8082
26.4291
21.3870
24.3623
28.3159
24.5525
18.1250
17.4079
24.3729
26.1621
24.9757
33.3607
25.7580
27.3956
21.6496
24.4482
31.7548
34.6857
21.7567
22.1634
25.5061
17.5228
27.7763
21.5336
20.6221
28.9428
20.4262
29.5654
19.2060
22.9451
22.0676
28.8512
24.5327
17.8383
19.4828
22.3056
19.3517
26.3096
20.9282
20.4427
28.3154
25.6534
20.1972
19.3899
18.2728
20.4018
22.8691
23.3243
23.3083
20.3746
21.3799
32.1540
28.6258
22.5921
26.7035
21.3110
27.8275
17.0036
17.6242
28.7566
23.2424
15.9891
20.0126
26.1055
15.8193
24.7289
23.4153
25.6326
18.1641
27.1978
19.0618
30.0364
24.1280
16.8468
24.2760
23.5265
21.6834
27.1090
20.6556
17.2597
27.1104
24.8924
25.2273
25.0053
24.4698
24.5124
21.1105
27.1187
30.6525
26.0580
17.0376
21.8018
23.2093
29.0878
22.5121
20.8251
17.1392
24.3755
18.0444
23.9784
24.3275
24.4186
20.3697
25.2080
28.2479
36.8829
19.8327
35.0130
24.4761
27.7768
18.2418
21.8526
18.7273
18.6975
32.1806
21.9144
27.7366
27.7058
30.6749
27.5115
19.1114
18.2360
26.6310
20.4099
27.9886
22.8607
23.2667
22.1195
20.6503
34.5527
19.3294
22.1560
30.1186
22.7934
25.6979
18.0552
17.7890
28.0908
21.3540
23.1829
16.8398
34.2304
29.6625
23.0368
25.5747
20.6879
29.1104
17.9280
20.7053
20.9134
22.2290
26.0248
30.3859
20.7668
17.7026
27.4486
23.1351
29.1896
22.5406
20.0755
28.2608
18.5856
22.1729
22.2000
27.8222
22.7016
24.8375
26.3279
27.2492
21.2346
23.7443
21.5795
23.7233
24.3494
23.5534
18.1141
24.9886
18.7214
26.2428
25.3026
27.6895
28.8071
23.5931
31.4687
17.8068
23.0151
24.3943
22.1857
28.2865
31.8293
28.2491
25.3903
18.9813
29.0778
22.7873
18.1494
22.3416
23.7953
23.4137
39.2818
22.9099
25.9815
23.6447
33.7820
21.7708
21.0885
21.3775
16.0887
24.6940
26.7529
19.4373
21.3712
25.5889
29.7858
30.9994
20.6017
24.5486
24.6702
24.4611
20.2655
29.0809
23.1438
18.6271
22.9547
27.1067
24.6989
21.1157
31.1428
35.4895
25.5355
21.6662
23.9791
19.0383
15.3540
20.7090
22.7758
18.1336
27.0063
31.6811
25.8941
18.2874
29.5703
21.8193
16.9985
18.5352
17.9845
19.4290
23.2722
27.0212
27.0165
24.9158
25.9704
26.4567
23.6930
31.9678
20.9642
18.3457
32.0694
21.0109
28.1988
30.5402
21.2403
23.8599
18.3376
28.8333
20.2824
29.6129
19.9836
21.0745
27.4798
26.2103
25.0372
19.4637
29.2158
20.2814
26.5092
18.3678
24.0158
18.1351
18.4019
22.1695
21.4743
22.8428
25.4883
16.6865
22.2980
28.0008
18.2457
27.5635
23.7293
20.2534
18.7570
25.3512
22.9924
21.8226
18.7011
19.8103
26.9398
34.5764
26.8385
28.8355
21.5605
23.5635
27.7459
21.0308
21.5763
19.5072
21.4360
25.0496
25.8928
25.2786
17.3452
22.2104
16.7637
28.1284
17.3750
19.6911
22.3108
22.3574
19.6671
23.1335
35.6364
23.4357
16.0131
29.4991
35.5040
22.2884
18.1233
21.7135
23.1716
20.6137
22.7201
23.7378
21.4744
25.5796
26.9762
22.8069
25.4754
17.1531
23.4068
19.7752
19.5821
23.8716
29.3959
27.5960
25.6323
23.2436
30.9786
26.7864
21.0671
20.8157
21.9451
18.8956
25.1412
20.6773
23.0589
22.9587
25.4123
18.5733
21.2383
16.3771
19.5204
27.0758
20.5469
27.3558
22.1525
25.0043
28.5429
22.0972
26.0095
22.9297
25.9582
25.2513
22.2763
26.7960
24.3666
20.4600
31.1501
17.7663
18.8616
19.9289
18.0964
26.6660
20.8944
16.2883
24.0845
26.4565
27.3404
20.8214
15.0538
21.0200
24.2627
27.2031
24.5894
19.5089
23.1415
20.4282
18.1146
18.5675
22.5334
23.9106
19.7645
25.5387
19.2877
23.6419
32.9019
26.0954
22.0071
28.7733
19.0809
22.8696
26.0830
30.9422
25.3848
17.3626
16.8286
23.6917
19.4163
24.0451
28.5976
23.7520
31.8121
24.9223
24.2959
24.3492
30.9019
24.7822
25.9305
26.5046
25.0973
22.9907
30.1465
26.6973
18.9282
22.4825
31.6761
20.1498
27.4745
26.4913
20.4540
28.0582
31.5091
18.6082
29.3086
25.5110
25.8473
27.1390
27.9203
28.0173
18.8968
19.4251
28.6681
28.6626
22.4301
19.4788
20.5399
20.4963
20.9273
21.7911
24.1015
24.5223
34.4835
19.5219
24.8365
17.3770
16.0372
23.3148
22.1567
18.4589
23.1237
17.8628
23.4231
24.2731
18.1738
25.4397
24.8595
23.4868
17.5120
25.1104
22.8396
34.6992
17.0172
20.2934
25.1355
22.6704
25.1969
20.0160
18.7293
22.6301
24.9164
25.4449
32.7565
23.8363
23.4388
19.8517
22.1240
24.7279
17.5884
16.0096
25.7607
21.5398
23.8941
27.0013
24.7215
18.2980
22.1547
21.9465
24.3976
19.6572
22.8942
23.3674
24.9896
22.4434
29.1994
23.7723
24.8143
18.7356
24.3347
28.6723
23.1920
32.9493
21.1239
24.8180
22.4162
23.2728
27.6009
28.3182
19.0073
23.4251
15.7075
20.4863
29.3711
20.6269
22.1029
22.6506
16.2621
22.6860
21.5707
15.3288
16.7003
27.7024
20.0685
30.4027
25.7770
26.4976
18.4795
28.5728
27.8198
19.5462
19.0377
25.0731
19.5377
22.5384
24.2996
24.2390
22.3029
23.5809
28.0600
16.1001
24.6495
28.1341
27.3312
17.4332
23.8217
20.9369
30.2185
22.5407
29.9613
18.0601
26.3313
30.5020
29.6160
19.3453
21.1816
18.7426
18.5750
29.9102
24.1011
19.9945
22.1462
22.5232
22.3155
27.9242
29.4291
22.9590
21.7822
27.7854
21.9858
25.2065
26.5867
21.2952
26.2316
23.4872
18.4161
31.0640
22.6931
31.1170
31.3979
21.8398
31.6171
26.5747
23.5063
19.9395
20.7305
26.3823
25.8643
24.2428
21.0601
22.0242
26.9039
28.3598
26.8990
20.7844
23.3636
27.7413
20.4705
25.1465
27.1123
18.9070
28.4778
20.1830
28.0901
23.7451
34.1688
24.8041
25.2615
24.7264
25.9671
21.1981
27.1907
16.8355
24.7914
16.8645
31.6686
25.2595
21.1441
22.4925
26.7256
24.8925
20.7180
25.2868
23.2102
23.2796
22.8853
19.9938
18.0387
23.9150
28.1893
35.9757
29.4306
28.5437
30.5853
18.1840
30.5347
20.4715
30.8429
22.6614
23.5842
16.1233
20.8345
20.5919
17.9582
30.1653
25.0343
22.0269
21.5541
26.7952
18.8873
29.0985
30.8101
21.8617
23.5805
17.8641
29.2062
33.1698
24.1001
27.1082
27.4503
25.9814
19.9907
24.9841
14.9098
24.7026
20.9783
20.3706
21.7217
27.2998
16.3025
16.4072
24.1549
22.7645
21.1655
20.1389
22.0128
20.1143
23.0761
33.9180
26.9719
25.9066
30.6007
18.1902
20.6852
16.6812
24.1467
16.8153
25.6573
21.2808
32.1271
27.0807
16.8233
22.3364
26.5854
17.1300
19.8318
25.2432
22.8537
21.1294
28.1093
23.2463
19.8321
18.7856
21.3196
19.5204
27.8430
25.9519
19.8766
21.2884
18.9925
21.6582
26.1260
19.2654
21.7602
30.0545
33.7403
22.8442
22.5287
17.5964
21.1581
17.2594
27.2234
22.2196
26.3174
23.8294
22.8738
20.9772
27.3950
24.1952
28.2734
25.8835
26.4756
25.5627
23.5614
17.7865
28.8397
26.1697
25.1049
29.0427
22.6054
28.3294
29.1553
28.4996
20.2567
20.0393
21.4806
24.5955
21.1886
26.0836
22.7553
22.0222
29.3277
22.6482
17.2697
20.5993
27.1267
21.4774
25.4701
30.9346
29.4095
34.0737
25.8632
23.3998
20.2401
30.1338
26.8588
22.3435
16.9994
19.9500
25.1967
22.3806
26.5065
22.0376
27.3248
23.3840
22.9796
24.2769
26.7044
18.5336
16.5993
31.5574
23.0244
21.4967
20.1704
31.5966
29.9015
30.3254
22.6676
23.7246
28.0126
24.1058
21.8827
24.6260
21.0022
24.6893
23.5254
23.8015
22.1486
27.8406
20.8404
24.8187
18.2992
31.5047
26.4275
24.4302
19.4336
26.2071
23.1652
23.1651
29.3730
16.6648
26.5714
24.4419
28.0530
29.7525
29.0055
29.1240
17.0763
16.7980
18.8715
27.6564
27.4665
27.6023
28.5525
23.2328
23.4925
25.1957
19.9170
25.7197
16.3350
25.2910
23.5893
25.7794
30.5071
22.1168
20.8055
27.6705
20.7821
27.0127
24.4436
23.5688
23.1454
22.2933
19.5824
26.0074
17.2847
24.0764
26.6917
23.2485
27.3034
22.1966
20.0456
32.1979
20.4474
24.4658
20.0354
32.2520
27.5456
23.1336
23.7832
17.6577
32.8337
18.0715
26.6109
25.7418
20.1348
22.1487
24.5563
21.9409
21.6222
32.5062
20.8105
24.1165
26.8965
25.7461
27.8525
31.2598
20.3226
25.8929
18.3305
24.2600
21.0222
22.3237
26.3859
21.8776
21.0663
20.4893
31.6698
26.2522
28.6763
28.0461
29.0310
21.9046
24.8410
27.8554
20.4134
28.0568
27.3776
20.2510
26.8156
26.1101
24.3182
22.3039
20.3930
16.6203
27.6137
25.0569
17.2518
23.1607
21.9447
24.8956
26.7401
28.1472
25.8172
23.7139
22.5352
25.0313
34.2146
31.1208
20.6974
16.2810
20.3698
25.7662
22.5335
29.7394
23.2512
30.9069
19.2208
33.9162
20.1079
23.9226
23.8556
26.7576
24.5888
24.3129
19.0610
17.4820
22.3529
29.6066
16.9569
22.4296
17.4701
30.6214
28.0874
23.7593
22.2642
27.0557
17.2399
19.7434
15.8585
21.4685
25.3899
28.4769
28.6736
25.9039
27.3471
25.4198
23.1777
29.7112
20.6435
22.8840
30.4086
27.4818
22.6374
17.7330
24.0291
27.1853
23.6523
27.0104
23.3383
23.7676
19.8969
19.4265
21.0403
25.0262
22.6182
21.2189
22.0484
28.4563
15.8521
30.9076
22.4599
19.7639
26.8288
26.8519
24.4062
27.6858
23.7299
28.7601
23.7721
25.1683
21.4541
15.9993
20.9033
17.6858
21.9739
22.8407
29.7640
21.6384
24.4787
20.4760
27.5544
20.8957
21.7376
20.0340
27.3189
23.2995
23.9612
16.3295
26.7223
21.8133
27.4451
26.3004
21.1666
27.2923
26.5145
21.7322
22.6857
24.1012
24.2889
18.7641
24.1510
19.2701
22.8714
22.0125
32.4104
29.8552
26.9396
18.5839
26.0294
15.8114
29.0712
30.5459
28.3662
29.2606
32.2673
29.8436
23.0884
17.9577
20.1640
29.3162
19.7217
26.7994
19.0741
21.6751
28.2651
19.2468
25.0357
28.5647
25.8110
27.3271
20.8850
24.3140
31.9433
26.3610
26.6899
25.6754
23.7931
27.6609
15.4460
21.6306
28.0245
19.9479
23.0157
23.9463
26.8417
27.6454
28.5751
19.3006
26.3071
24.4672
19.1423
20.1087
25.0122
28.4208
26.3872
18.7416
28.5188
23.6578
27.0215
27.9275
17.3256
24.5653
27.5588
27.0594
26.6390
16.6372
21.3511
25.5597
25.8590
20.6543
23.4032
27.4403
34.6268
17.9868
25.9438
19.0742
25.3660
31.2911
25.3729
26.8718
25.4697
16.7850
19.8874
32.9684
33.3683
19.4117
23.5512
21.1588
25.9320
19.4691
20.5787
23.8471
23.4050
20.9247
28.8186
17.4017
22.3153
25.8547
20.1507
20.8534
23.1370
18.5092
27.7073
23.0200
32.4077
27.9750
24.6013
25.1741
23.1931
23.3264
15.2757
26.3639
19.6297
25.9455
17.5539
23.6278
23.5374
24.8030
27.7010
19.8156
26.8934
21.6762
19.7130
17.2790
31.5956
19.0751
21.9716
29.1347
22.9664
28.3085
17.3361
24.5367
20.0022
24.2246
25.7602
29.0731
18.5070
22.0351
24.3835
29.3207
23.2824
25.8005
18.9261
17.0077
26.3867
20.1443
16.7538
34.7227
19.7354
21.5785
23.5820
24.6205
23.0708
18.7400
22.6806
24.1227
24.3825
18.9644
20.9253
19.8863
25.6530
20.5993
24.1449
29.0750
22.9944
19.6457
19.6462
20.3375
28.5066
22.7186
19.6016
20.2816
23.0802
21.0998
25.0615
26.0729
20.5474
26.4926
20.6649
19.0230
25.1578
23.9552
19.3668
23.3962
25.3594
26.9405
25.7468
18.7664
19.0475
21.2096
26.0765
18.6967
21.6635
21.5677
26.1160
23.6096
20.9994
23.3365
21.2211
34.5011
24.6892
21.6315
23.2360
19.4649
30.3395
19.8171
28.9585
21.0733
30.6177
23.4998
28.4460
18.9442
25.0649
18.4745
20.5649
22.0326
17.4585
21.8017
19.8473
15.2493
26.8984
31.1037
29.6920
18.4138
32.2615
22.1769
22.6659
21.2683
20.3572
25.8000
21.3943
20.8962
25.2028
20.5527
23.2247
23.2737
19.7392
24.8006
21.9862
21.4806
26.1137
27.3005
28.8252
33.1569
26.4102
19.3545
22.7463
18.4481
26.1251
24.5520
22.9253
25.5251
25.0153
23.1496
21.6896
24.2413
25.9069
18.9068
25.0851
31.2543
27.4205
23.1313
19.4636
19.7232
24.5115
16.3861
22.8388
21.8427
35.7776
26.0649
25.8662
20.5918
22.1003
19.1784
20.4166
31.9548
19.3425
25.0774
24.6962
18.9209
22.9107
25.7426
22.3426
24.8405
28.9848
18.7246
22.8042
25.4160
16.5868
21.3375
19.6991
16.2844
21.0433
23.1317
28.9295
23.1478
21.3650
24.2910
21.7921
20.4252
21.3668
26.2825
18.1527
27.0565
24.3170
23.0548
22.2514
25.4198
21.7223
17.8835
32.5306
22.4932
26.7083
18.1223
26.9125
30.1086
22.1784
18.6485
26.0540
23.1583
22.1605
31.2436
23.8726
19.3562
19.5604
26.5280
26.8181
22.3750
24.7843
20.7726
31.4768
21.0062
29.5233
22.5368
27.0750
21.5815
22.0561
26.7927
20.3069
23.7729
17.1534
21.2290
25.8988
17.7719
20.5761
23.6019
18.4274
20.6512
23.0676
21.3571
21.0999
23.6679
28.6013
20.4904
17.6002
29.3126
20.2100
20.6934
23.6068
27.9971
30.5776
18.7745
19.4934
20.3289
24.9906
29.6475
28.5457
27.0850
29.0398
23.0105
21.6351
21.3056
22.2409
20.9394
27.6115
20.5218
19.0450
20.0410
28.8662
22.1750
23.3563
18.4003
21.0217
29.5093
24.7497
31.7937
22.5937
21.8325
20.1409
29.8298
21.3347
30.5295
25.2013
22.4077
21.1938
22.5397
23.1279
24.2406
23.0040
25.8481
20.7271
19.9713
31.8227
22.3872
32.1848
18.8306
19.0047
17.1408
25.6752
17.3202
28.7940
31.9674
17.4346
28.4705
25.2320
21.5705
31.8090
18.4071
25.8036
21.0614
21.3311
21.5082
20.6368
17.1611
18.4895
23.2747
31.2410
24.4220
22.5949
31.6946
24.6785
18.8710
25.7724
21.8915
29.3013
26.3338
20.2840
18.2778
27.4274
21.8698
18.5698
26.4987
24.8936
23.1406
16.5017
21.9755
25.9753
25.2810
22.7780
26.1512
23.8098
25.7919
17.1165
26.1459
15.2791
20.7243
31.8778
27.4693
20.5505
25.0004
25.4526
24.1095
24.0566
15.4561
29.7067
19.6188
22.9735
18.3186
29.4283
20.1799
17.5534
19.7834
21.1650
20.9876
26.0413
31.7709
26.4491
24.0732
28.6786
26.9573
26.4102
21.8532
21.6779
24.8903
16.4028
21.3328
33.3660
23.1200
25.9026
22.1562
25.1876
25.3920
22.9897
20.5335
21.3618
25.9568
26.5443
24.4707
26.4574
20.8413
20.4728
20.7131
30.4406
23.0445
23.0919
25.2958
26.4975
26.5546
26.3613
19.4808
19.4439
25.8951
33.4536
21.3925
20.9037
22.8022
17.8679
20.1034
27.3569
28.0023
19.5961
22.9089
25.2502
28.0149
29.4386
23.8601
23.4175
24.9455
22.4247
20.6129
24.9892
25.4784
18.2509
25.3270
24.2253
21.6003
22.3368
26.6010
23.0503
26.8292
32.3702
30.0783
25.2991
33.5422
25.0815
23.1829
20.0182
33.2241
20.0404
23.4314
24.8040
28.2490
16.4886
30.2046
32.7225
19.3777
17.4171
25.5261
20.5685
29.6777
37.3653
22.7867
29.4981
18.9865
27.0382
31.5898
22.0037
22.0509
21.3875
30.7773
25.6231
22.6029
18.1459
23.9453
18.7961
18.1918
26.0860
19.9825
23.6263
22.9863
16.5268
29.1074
32.8774
16.1399
23.5568
23.5967
22.1543
26.6285
20.7511
21.2290
25.8427
28.4587
27.1499
25.0594
29.8721
20.0111
26.6816
23.8132
21.5889
17.5978
24.7334
21.1678
26.5417
20.5206
20.7981
17.2099
33.3467
31.7472
22.9579
23.7943
29.3580
28.9312
24.7190
25.3317
30.3199
18.9221
18.2839
26.2554
25.3435
16.7648
17.1991
25.6616
19.6658
23.4409
18.2692
23.5707
24.7510
31.3242
26.0633
25.5509
24.9411
20.1579
22.6410
22.9873
17.5307
21.5421
22.2435
26.3239
19.7345
24.5722
24.8434
21.9646
26.8980
23.0960
27.9603
21.0751
22.5929
29.3903
17.3543
31.5668
24.5936
27.3308
21.3200
20.2932
20.8200
20.9956
21.6360
22.6312
25.8323
24.8972
21.5031
26.7451
23.1312
27.0522
29.8512
24.8649
19.1660
27.4801
28.8897
18.2046
16.2584
22.1299
16.2525
23.7566
20.2158
21.2506
27.5053
21.4966
21.4289
20.6861
17.9915
22.4728
18.1552
28.0574
24.4156
27.9318
17.0499
29.3576
19.8700
17.0163
19.3819
24.7516
21.1874
18.7569
16.3190
24.1063
22.9369
24.1069
27.1599
22.0969
19.1979
17.2401
24.6845
18.8507
27.7292
26.2564
23.8899
29.4607
21.1660
24.1034
25.4492
21.0896
16.4835
17.0029
21.9131
24.1120
33.8419
24.9098
18.9115
25.3918
26.9303
22.2964
29.6541
22.0936
30.6063
28.6052
18.5373
21.9511
16.1198
19.6558
27.1339
20.1881
22.2731
22.1738
27.3733
15.7838
20.9206
19.8373
22.2666
28.7500
25.4133
21.9533
20.0803
31.1609
19.1244
27.0596
19.3923
27.4029
28.8705
31.1835
19.7712
23.1938
19.2127
27.6587
25.2225
21.6283
17.6956
33.5857
20.6054
17.2649
21.1502
23.5152
20.8368
29.2441
22.5905
24.3984
23.2753
33.5269
24.8678
25.2925
21.6405
20.3410
17.0955
28.5916
22.7454
26.9737
20.0525
23.1440
32.6180
23.2692
18.8901
19.2083
23.6274
21.0977
24.8871
23.0545
24.3640
32.6937
37.2441
24.1098
21.9352
17.3423
28.3956
16.2374
23.8010
15.9400
23.2315
23.2175
26.2639
22.1117
26.7087
25.6565
28.9877
19.7616
27.2288
28.7272
22.2426
30.0154
26.1109
18.1378
24.1664
16.3106
22.7873
23.1414
19.4118
19.5231
27.6141
18.2751
25.0816
28.1305
26.7914
17.8436
20.9527
22.6850
28.2502
22.1070
30.1456
22.3503
22.6427
19.9098
19.7336
19.6116
18.4954
27.7183
30.1547
18.5964
21.1972
20.4666
23.5259
25.5356
24.6105
20.6955
19.8582
26.5487
23.6074
19.6274
27.4232
34.0393
24.2222
24.5515
31.8649
25.3464
20.0976
25.5425
30.1446
18.6658
25.1982
19.9861
20.7454
18.1596
21.3095
23.8185
33.7825
21.9283
22.2703
19.8633
20.7968
21.9784
28.6525
27.3732
28.9142
28.9161
23.1357
19.0492
26.4145
18.2938
25.4850
27.9003
22.9175
22.1177
27.2211
21.2428
31.7359
27.9552
25.1328
34.4348
28.6505
21.4464
24.7920
25.7660
16.5904
21.6344
26.4246
26.8066
18.0789
34.4361
17.8005
20.0374
18.3809
21.4479
22.5676
24.2474
16.5704
22.8747
16.2603
22.5401
24.0874
17.5246
30.5561
29.2189
20.4476
23.7815
21.6319
21.0194
31.2142
26.3184
27.9255
16.8871
23.3019
23.4251
19.4357
22.1810
22.0205
18.6815
25.4611
25.3570
17.7610
19.0194
23.2492
25.7804
19.3838
19.3185
22.9170
23.8517
24.4804
24.9790
20.1118
18.0094
15.7920
25.6074
24.1133
18.3616
24.7749
31.9713
26.5277
25.0589
21.0637
17.0082
21.9896
25.1610
24.0037
25.5318
22.0754
18.1975
23.9345
24.7151
30.5073
22.4281
22.1488
32.8349
19.4274
19.0911
27.6792
24.4906
28.8419
29.2141
21.9278
27.3016
23.3870
29.3229
25.4671
19.2682
24.3401
26.6155
23.1649
19.8296
21.3334
22.1766
18.4684
27.6945
21.4973
20.7586
32.2907
27.5218
27.9306
23.6070
25.9719
30.2119
20.8589
22.6999
33.2392
21.4293
19.7955
23.9335
20.6231
17.1070
23.4658
20.4208
17.1499
29.4044
20.1744
16.3711
22.2333
25.6152
22.5134
21.4445
21.4594
19.6431
20.2902
24.9337
29.4708
21.5005
23.0189
21.9119
22.4421
33.2039
21.5893
19.6642
30.5517
23.6804
29.2873
26.5294
21.6261
27.0919
16.0755
25.4592
24.8065
18.6063
25.4461
21.6612
18.5068
25.2600
19.8998
23.3505
22.4935
25.7070
22.4537
18.8860
33.1177
24.3406
20.3505
23.0983
20.2050
23.9340
23.7003
22.9735
24.7504
20.5078
24.7877
23.7047
22.6879
17.9002
26.6910
22.0964
26.7681
28.3439
32.1721
18.6639
29.3065
20.2936
22.5757
28.8978
18.1288
26.8615
28.2570
29.3412
22.3110
27.6501
19.0057
35.7040
28.4620
28.3339
19.9512
27.5770
20.6380
27.8424
22.9540
16.8579
20.3229
21.3178
23.7664
23.6501
18.9074
20.8391
21.0203
21.0278
19.3709
34.2865
21.8188
29.4885
18.7843
28.3141
25.2996
22.1515
18.1892
27.9920
20.0141
30.1607
20.1117
19.1999
18.0063
35.5775
23.7265
18.5657
25.7761
23.6448
19.7911
27.6556
23.3944
20.9424
22.3763
28.5881
21.1620
15.1177
27.4992
23.1571
30.9833
16.0055
23.6725
26.0645
21.9288
29.3523
18.4923
27.0777
25.0554
28.3613
29.1919
18.0124
23.6732
26.0919
27.0233
19.3584
32.1093
30.0411
24.4227
23.1158
26.1196
23.7124
27.7862
22.7586
21.7474
19.5702
26.8534
32.3407
30.2673
23.1792
16.5778
18.3976
30.5739
22.1509
32.9595
29.2731
29.7440
20.7645
22.7612
29.4837
15.8666
21.6358
23.1624
22.5518
22.3409
24.2066
16.9041
23.4542
31.3804
17.7080
30.4561
26.2304
28.5727
23.7051
21.9169
25.6046
28.6838
16.9117
26.0050
18.5958
26.4682
20.1616
32.8335
22.5468
25.3380
28.8417
27.0582
25.8736
20.3355
25.3544
21.6941
25.9797
21.4988
22.2673
31.2799
19.8557
22.0171
18.2742
33.1902
24.6967
25.2232
17.9177
24.3915
26.6322
25.0398
29.4221
24.7850
23.8709
20.9537
20.5104
22.4237
28.4054
22.1669
18.7568
19.1049
27.0592
22.4016
18.8998
27.4830
20.1621
30.5942
19.8019
18.3204
21.0665
25.6028
20.6021
31.6634
31.3310
30.4183
18.0256
31.7136
25.8181
22.9158
19.8472
17.0857
26.6508
20.6838
25.7488
18.3852
16.4593
18.3021
16.9743
20.9108
22.4336
22.8325
19.0753
27.4773
28.7967
23.8920
19.8209
23.4601
27.1736
23.3218
24.0434
24.2217
19.2427
23.7947
21.1813
25.2969
25.2997
29.1156
16.7786
25.8196
26.0811
18.5916
24.7939
20.0526
15.4104
29.2706
21.4147
27.2706
25.1662
23.4148
27.4186
25.3259
19.6393
24.0619
20.2594
19.6864
21.5972
24.7912
21.6884
22.8832
21.2312
25.7499
22.2709
25.9875
22.2610
27.8545
17.2068
31.1835
21.6102
31.2504
18.5136
26.6847
23.5044
19.0740
30.3059
28.6691
19.3421
31.5898
20.7279
25.2726
28.2265
21.4368
24.3945
17.5675
22.5194
17.8895
26.8883
17.5565
24.6313
20.0956
27.0610
27.1858
26.6483
19.0129
25.7323
27.5517
20.7848
17.1757
23.9788
25.5417
34.3086
18.3642
17.3466
22.4863
21.0247
18.1284
25.0926
25.8135
25.5158
20.9357
28.0776
29.0518
27.1205
24.3421
20.3718
23.7030
21.7809
20.1509
22.3736
20.7223
20.6166
22.6088
28.7751
30.3803
21.2237
23.2453
27.6035
23.7493
19.4521
15.3390
30.3501
29.7596
23.4112
26.0394
19.4444
20.8271
21.3057
19.4119
28.4740
16.8514
28.8795
25.7964
19.2378
28.9000
18.6982
30.9170
21.6324
27.2831
28.8261
17.9133
27.2609
21.4276
21.5528
26.6369
18.2391
17.3587
17.7807
18.7105
17.7625
22.1879
23.1043
28.4149
20.3555
20.4776
28.2846
18.1487
25.6637
22.3569
30.3157
18.4925
23.9115
24.3593
27.7683
18.2852
26.7524
19.9703
17.7612
20.8081
28.1859
23.3249
26.4811
24.0998
21.5235
34.6977
21.8416
19.8133
25.8685
23.5281
24.8154
25.9235
22.4099
23.5926
19.7358
27.2156
16.1705
30.1653
31.3511
19.1697
19.5130
17.8233
19.5251
21.4729
24.9224
19.9372
23.7787
21.9837
30.6184
29.0806
21.1805
22.9657
25.6997
21.8760
33.6395
17.7891
17.8830
20.1211
25.5079
25.8399
19.1168
31.4378
25.9813
21.4144
19.1420
18.5828
25.3976
24.3227
25.6169
31.9457
22.8763
24.2085
29.2306
24.6912
26.4887
21.6834
26.9250
21.4763
30.4018
24.3774
22.3516
31.3836
19.8201
23.7501
34.6255
22.1595
26.3726
20.2540
23.9640
24.3518
30.9033
33.5232
19.9303
21.6411
22.5604
30.9955
29.5718
30.2895
31.1174
20.5992
21.7454
23.4079
21.0652
33.1709
29.4433
31.5756
30.0559
22.0532
27.8879
18.9771
21.9182
16.7489
24.9916
23.5065
19.4535
26.8926
19.9114
32.9714
28.3935
20.0913
32.1390
24.2968
17.7195
30.4459
28.5851
21.1440
18.6253
22.7281
25.6107
31.8296
23.6876
28.9866
32.0040
24.6564
27.0306
23.8350
21.1294
24.5237
24.4339
23.3994
30.3475
24.2961
29.3715
28.2791
27.6557
17.4990
20.2825
19.7395
20.3584
17.7469
31.0481
21.0535
25.8319
21.8646
23.6921
23.6209
25.4346
19.7653
26.0302
24.9939
22.0351
23.1394
15.1032
24.7035
29.2831
26.3935
35.9400
27.3699
26.5867
27.7258
28.2316
25.6163
26.2300
23.4358
25.3105
19.5059
24.7086
29.5732
24.4408
21.8342
19.4294
17.7473
23.3415
25.0297
19.3833
25.3791
23.2725
23.0743
20.7174
26.7883
23.8979
33.1580
29.4200
16.8173
24.2965
24.5262
19.4102
23.9873
28.4866
23.5425
19.9259
24.4090
25.6308
24.7043
21.6965
26.3623
22.6098
16.2348
19.9550
29.8722
28.8281
30.0361
24.1538
23.3000
26.2658
23.6976
23.5948
20.7596
24.6280
18.5015
27.2567
24.3295
33.9708
23.2955
26.5260
19.1288
18.2566
22.1789
20.5363
18.9435
20.6714
26.5320
15.9445
22.1439
33.3356
23.3840
20.9581
20.3181
20.9362
17.6294
31.4946
26.6382
20.6875
22.7560
26.1505
17.5220
19.0815
27.4955
27.6399
21.9995
26.0679
25.4314
28.8259
32.9362
22.2048
28.8697
20.2793
19.9691
19.6191
20.9556
30.2116
27.7291
26.1986
21.9410
32.0005
25.8022
29.0689
22.0210
22.1165
31.2036
25.4150
24.5717
25.7655
27.2932
24.2933
27.6195
19.6763
25.0967
20.6755
19.9260
15.1325
16.0433
25.5475
29.6920
26.6472
17.8428
25.3567
20.8838
30.3414
21.7824
22.7895
31.5504
26.1568
19.6066
17.4633
22.6891
15.0494
21.6387
22.9851
32.8124
24.4374
26.9481
32.2205
29.6465
26.3603
19.4227
26.0704
21.6467
19.4204
27.6248
22.6724
21.9892
19.8514
16.3924
21.6949
19.5238
22.9571
21.3607
21.2389
20.5458
25.2973
17.7858
19.1473
18.8432
22.9619
29.7121
25.9075
24.3630
33.0870
21.7756
19.0825
21.1078
24.8056
31.0206
26.6130
29.0395
19.1119
21.4457
17.3569
24.3290
19.5609
16.7698
25.5461
16.7727
18.3809
21.5680
28.4887
19.7819
29.8447
29.6888
16.8303
28.2280
15.5004
20.9657
26.0094
19.6042
18.5052
29.5663
25.3869
19.5769
19.5819
25.2665
30.5128
19.6198
33.6366
27.8032
29.9953
30.5725
25.1125
21.8781
22.6869
27.2446
23.3792
30.7845
31.1515
24.5029
29.5626
25.2625
27.7135
30.9867
23.0784
25.0118
26.5141
27.0400
26.8983
19.6602
31.5478
13.7968
18.1276
23.7949
20.0830
24.0761
24.3158
25.9487
24.7832
20.9416
24.0431
20.8812
19.2984
21.2576
26.7246
27.8243
15.9058
20.2640
26.9051
21.8935
21.8387
27.3931
18.4343
27.1173
26.0380
16.5137
16.6956
17.8750
19.6578
22.3753
14.7481
34.4337
21.2577
28.9851
24.3319
22.2285
26.6406
23.6520
16.3997
20.5312
31.2253
17.3646
17.3388
22.1094
20.2397
28.5481
26.2582
21.0142
20.5494
22.7343
20.2034
25.2420
31.1702
22.0254
26.6261
19.6983
19.5050
19.6966
22.0432
17.3785
24.1469
21.3674
23.9160
25.2445
28.8887
22.5589
19.9042
18.6624
23.5582
22.0400
29.4653
20.4484
26.4161
18.0954
21.7071
30.1437
20.7789
22.6268
23.7564
15.8269
18.7588
22.9675
28.9575
28.9371
20.5544
14.8908
19.3555
21.5438
16.1272
22.8132
19.9470
25.8375
19.7869
24.6804
29.2382
28.0370
16.5598
17.8815
22.8050
22.6022
19.5352
28.3805
21.5115
27.9849
18.5879
21.5536
24.9206
34.6350
30.4409
28.8751
25.4149
22.2304
27.8523
20.3471
30.1164
21.4596
24.0654
30.1825
18.7193
21.2923
25.4694
17.9625
29.9122
18.5216
22.3774
20.8597
16.6899
17.3588
17.6823
35.8051
16.0362
27.2524
26.4427
20.7756
20.2938
23.0624
22.7630
23.7484
23.7606
24.1398
24.2729
20.5738
24.7676
31.3332
22.1477
28.8637
22.5147
19.7243
29.0283
17.6352
24.1143
17.5942
17.7119
17.9809
20.7169
24.1464
28.4612
20.2193
21.9176
23.5099
28.6202
29.4569
20.0723
27.2356
23.4122
23.1162
30.3322
27.6069
21.5971
24.8659
22.2091
23.3410
27.0655
27.6833
29.1130
26.9163
20.1425
20.5122
29.7367
27.5057
24.9289
29.7701
27.8990
21.3586
19.8418
23.8114
28.3891
22.2902
22.8788
22.9186
18.4287
20.1927
18.4225
20.6458
27.3658
29.2739
22.3082
25.9224
20.9720
15.0634
19.4995
23.9584
21.4839
18.0060
19.2046
33.0427
19.4391
27.8465
23.1244
27.9956
23.6090
29.5640
16.5593
27.2890
29.3904
26.1233
20.5927
19.1867
20.5376
20.0624
27.5805
19.4948
22.3548
19.0044
20.2865
25.5272
30.9915
24.4580
30.3380
20.0647
16.8929
31.9050
23.7118
19.4106
24.1947
18.2378
25.9900
33.5062
23.4251
23.9262
19.5348
24.7382
20.9801
19.8328
20.9210
24.8723
18.8427
22.4667
22.9098
22.7527
27.1111
21.4988
18.4865
16.5054
32.7388
25.0573
24.5950
21.8191
24.6095
26.6135
24.4863
18.5810
21.3115
20.8433
23.5071
21.2709
24.5983
22.6594
24.1711
24.8989
22.4998
21.1135
28.5305
30.2559
19.2853
24.7002
21.0809
28.5750
20.1226
24.6340
28.4450
21.0931
26.1667
19.2537
23.9121
30.2978
21.4476
32.8591
23.6918
17.2909
22.2300
24.5447
19.9143
31.1748
20.4544
25.1267
17.9210
24.0689
20.2888
22.2010
20.5521
25.3478
23.6563
20.5805
23.1515
28.3504
25.9903
20.2470
23.2613
18.8555
28.9097
32.9401
20.1988
23.4275
22.0865
20.2487
19.1399
22.8527
17.3033
20.3135
32.3513
27.5101
17.7650
21.3040
18.2588
17.8661
22.8624
26.5154
24.8564
22.7410
21.8830
23.4105
19.3032
23.5274
18.0080
20.3621
25.7445
23.6343
20.9851
21.3114
24.8727
25.5445
25.2848
26.6373
17.4003
27.8681
20.0656
22.4929
31.5437
22.2206
22.5854
26.8524
30.3275
29.7838
22.3793
24.9542
31.1258
24.7649
22.3340
19.3616
29.2153
28.6913
22.7211
21.1080
27.0493
18.7291
24.8256
32.8574
16.5428
25.2348
30.4069
27.7315
19.0062
25.4560
28.2410
21.6968
31.4858
37.3650
27.5512
23.8748
29.1355
24.8828
28.0449
20.2862
22.3076
27.5064
34.2371
19.5891
25.8671
28.9247
30.6392
27.1177
18.2880
28.1415
19.2675
24.5904
26.6499
22.5792
28.2033
30.0270
28.1653
28.1060
29.3322
20.8597
20.4878
18.8334
31.6211
21.5926
31.6154
23.0082
31.7538
15.9963
23.5431
25.6399
19.2581
27.0127
23.9661
24.5885
20.3829
27.9325
17.9564
19.7472
24.1800
26.5851
18.7983
22.2187
27.1448
25.8887
20.6189
25.6373
29.0658
19.2099
21.6249
26.5665
19.9493
24.6282
24.2315
19.0580
20.4300
27.8405
22.7226
17.8675
19.4539
24.3729
31.5771
23.3620
22.7007
25.2945
25.5144
19.3593
20.2684
21.4409
28.2400
20.8217
17.1369
22.6502
18.7876
18.6421
28.1513
23.9581
20.9465
19.7725
18.6130
24.8917
22.6272
18.8446
21.2274
18.9780
24.7917
22.5949
20.2400
28.2805
15.7412
24.7559
27.3359
28.2913
27.5331
20.1918
27.2837
24.8582
26.2310
18.5205
25.4667
26.5723
26.5066
26.7942
20.6329
20.8395
21.8564
25.0757
25.8547
29.9475
24.1099
25.4481
21.8313
27.7026
17.2203
25.5768
28.7304
23.7697
30.5172
20.5898
22.1953
24.6352
25.9735
32.0017
21.5169
25.3933
20.6167
17.9729
26.7592
28.7805
30.2204
20.7440
29.2074
25.1956
23.3823
21.2691
21.4925
21.4600
26.9838
25.5526
23.8219
19.7827
26.7353
28.7175
31.1457
24.4615
22.5775
22.0038
23.7187
28.1698
19.2895
23.5170
20.5223
24.3216
26.5208
22.8673
24.8986
22.7398
26.5351
27.9462
19.1650
21.2813
18.4652
22.2546
23.8766
20.9522
21.4505
19.2310
29.3196
16.7066
21.6076
25.2129
19.3962
25.8482
17.4386
18.5353
24.7287
30.1455
23.8190
33.1165
25.5361
20.5183
26.2205
19.0356
20.9176
30.1906
23.2231
23.2114
25.5406
27.2849
18.2866
16.5705
18.2727
18.3356
15.6184
22.2329
34.9463
29.4435
31.6901
24.3656
14.4819
29.4127
26.7349
27.3592
22.4079
19.9510
24.2890
21.9980
20.0743
16.6434
18.3396
27.6488
29.0527
27.4546
23.9314
22.3731
21.7279
19.7986
33.1940
24.3230
23.4171
21.8979
24.7516
22.9896
21.7426
21.4130
24.3268
20.9409
20.1470
28.7910
22.3225
21.0602
21.2055
22.0753
25.4493
23.3942
33.7309
22.9207
24.0580
28.7206
22.4451
27.8479
25.6444
16.1020
19.0386
23.9793
23.2085
20.2397
25.6081
19.4761
31.2635
20.6454
18.0439
23.5902
23.3975
19.7053
29.2063
18.0850
19.4665
28.4729
24.8825
25.6926
27.0521
24.0359
23.0783
34.4642
20.4432
28.6076
18.9912
27.7672
22.8295
25.2373
19.1154
23.8219
26.0232
19.0442
24.6310
20.8016
21.3228
30.5960
16.8268
22.9964
19.2265
23.0204
31.3520
29.9614
22.2556
27.6261
26.0020
20.0527
26.0971
19.6019
28.5810
24.2727
18.6790
25.6374
19.6989
23.8313
19.5776
20.5487
21.6476
18.7173
25.8290
22.7476
19.9093
28.1201
22.3792
22.8048
21.3779
25.7121
25.4802
30.1616
18.2184
26.6474
22.2416
33.2661
22.2413
22.2799
21.5420
28.5714
24.6455
23.7375
25.2652
26.9760
25.9566
22.1431
19.5088
19.5614
28.8862
26.1975
21.7501
22.9618
24.5090
25.5210
28.1780
21.5183
18.3905
15.7698
21.0287
34.2468
20.5250
17.9740
29.8548
21.1805
25.9922
21.5176
23.4428
29.0862
20.0368
26.8622
31.8506
17.6327
22.9394
25.5028
23.1864
30.0964
26.4273
22.9050
23.2545
23.0430
24.6024
18.7681
25.3936
26.4907
22.3117
18.4925
19.7115
18.0712
20.0191
34.5016
21.5821
22.6977
22.8008
21.6960
26.8523
29.3126
28.0911
17.8354
16.6493
17.8295
28.6650
24.4019
23.3563
32.6180
30.7900
31.2446
29.1415
23.3417
33.6719
24.0629
23.2404
27.7746
22.4378
28.2819
27.1972
16.6636
24.8888
29.1906
24.4383
26.0012
16.6239
26.9491
17.2142
19.4017
20.3932
23.8228
22.6120
19.4769
23.2307
28.0325
20.9683
31.2201
23.4121
20.3273
21.5052
28.2867
26.2379
24.2071
20.5828
25.3473
18.6194
23.2064
24.1054
24.3173
28.8144
22.0579
25.4271
20.0003
18.9075
21.8734
24.8669
21.0222
20.7015
20.0880
24.4576
30.0561
28.5862
29.5251
33.5764
17.3568
22.2665
23.1328
30.1126
31.8170
29.1960
28.9754
21.9733
26.5268
21.1050
32.4577
31.9119
22.2708
17.1736
29.6996
17.7741
20.8508
17.1513
22.3329
22.8403
16.7331
25.2951
19.0122
27.7580
22.1427
16.4433
27.2577
20.8219
23.6953
30.0941
22.7946
21.4389
25.6301
25.2789
18.9584
23.0765
20.6639
26.5905
22.0151
21.2385
27.9098
17.6028
17.7100
23.3853
22.8775
20.1576
23.2451
27.8835
31.0077
23.0167
27.8179
25.8559
26.9491
19.8630
25.3620
26.6330
32.6292
21.0099
17.1000
22.5648
19.5555
18.3499
28.4167
34.7057
18.5414
25.2006
18.9183
24.2105
23.9454
24.9763
27.7719
21.5689
23.8441
16.9151
22.9931
34.6863
22.5299
32.6363
19.2301
26.6881
29.0040
22.8893
22.7107
21.9149
31.1366
21.0843
21.1943
22.3011
21.8911
16.4213
21.6296
31.0296
22.9943
30.9241
22.2107
18.0465
24.8647
25.3608
21.2736
22.3445
20.8056
16.7600
27.2858
23.3551
33.2119
24.4138
25.6425
25.8773
17.4850
25.4086
28.5745
26.5937
22.4774
23.3648
19.4260
25.5853
24.2125
29.5862
21.7184
25.5631
25.3881
27.4967
27.0728
19.8048
30.6845
30.3054
25.6660
25.1430
22.8824
28.2358
31.1014
28.0729
30.1282
22.7435
26.2542
33.7979
21.1134
25.5623
23.6764
24.0766
20.3841
19.8978
17.9399
24.4245
26.4082
20.8968
13.7669
35.9321
17.0985
18.9053
16.1827
22.5802
30.5118
25.4681
27.0847
31.9902
20.4146
27.5424
18.1253
19.3458
23.6106
16.5540
25.1777
25.6304
22.7357
21.8073
27.1849
24.3100
18.1262
23.5767
18.5346
23.9545
21.5650
19.7654
18.6307
18.1798
21.8440
18.0312
24.2933
25.5991
19.8773
27.0506
19.3058
15.8861
25.3539
33.1682
25.8220
22.1554
26.5362
22.5433
21.6214
23.4867
22.3975
19.1866
30.5874
22.5235
32.1108
26.5207
25.1433
25.4782
28.2560
22.2587
20.7600
23.6874
24.9734
17.9066
26.8918
19.6449
27.2000
21.9968
17.9319
18.7346
19.8585
22.8052
24.0299
19.3210
19.6686
33.3872
17.6483
24.9347
21.3868
27.5475
21.3384
27.5955
22.7500
22.7195
17.6018
25.6287
18.1176
24.3490
23.2808
20.1082
23.5901
21.8487
22.0711
18.3834
33.3180
28.7359
22.8549
20.3606
26.2560
20.7840
25.5293
21.0603
32.3778
24.2920
27.3040
29.3595
18.2043
25.4716
25.9036
25.1590
29.1432
23.2591
31.9335
24.5279
28.9156
18.8791
28.2223
25.8207
29.8260
22.3810
30.6982
22.5108
23.2168
34.7824
19.6510
22.0488
25.5299
23.1739
29.6237
26.6433
29.9508
21.4954
20.0256
27.1562
20.3191
23.3908
19.2613
18.7008
30.1442
25.8757
20.1650
29.6169
21.3415
25.1069
26.7921
27.8260
23.2091
19.3685
27.8828
20.4184
27.9689
25.7370
17.0949
17.9281
22.6611
17.9649
24.9905
19.9931
20.4084
18.3323
28.3857
19.8539
25.7499
17.1788
19.5825
16.8690
17.3364
31.2339
27.6445
24.7666
27.0171
25.4883
17.3698
22.1103
22.3499
21.0593
20.0637
27.2375
22.4693
21.9707
18.2936
30.5138
18.3015
18.6577
21.6597
34.3794
24.1915
22.0157
22.9596
20.8677
26.2105
26.3104
19.4764
22.0082
30.5567
22.2375
24.9845
21.2124
24.6939
26.3916
20.5317
25.6100
22.7675
24.7158
26.6378
23.6605
28.7757
21.3228
19.8569
18.0558
31.6176
27.6910
20.0512
22.2476
23.7702
22.8794
20.2643
27.0145
21.8211
19.6514
26.1628
24.3883
27.1609
15.2645
23.9715
30.9776
20.1486
20.8739
22.4945
22.0199
23.1910
25.6039
20.7344
31.6448
17.9408
26.0048
23.9756
24.6412
18.4271
22.2999
29.3757
27.0433
28.5679
17.1420
26.6709
26.0486
27.3837
23.5134
24.5220
19.8937
20.0312
22.1623
20.2514
23.4610
23.7383
25.9121
23.2137
20.4460
26.7708
30.4177
19.6965
26.5985
19.0337
26.7348
22.3886
20.1965
19.0427
18.4821
21.8608
18.6965
19.2798
18.5104
26.0160
23.1866
26.5028
24.2571
26.8487
17.9707
17.6799
25.4390
21.8330
31.6157
23.7144
19.1102
22.4618
25.5288
21.1425
22.2815
19.2396
30.1294
22.1704
25.2646
25.3226
29.6543
23.9809
22.9299
20.3671
21.7300
19.4103
27.7379
32.5385
17.1942
30.8037
17.1493
17.0167
20.1571
30.8246
16.5410
24.7786
22.3469
33.0597
21.6091
17.9773
25.9619
18.3643
19.8532
22.4839
27.1148
24.5307
22.5848
25.7629
22.2202
24.0846
26.1303
26.9599
24.6240
24.7235
22.2163
28.3849
26.3506
30.6129
27.8364
20.3136
22.4974
24.8742
23.2253
31.1034
15.7997
24.7596
20.5922
26.2528
22.0102
22.6656
24.4247
34.4187
20.6267
27.2514
23.1822
26.5450
27.6288
32.1569
22.0763
28.0202
21.0243
30.6720
25.6658
29.8237
32.1198
25.0505
16.8606
18.0082
22.1220
26.2250
19.4729
32.1978
26.8655
29.9304
28.8686
19.1042
29.7589
26.7810
30.8900
30.4911
18.9280
17.2132
19.5132
25.2592
25.3910
16.3900
23.4282
31.6518
24.1646
28.8680
20.4058
19.5267
27.1872
26.7449
17.3031
28.3381
22.2355
33.6321
23.6699
22.3422
18.5190
19.6771
19.4897
32.8907
17.8309
22.5417
27.8295
25.5180
22.2318
18.7271
27.7797
19.1156
24.5420
24.9480
28.4562
30.6407
31.3181
22.5942
23.8671
29.3453
25.6967
28.6430
19.4903
26.4634
21.3161
23.8463
25.4372
21.8671
21.0935
32.1514
26.2120
24.6499
15.2992
20.6261
26.4019
27.2358
16.2002
17.8433
22.3892
32.6626
19.6980
22.1071
24.4805
30.5148
27.9850
21.4410
24.6864
21.6376
21.9123
25.4164
28.2176
27.7501
16.8823
28.1174
21.2165
32.2021
27.7217
26.9294
20.8236
24.9664
15.9791
29.6249
23.8750
23.3562
25.2063
23.7359
24.0571
21.0017
21.6879
28.4011
21.7222
25.1734
24.8088
25.6005
20.5986
18.5450
22.0710
19.2393
27.7260
20.8158
13.7412
20.9333
18.0549
32.8637
35.1312
25.3259
24.7209
27.0789
27.6471
21.9518
28.7038
24.4513
22.8761
28.2811
28.9867
19.9232
25.1030
13.9580
21.8518
23.0813
26.4261
19.9722
24.0503
22.1455
22.3988
25.6169
18.2044
23.0352
26.0076
23.6867
32.3879
21.5476
32.8821
20.6804
16.0716
26.3397
27.0858
18.7275
28.9769
23.7516
29.6307
31.9595
27.0427
32.6217
17.3844
19.2278
19.5611
27.2701
28.5361
29.1702
21.7277
21.4792
24.3704
34.1358
29.9810
31.7572
28.2631
23.5056
22.7167
26.8090
29.2236
20.4545
27.9576
26.8847
17.2583
26.7192
21.0828
29.2871
35.9751
25.0856
20.0457
25.9839
26.2466
29.6046
31.0804
24.9099
23.4650
26.0397
21.0491
26.5035
25.8373
21.6869
27.2166
19.4785
28.4019
20.9467
18.6348
29.5817
24.9480
21.8785
21.1653
21.8586
19.0298
24.2299
25.4468
19.8563
21.5337
23.6995
29.0208
21.5871
23.0684
23.5323
22.4622
26.1630
19.3399
20.0179
22.1595
21.8784
22.2278
21.7986
18.0930
20.0328
28.2544
24.6381
19.7330
21.5138
21.9543
21.0468
29.0220
22.3526
28.6352
32.4310
21.1766
18.8731
25.0690
21.8569
22.6376
19.8245
22.3540
20.1878
31.7696
22.7851
20.9396
20.8807
28.4729
26.2643
22.8004
24.7597
24.9985
25.8431
16.1969
28.0899
29.0059
28.7371
21.4905
26.6649
23.6855
20.1737
26.3011
21.7454
17.1981
20.4855
18.8308
22.0888
28.7326
22.9050
27.3672
21.3044
29.7294
19.8991
29.6402
26.6884
27.3751
33.4946
20.4508
30.2530
25.8708
26.0791
18.2382
22.6551
27.7842
24.5862
26.7469
30.3216
17.8538
18.6202
23.5070
23.2296
23.4247
20.7513
23.1131
30.8081
26.3888
22.5677
33.7088
21.3383
19.9195
23.0670
18.0531
25.9450
20.4351
23.3827
24.0786
16.6931
20.6667
20.5884
18.8007
28.9789
24.3499
29.2343
24.3542
22.1656
22.7995
21.6434
21.8265
15.5438
24.8313
25.7580
19.0138
31.6982
24.4988
20.1030
20.9908
17.2926
23.7039
30.1744
19.3584
31.9192
20.1720
20.4877
25.5148
25.8699
20.6946
19.7871
24.5336
28.9920
26.6547
26.5392
23.8746
24.0836
25.4403
19.5566
19.9607
22.3122
24.8101
21.4932
22.4577
18.8956
25.7436
22.1860
26.6710
26.0939
31.1788
31.4792
22.8192
21.3551
21.1961
22.2088
26.9356
24.9728
23.3399
19.2908
25.5719
19.3786
29.2056
19.2929
20.6616
27.1432
30.7931
26.2334
28.4054
26.2953
19.1403
21.5779
18.3921
32.0218
23.8808
23.1328
23.8340
26.6861
17.6883
21.3179
20.0480
23.4441
15.9442
19.9013
27.9289
29.0823
18.1366
26.2247
28.4793
19.6838
19.1405
18.0598
29.0228
23.2992
28.9432
23.5793
28.3088
27.9135
26.2712
28.0283
30.1139
29.9310
19.6736
31.0757
26.1145
19.2534
20.1432
23.9156
21.4091
19.1763
26.8206
16.7362
27.0005
23.8874
27.6750
24.5836
26.8794
25.8473
20.2055
17.3258
18.5634
20.0679
20.4382
22.4299
28.4972
33.5403
30.3531
19.1852
19.3903
25.0644
21.8482
29.7428
29.4965
27.1083
19.8473
26.8437
28.5716
26.7799
25.0828
21.2524
25.5438
28.2588
23.6885
15.9933
20.7024
28.3474
22.8509
20.2752
21.2882
17.3281
25.3032
25.1272
18.0446
24.9237
22.4209
21.0240
25.3529
22.5116
24.3909
22.3647
22.9912
21.1704
24.3248
25.3894
17.1759
19.7861
30.4696
21.9360
20.5928
18.6002
21.1432
23.7340
24.5592
24.8278
32.6739
24.6189
32.4506
21.2948
28.8009
21.1998
23.3001
33.8847
22.5499
26.6736
16.0510
22.6611
21.3365
19.0357
22.7589
28.3946
17.0871
24.5333
21.8499
22.7670
27.4723
29.3766
29.4555
26.6117
20.3035
29.1111
32.3527
18.8310
23.3783
20.6621
33.7195
25.2933
16.7728
27.9745
19.2713
17.3338
21.4115
20.6637
25.1078
23.4192
17.9228
19.0062
22.6712
26.4844
27.2475
26.0535
23.4669
20.6650
22.8585
29.6326
23.9728
22.5114
25.2818
15.0563
25.5311
26.2369
18.2936
38.5625
32.0805
18.4065
21.6531
28.5214
28.9992
20.8405
24.1862
25.5201
27.1326
19.0221
32.0097
26.1465
24.6873
19.8754
25.0920
26.9044
20.8818
22.6702
25.4056
26.9118
24.1154
19.5879
30.5166
23.3709
22.5991
27.4551
25.0942
27.6781
24.0850
26.4598
21.9301
17.9273
18.5191
22.3641
20.6033
23.2186
27.1848
20.7670
32.0888
20.2052
20.9725
22.7660
25.3783
33.0427
21.1174
31.7250
21.0528
26.2493
14.7276
22.8540
25.9272
23.2575
21.1881
24.3358
21.0349
23.7426
22.4569
21.9492
20.2469
20.1336
18.9751
27.0769
26.2053
24.6613
20.8949
25.1795
22.8393
19.9521
29.7108
23.7744
32.2936
21.8343
28.5927
26.9162
19.1068
21.0389
20.8562
27.6177
24.9517
28.7530
19.2577
19.3686
31.3250
35.0523
22.7592
27.3561
18.6116
26.8165
24.4976
24.3922
29.2819
34.1780
23.8180
18.4257
34.7706
23.3943
24.3765
27.9181
18.5302
21.3827
28.2163
19.3898
27.5003
20.2521
19.7967
29.0290
18.7149
25.4245
27.7875
22.4516
28.5279
32.7108
27.6418
28.3454
22.4327
20.8534
26.9387
23.3432
22.4103
21.6740
30.1470
23.4410
23.2643
18.6131
19.4792
23.1242
20.2251
20.5869
27.1456
18.4126
20.3058
17.2858
21.4816
23.9053
26.4910
29.0060
25.4527
22.7748
24.4950
19.0079
17.6710
19.3255
26.3327
19.7311
26.6692
21.6309
19.9673
23.8551
18.1976
24.0105
26.6539
19.1089
31.6761
22.7809
22.5557
22.6509
25.8275
30.0934
31.0645
31.8399
22.4960
23.2185
23.5054
17.4694
19.1457
27.1828
20.6087
28.6812
27.4400
24.3765
22.8370
27.8843
22.3110
30.3370
25.3146
23.9024
23.2142
23.6511
21.9153
24.5027
28.6180
31.0658
31.7007
30.2918
28.7424
23.5757
21.5189
32.2380
22.1159
23.2510
24.4718
29.5104
19.1928
20.8462
27.0736
25.0042
25.5975
33.8319
18.6850
17.3269
25.8324
21.0799
20.6001
23.7341
19.1743
22.0348
21.6470
22.7511
23.1778
25.4047
22.4462
21.7316
18.3011
29.6677
21.4839
20.5661
29.1835
17.6463
22.1557
20.1939
20.5692
29.7747
18.4442
26.3852
26.3819
19.9866
21.9515
19.5104
21.7077
23.2764
24.6726
30.7976
20.0162
18.1896
26.9023
33.5118
20.5286
25.0362
31.5045
23.5731
35.1073
23.0690
22.9275
18.0352
21.0659
17.9996
25.8573
19.2858
21.6319
18.4350
21.0356
28.6864
21.3558
15.6339
18.1989
20.8202
24.5499
20.1944
34.6878
17.5274
27.7229
27.8036
21.8326
22.7598
20.1352
19.9359
18.0199
25.7610
26.0135
30.6146
19.1621
19.7362
27.6434
26.7114
23.3306
30.5136
24.6775
18.4432
23.9617
22.6380
25.7856
19.1396
19.0595
23.9168
18.4976
16.1922
23.4700
23.0493
20.0690
27.3291
23.2201
21.0635
17.9667
19.2490
27.5930
21.5447
19.8670
33.2821
24.8962
28.3900
19.2802
32.5689
23.9587
33.4392
20.6704
26.1726
23.7145
17.7160
17.7427
26.6270
18.4296
21.0089
20.2512
18.6721
15.5718
15.4393
17.3862
18.8705
25.1247
23.4836
31.5567
25.1759
22.5095
22.8442
26.3890
28.8444
25.0727
22.8316
24.6387
24.2187
22.7799
19.0564
24.1414
21.4203
26.6487
29.3638
26.0269
22.2015
21.5022
30.1002
20.5217
33.8441
28.6058
20.3618
23.3587
28.1510
21.2511
22.8138
22.4410
18.2395
32.8454
29.6095
26.5514
28.6390
24.8159
15.3724
25.7504
27.7192
23.5033
26.0820
26.6851
23.9916
22.1968
24.8624
27.5203
28.9025
21.9244
21.2987
20.6494
30.6970
25.5647
27.0396
20.0005
25.6554
29.7778
32.6654
23.9975
20.4702
31.3706
29.0841
20.6846
16.9890
28.5506
22.3631
20.2167
25.6763
23.1586
25.0690
29.4621
19.2330
19.6885
26.1001
25.8938
26.7285
27.8300
26.7662
21.3675
24.0012
22.9475
29.9164
18.9883
23.6040
22.8096
33.8092
19.1986
27.3215
24.4490
20.6170
17.6265
18.7994
21.3128
27.4238
28.0501
20.3938
24.2966
19.6959
21.7677
19.9509
19.8409
18.1235
24.7926
22.3371
28.7158
20.0636
21.7281
17.2834
23.8385
21.9385
23.9512
25.3700
21.5962
16.9312
20.4081
18.8105
22.0317
18.5506
22.9013
24.5753
19.3528
21.8864
23.0777
26.0620
28.0501
25.1078
26.7845
32.8910
18.4878
20.2191
28.6708
19.3984
20.9590
24.0042
25.4303
24.7244
30.5810
20.8637
28.8501
23.5888
26.4303
23.8955
23.3194
24.9584
25.2939
20.9375
22.7402
25.0296
21.8918
25.3899
23.3070
24.6606
18.3178
23.5725
27.4012
16.3375
25.3980
18.7722
26.2197
24.7673
22.6026
23.1751
26.0921
19.3079
28.7927
24.9682
22.8432
32.1495
22.1350
19.8632
24.5715
19.5160
16.4436
18.0897
21.5125
20.2005
23.1325
27.9692
23.0609
20.8664
33.7721
36.0464
28.5380
20.8899
20.4992
27.1507
19.4999
16.4539
24.0568
20.9968
23.4514
19.7030
27.1371
25.9143
25.1587
21.4589
20.3636
25.2185
29.7130
26.2657
26.1503
29.9116
20.1389
24.2916
33.2992
27.9982
18.7467
21.8861
22.7638
20.1430
22.5748
23.4171
18.9861
17.0141
16.1073
16.6496
33.0766
26.8958
28.7999
19.3713
22.7691
18.7059
20.6406
19.5156
27.1686
23.8199
24.0093
25.7718
25.4779
24.1892
16.8076
29.3868
36.8649
26.6871
26.8796
29.5398
29.4961
30.1020
27.0934
28.8057
20.6839
24.8355
21.0384
32.3891
26.5281
29.0289
29.9787
21.9751
29.9793
22.6524
21.3397
24.1674
24.4037
26.9600
26.6792
21.7080
18.5189
29.8958
22.6966
20.4582
20.8075
18.7111
26.2099
21.8983
28.0851
18.8432
25.3494
16.5002
31.9017
27.2746
33.5895
20.9955
22.2564
20.2609
19.9457
26.9700
23.1575
19.3783
27.4663
21.1868
23.3209
23.6896
21.1972
25.3908
29.6642
20.6838
21.9746
17.4110
23.1975
28.7936
21.0075
26.7547
16.9218
26.6859
19.0175
26.0377
20.5055
26.2136
28.2301
25.2358
31.1587
16.0573
20.9554
17.9830
20.7365
20.8422
25.4257
18.6836
30.7016
28.6839
24.5305
22.2153
17.4780
22.9674
19.7073
18.9448
25.6467
29.5382
18.7678
23.0943
21.6532
20.6878
22.3757
21.7531
23.2173
20.3264
26.5506
21.3897
23.2782
19.6498
24.2320
17.8410
19.0092
23.2581
20.6184
26.0164
25.5752
18.6008
25.1402
30.0294
33.3854
19.9403
24.5338
20.9598
22.4314
23.0453
17.0822
34.4629
29.3264
29.4030
23.8156
22.0075
18.5212
27.0360
26.2321
20.2957
23.7178
31.7220
24.9687
26.9536
21.3263
24.7597
28.8856
24.0721
23.2432
23.7244
23.9140
25.5223
24.3320
28.0420
20.9994
19.5052
24.6328
21.1234
23.4293
33.3614
16.1974
22.0296
27.2730
36.2762
26.8533
22.4449
31.4772
27.0245
22.7238
17.1163
19.2019
24.7746
24.6342
21.4234
24.0034
28.8729
29.6984
21.7122
24.8788
26.5253
18.7911
21.8868
23.9406
18.2955
27.4543
22.8790
24.5350
18.2948
30.7926
24.6960
19.4222
21.5577
24.9201
18.3640
20.7552
26.3675
23.9726
16.7446
23.6077
23.1875
19.0277
21.7066
17.9590
19.7058
19.6755
24.2401
21.4197
23.1996
16.0484
21.4313
18.3450
20.4027
24.6562
31.5822
22.6954
19.6329
24.7031
21.6538
23.1640
26.2779
27.3026
18.0859
21.0721
27.0560
23.6294
29.6177
30.1528
23.1787
20.3058
22.0536
30.8672
36.1417
24.3962
15.4937
22.1457
18.5573
22.3621
34.7154
33.8874
25.9593
19.7337
26.3310
22.5432
28.9458
21.3769
17.6620
27.9454
19.8401
23.4726
18.5347
27.6430
19.5390
26.2093
31.6360
23.2006
18.3295
25.5740
24.4200
22.1240
22.1936
29.1899
26.6246
16.8832
23.7108
29.0731
20.1727
26.6375
24.8292
26.1061
33.6275
16.8304
19.9366
24.3270
22.9103
27.1946
23.1910
32.8756
22.2642
18.6469
24.5276
24.4908
27.1277
25.0303
23.3717
25.4010
29.5710
15.9933
26.4829
30.2161
24.7562
22.9996
21.6307
25.4306
25.5485
29.6174
25.6413
24.4372
28.7094
27.8931
21.8016
23.1746
30.2673
23.3511
24.8480
25.7790
17.6877
24.6834
33.2216
24.3841
17.0002
18.7732
29.3113
20.0321
20.0463
31.0311
17.7416
27.0340
24.6464
20.3048
31.4796
20.2852
22.6132
23.3469
28.6949
19.5247
28.0401
17.9484
25.1283
28.0300
27.3967
23.5367
32.9234
24.7808
21.6747
28.3858
18.6865
20.9742
31.6937
27.2087
24.3742
22.9411
24.9346
25.9043
32.8059
26.4830
21.1813
28.8899
27.9984
20.3838
26.6020
23.9027
20.1201
25.0790
21.9997
30.4244
26.6986
26.4891
19.9895
18.9964
26.0684
26.4397
22.3830
22.9302
31.0895
23.5170
20.5508
23.5916
27.1153
30.2161
29.9514
32.5114
21.6352
19.8236
25.0272
17.7809
24.5121
21.3338
23.8422
20.1387
29.8172
18.7776
27.6002
19.9582
20.2172
18.7758
30.2070
29.0749
27.1379
27.4080
16.5357
19.3225
20.7324
37.4862
25.0264
20.8235
18.2360
18.4320
23.5799
22.5944
26.1389
27.4397
17.2275
28.1669
31.3976
23.7767
28.1814
18.6706
18.3595
25.7729
20.3937
31.2931
22.2330
25.4784
24.3419
26.0456
30.1881
24.3659
17.7402
25.7914
21.1510
22.2951
29.5372
22.7184
27.9883
29.1004
23.9881
23.7592
16.9117
29.1149
20.2482
27.9734
26.8208
28.1985
16.9566
28.0764
22.5501
19.2968
20.5607
22.3394
18.9683
25.8816
29.5675
26.7518
22.6093
26.3789
23.5974
30.0790
24.1361
22.7030
26.7790
20.8094
28.2879
27.2993
21.5949
28.4720
22.6244
20.1467
21.5271
30.6879
28.6211
24.5298
24.1960
25.6333
35.1425
18.9065
16.9875
26.6003
19.7949
22.9929
19.5342
17.8079
18.7831
22.6977
17.5957
25.4800
23.9692
25.5047
19.7934
20.0930
25.9660
21.0370
21.7961
38.7802
22.5449
27.7923
19.6422
26.2381
21.7526
20.6953
22.8173
25.5201
20.9765
28.8161
23.3053
22.7473
31.1973
21.3393
25.1573
21.7656
26.3534
18.3242
25.9560
23.4006
25.6722
19.9656
20.9660
27.1804
25.4111
24.2474
24.0886
24.7469
21.1033
18.8835
35.6420
19.7826
21.7612
18.8341
18.7285
34.7799
19.3286
16.9736
17.8757
22.9757
24.9621
24.0523
24.0796
23.3413
19.4914
22.4827
22.5083
28.3417
19.4443
23.7071
29.4610
21.5404
21.2216
22.3514
32.6917
30.8234
25.2329
27.3715
24.2386
25.4952
20.0860
32.2808
19.6570
25.6970
19.3388
26.9875
29.3102
22.6834
17.9048
27.3393
23.6144
19.4118
29.8713
24.9111
22.9286
30.6559
25.9552
23.3123
23.2126
24.7058
26.2830
21.9800
14.9860
19.9505
31.1714
17.6817
32.3616
26.9479
32.5886
21.3819
17.8561
27.3093
19.2241
20.4652
21.7923
16.9169
22.8073
28.6194
19.1398
21.2947
16.7982
19.3076
28.2926
21.3933
22.7342
21.1071
23.9016
33.2834
24.9547
25.3715
24.2983
25.3925
29.3611
27.3875
24.6096
25.8193
27.7722
24.1199
21.9654
17.1829
28.8388
19.0614
29.4446
25.2604
27.8224
29.7010
20.1472
23.9762
19.1747
21.7772
25.5040
23.7544
17.6207
19.8587
21.4248
20.9955
35.2622
19.5185
32.4459
19.7196
31.3936
22.5307
24.1706
30.3064
26.9712
21.0239
20.5866
31.0427
33.9035
27.1377
23.7009
23.5668
19.7689
35.8918
20.6451
19.8638
26.5677
24.5966
25.0613
27.0105
31.2489
26.9300
18.0378
16.9410
19.1929
18.9996
27.4555
22.8163
30.8304
19.7821
22.0736
24.5737
29.2386
28.9170
20.5137
18.6367
32.4944
23.4420
22.5895
23.9779
22.0858
25.1019
18.1669
27.4369
21.5556
24.4772
24.1337
25.9025
30.5687
17.9774
23.6266
23.8240
24.7584
20.4221
22.5885
16.8578
24.0753
22.3385
23.8372
33.6648
29.0501
24.9361
27.5947
20.9443
22.4615
32.7455
24.6051
20.9775
18.6575
24.8833
25.4507
23.8105
18.6944
25.7602
23.2641
17.5026
22.6139
29.5892
26.1728
35.2263
29.1175
15.9195
30.5694
24.6592
23.9706
16.3894
21.7356
27.6293
30.5771
17.3201
20.4890
17.6192
25.0874
21.1647
25.3079
31.4228
24.3462
27.6794
19.9970
22.9549
27.5436
20.2630
25.7247
23.1338
25.9787
27.3497
25.0431
28.0932
19.7368
16.1646
25.2512
29.8730
25.2623
20.1477
28.7029
31.7625
27.3610
18.7271
27.4649
31.2935
18.5888
26.3947
20.3877
22.0728
28.2627
27.9614
18.7539
29.4824
17.3859
28.9663
23.7432
21.0797
23.9105
31.8731
29.6579
19.4943
22.5876
27.3785
22.6007
29.3856
25.5862
18.5889
16.8129
27.7658
25.3252
17.5897
25.5850
22.5258
31.6817
22.2944
27.6222
31.6153
20.8408
20.3724
17.3738
27.5137
23.4464
25.2189
21.3597
21.3288
30.4123
21.7595
32.9455
26.0462
22.3435
24.8911
16.8670
21.9687
25.3892
18.3038
19.5848
30.6693
24.0817
20.5004
32.6583
21.3507
19.2121
17.4443
20.0262
24.0314
28.3816
18.4790
19.4973
27.2965
28.0910
30.2238
26.8887
23.9582
30.5847
29.4810
20.5335
21.7710
22.7213
22.4317
28.2809
24.6577
19.5754
29.7574
33.3717
18.0392
21.4288
30.9175
27.3390
24.1335
28.2451
21.9604
17.7882
27.1227
21.5362
23.8658
20.2080
22.3277
25.4676
16.5498
30.4590
22.4917
29.9908
28.4818
25.1417
31.8160
26.4239
19.4456
26.0994
22.9522
22.3660
20.1118
22.8802
28.0719
22.5042
27.5126
18.3319
29.4301
20.4440
23.2450
18.3025
32.4466
18.8393
24.2511
28.5349
21.0163
26.8998
26.6234
23.7285
24.7710
24.4080
26.0817
21.7030
31.9632
34.4787
26.6232
20.9878
18.5910
21.8502
24.2842
29.4556
24.0670
19.6041
26.9245
25.1208
21.3567
20.1065
29.4343
20.0633
28.1582
21.8682
22.8727
15.9674
25.2718
26.2772
21.4112
29.8558
26.2196
16.4655
27.0099
17.3606
22.2330
21.8124
31.1410
35.3668
29.0759
19.1041
22.7791
25.5886
18.7893
26.6638
31.0520
18.9055
21.7469
21.8155
21.3199
27.5897
29.9158
24.3880
18.6621
30.9559
23.1101
21.2058
24.4458
24.8493
22.5540
17.3575
17.7360
37.6038
17.6328
25.9374
20.0550
21.4007
22.8182
26.2677
25.3877
19.8603
29.4430
28.5902
29.1983
20.7023
21.3977
26.9832
27.5922
19.5413
26.1642
24.0990
25.1968
24.1307
36.5905
30.7539
26.9511
20.9152
28.9720
27.6055
19.5859
25.5786
25.6226
27.3030
27.1229
29.1393
25.2520
17.7788
22.5986
15.7815
22.7550
32.3355
24.7799
17.2656
25.2564
18.6031
22.3928
22.9973
22.6121
18.7279
19.1801
21.5697
24.0336
30.3440
28.5339
27.5554
27.2179
20.6981
23.9402
26.8056
21.7052
26.9262
30.4964
29.2204
24.0169
21.0957
24.6362
30.0612
31.4237
20.1125
27.8228
20.8247
22.4651
24.8425
29.0594
24.3053
27.4196
19.9421
25.5409
29.4746
25.5306
19.9695
21.2086
25.4484
19.4877
24.2852
22.9415
21.8281
22.6233
22.7270
21.9731
27.1498
23.0601
30.1197
28.7972
18.1242
30.4425
24.8483
27.4804
20.4579
16.8442
19.7411
21.6876
23.6099
22.7150
21.7185
31.0631
27.6161
18.6055
21.4825
19.1607
22.0376
27.1582
27.5889
21.3679
22.6691
15.4744
31.5182
26.9260
17.9813
18.3333
22.1941
26.5500
27.9995
26.0399
28.8338
22.0058
15.8799
31.4405
28.3554
25.8424
22.9264
27.2365
32.3001
27.7325
18.5973
16.5501
18.7261
26.0151
23.9285
20.8752
28.0228
22.6620
24.4506
18.8586
20.6442
21.7545
28.8727
23.9713
25.0217
18.9284
23.4289
26.9206
18.1555
25.4926
31.0190
25.8952
25.2899
18.6344
31.3951
22.3330
21.0447
29.2933
18.8089
19.8935
26.9197
28.8912
33.0347
27.2247
25.3675
23.7530
35.9409
26.6526
21.8132
31.3543
28.8952
25.9978
24.5927
20.9926
15.7981
23.3093
21.2525
19.7565
24.4851
28.9587
27.5067
26.2332
20.3491
21.7849
27.3585
24.8601
30.1109
27.7550
25.8994
22.3942
26.5565
22.2553
18.8050
23.4054
33.5049
20.7358
19.5723
20.7838
22.5018
20.8539
15.3336
26.8980
17.0358
23.1429
23.9155
25.3803
21.0044
22.3711
26.7599
29.8097
20.1841
26.5145
22.5068
31.8981
25.7701
18.3747
19.6908
19.6251
22.4069
31.0767
27.2547
30.5573
19.0568
25.1361
31.9256
21.4924
23.0099
23.0165
27.3269
24.6415
29.4120
25.4132
26.9363
24.7003
23.7688
23.0192
19.7393
25.7748
17.1563
28.2793
26.2701
30.5573
27.9251
24.3043
24.0966
16.8149
36.2648
30.9973
21.7166
24.7986
21.9371
29.1414
26.3229
26.2662
18.5889
22.4986
24.8737
22.0940
26.3171
28.2292
30.4786
22.9865
19.4195
23.3353
28.5041
30.5595
27.9763
23.5364
20.9252
22.8778
30.0979
22.1366
19.5454
29.0019
26.2316
25.4007
25.2571
18.2741
26.8779
20.7469
23.1946
23.2013
30.6090
23.8155
18.6115
24.1011
21.7499
29.8847
29.4392
26.4377
24.0491
25.7641
26.7672
22.1649
20.2090
20.8795
28.1815
23.5624
27.2419
22.9806
24.1132
24.2918
27.4015
27.8624
17.2562
25.6521
21.2998
18.4630
19.6997
31.9874
24.3626
21.0754
21.3162
23.7597
21.6935
21.2044
26.5916
18.7231
22.5026
17.8740
16.7482
22.3509
34.8457
21.9178
22.6422
26.5014
24.6875
20.1404
29.7292
19.1142
30.3995
25.7309
23.4398
21.1935
28.3388
17.5080
23.3862
15.9367
31.9515
21.0482
29.3100
23.7948
25.3361
25.0815
22.0943
16.6296
24.9477
24.1141
27.4881
18.3509
25.7112
33.2694
18.5691
16.8914
23.6402
18.8640
23.4208
18.0572
19.6186
21.5402
26.9632
22.5534
21.7049
26.9940
29.8678
32.1346
19.2956
28.8589
24.0517
25.3938
26.0765
24.9529
24.6610
22.1485
20.0933
33.9905
18.7843
21.8335
19.7597
18.9519
23.3597
27.9098
24.4374
21.3486
20.8019
27.8946
30.3493
21.2510
26.1924
21.2258
24.6897
24.0364
16.1439
24.6260
17.9466
27.5861
21.2441
23.9027
24.9951
21.1824
30.8367
24.1871
22.5075
26.8647
19.4519
23.5520
20.6089
30.6335
30.6204
26.7724
21.0382
31.3385
20.8390
25.3635
21.6830
21.8726
20.5294
26.1935
24.0299
19.7978
15.4506
22.0729
18.6224
17.6987
24.3475
25.8845
28.9658
25.5857
23.9433
20.9522
32.3733
25.6855
22.6111
32.1772
20.7021
24.1973
21.7645
23.7125
17.7748
24.7200
21.7132
22.4316
17.3350
31.8089
27.3851
18.1727
32.0118
19.8491
21.4219
20.5674
23.9434
18.2472
23.2532
30.8052
21.0587
21.7198
19.7507
27.9891
21.2303
22.2899
18.8537
23.5319
22.1358
21.8092
18.3405
19.0204
25.2821
27.9599
26.1798
28.3415
19.9883
26.4759
20.8759
24.4774
20.5073
20.5090
29.1307
27.6998
18.4669
28.4239
24.0887
27.2119
26.8989
21.7510
19.5363
18.7202
23.1947
23.7036
28.9323
23.0340
23.3443
22.6047
22.2932
25.6662
24.2536
28.1587
27.3384
24.9480
22.0358
27.5666
29.9774
18.3071
24.9053
26.5474
20.2762
33.8333
20.2604
30.7987
22.6242
23.9564
29.2262
28.6836
30.1397
23.2245
26.2491
25.2697
19.3643
22.0537
27.5589
22.7039
26.2967
17.8265
25.5374
25.2262
23.0970
22.3763
25.0275
25.2318
27.8233
21.9255
27.6613
21.6895
28.9095
21.6294
18.9778
18.9193
19.1061
30.0999
17.7347
15.8799
19.8156
24.4211
26.4921
19.1919
24.5034
30.2995
17.5043
25.9208
32.0212
24.2299
23.3309
23.8090
22.6253
26.9965
22.6195
22.1823
27.1488
28.2581
18.4940
23.1446
24.3605
19.8797
20.3996
27.1668
23.4525
26.4684
28.7778
23.6580
21.2953
19.2717
18.5706
31.3271
32.1061
26.6568
30.7988
26.3000
19.7673
31.4997
26.2937
23.5689
20.6390
29.3313
24.7412
24.7938
24.6911
24.6434
19.9393
17.7177
32.4468
27.4750
22.3048
26.2498
17.0587
17.6903
19.7317
21.1061
24.4278
20.9849
24.6713
18.0971
26.9923
19.9471
32.2146
28.1597
28.0149
20.3612
22.7887
32.0492
25.4414
22.6990
22.0641
24.0111
25.7524
25.9362
33.1033
24.5261
31.6121
28.1459
26.0910
26.4577
22.8967
19.7681
18.8395
35.0594
22.3097
26.8842
26.9621
27.4882
20.2842
27.2007
33.3044
28.5778
24.2658
18.2572
22.8702
17.3727
26.9774
19.1210
33.8946
24.2989
21.8270
25.5527
17.8613
16.1672
22.8701
24.6826
28.2217
22.5973
20.6745
24.2240
23.5003
26.0092
22.5043
22.5904
30.5163
23.6480
28.4055
25.0149
22.9355
18.0333
31.1455
28.9155
23.9749
21.5122
19.4404
22.7780
29.8345
30.3775
20.0296
26.3405
27.8984
20.3299
22.8139
20.4069
24.9642
17.4626
23.5536
27.0434
22.4807
29.9837
26.9059
29.1082
18.6236
21.1373
29.2615
25.3523
19.9668
27.2054
21.0959
29.9414
20.1847
21.8331
22.4071
24.0423
28.2501
19.8194
28.8719
30.8760
18.0481
21.3775
33.6839
28.4711
28.4085
24.4327
23.3889
25.0127
28.5370
22.5874
24.9185
28.6167
24.3780
26.8272
24.5750
29.5361
27.9126
21.3263
25.3765
23.5844
25.6544
21.4328
20.6352
24.4205
25.4709
26.3270
25.3646
20.6268
29.3136
26.0400
30.2653
24.8562
18.3049
26.0591
17.3912
23.6960
23.7830
20.5928
27.3329
27.3517
34.6433
23.0427
20.6808
30.2910
21.5634
21.6730
30.8098
20.7513
32.5423
24.2865
23.6243
33.0615
26.8823
23.1610
22.1934
29.4136
22.7951
20.5771
31.5407
21.9722
27.8514
28.8371
21.4732
24.3672
18.8249
21.6171
20.9721
18.5833
17.1279
18.6066
25.7913
24.9014
25.3276
21.8491
20.7629
31.0504
28.4415
31.3432
21.3796
24.9182
16.3447
20.1710
22.6339
26.8272
30.1877
22.3328
25.1765
26.7711
19.0569
21.6752
23.9569
22.4465
20.0461
28.7016
26.7915
28.2604
16.3452
29.9257
25.9097
29.3665
30.1225
17.8804
28.6066
17.1854
22.5499
30.0764
19.7032
26.0351
31.3375
19.3671
28.8242
25.7061
24.6889
27.4114
27.4302
32.6395
21.4455
19.3637
26.9559
17.8281
20.1050
19.2801
24.3938
20.8903
28.5690
20.9633
23.1290
21.2253
16.1716
30.0627
26.5852
25.4664
29.0657
19.4724
26.9925
22.7278
26.1358
25.9366
27.5854
25.5489
16.9166
19.5888
26.6004
28.6641
22.1768
25.6792
21.2701
25.3078
24.5747
19.9413
27.1278
16.0462
29.0175
25.4668
23.7883
22.0129
21.3351
23.3636
32.5927
22.0514
22.2877
26.0183
24.4618
23.9954
17.4060
31.0401
19.8791
22.3299
19.0453
27.0107
29.3090
20.8827
19.4954
22.8016
21.8708
24.6566
18.8489
18.1501
19.5404
28.0925
22.6681
24.0117
21.0386
33.2453
23.6607
20.4373
25.8355
24.8258
26.3683
28.2954
17.3136
24.5952
25.3751
25.7741
27.0554
26.3407
17.0572
18.1390
23.9540
19.6705
31.9918
21.6864
24.7311
26.0379
26.6590
25.0331
23.6241
26.8511
22.6193
15.6102
24.6182
28.9175
30.9266
19.0851
20.9020
28.3533
22.3448
19.6121
20.6050
21.3598
17.1088
27.4948
19.9009
25.1261
23.7699
23.1179
17.0221
