0.01	27.501	2.4533
0.011	27.632	1.973
0.012	26.749	1.698
0.013	28.223	1.4424
0.014	28.228	1.3454
0.015	28.66	1.3069
0.016	27.604	1.2535
0.017	27.869	1.2191
0.018	27.755	1.2089
0.019	27.106	1.1505
0.02	26.28	1.1285
0.021	26.704	1.1097
0.022	26.854	1.0795
0.023	26.23	1.0492
0.024	25.511	1.048
0.025	25.371	1.0215
0.026	24.301	0.97028
0.027	25.305	0.97787
0.028	24.667	0.96543
0.029	24.051	0.94459
0.03	23.361	0.93952
0.031	23.39	0.91269
0.032	23.769	0.89955
0.033	22.95	0.92954
0.034	22.436	0.94378
0.035	21.401	0.93695
0.036	21.316	0.95277
0.037	21.24	0.93989
0.038	20.627	0.94182
0.039	20.072	0.93752
0.04	19.908	0.92793
0.041	20.094	0.91893
0.042	19.545	0.91378
0.043	19.152	0.90484
0.044	18.162	0.89552
0.045	18.564	0.89941
0.046	17.411	0.8893
0.047	17.821	0.88751
0.048	17.811	0.8817
0.049	16.294	0.87868
0.05	17.544	0.86527
0.051	16.126	0.18386
0.052	15.792	0.17967
0.053	15.545	0.18096
0.054	15.26	0.17803
0.055	14.917	0.16925
0.056	14.456	0.17214
0.057	14.226	0.16863
0.058	14.06	0.17265
0.059	13.793	0.16631
0.06	13.541	0.16882
0.061	13.145	0.16716
0.062	12.951	0.16396
0.063	12.52	0.16029
0.064	12.577	0.16087
0.065	12.479	0.16087
0.066	11.786	0.15698
0.067	11.646	0.15802
0.068	11.176	0.15407
0.069	11.142	0.15383
0.07	11.211	0.15511
0.071	10.728	0.15435
0.072	10.557	0.15405
0.073	10.088	0.14993
0.074	10.357	0.14796
0.075	9.8704	0.1482
0.076	9.3921	0.1464
0.077	9.7444	0.14596
0.078	9.3515	0.14684
0.079	9.4799	0.14679
0.08	9.0437	0.14507
0.081	8.652	0.14379
0.082	8.4435	0.14887
0.083	8.5117	0.15776
0.084	8.0912	0.15239
0.085	8.4768	0.15756
0.086	8.0751	0.16312
0.087	7.581	0.16705
0.088	7.6252	0.16598
0.089	7.4527	0.16975
0.09	7.3326	0.1504
0.091	7.3402	0.14582
0.092	7.1084	0.14341
0.093	7.1089	0.13983
0.094	6.7989	0.13639
0.095	6.6395	0.13593
0.096	6.6855	0.13557
0.097	6.6365	0.13368
0.098	6.2777	0.13049
0.099	6.2457	0.12952
0.1	5.9951	0.12987
0.101	5.9989	0.12886
0.102	6.0846	0.13003
0.103	5.9448	0.12745
0.104	5.7949	0.12726
0.105	5.7915	0.12688
0.106	5.5722	0.12448
0.107	5.5657	0.12554
0.108	5.6382	0.12664
0.109	5.2682	0.12286
0.11	5.2911	0.12463
0.111	5.098	0.12394
0.112	4.9713	0.12241
0.113	5.0336	0.1192
0.114	5.0633	0.11819
0.115	5.1643	0.11755
0.116	4.9557	0.11743
0.117	4.9078	0.1164
0.118	4.6845	0.11655
0.119	4.9633	0.11561
0.12	4.6653	0.11264
0.121	4.5695	0.11545
0.122	4.4962	0.11461
0.123	4.3455	0.11399
0.124	4.5652	0.11264
0.125	4.5247	0.11359
0.126	4.3309	0.1134
0.127	4.3252	0.11108
0.128	3.9607	0.1104
0.129	4.1603	0.10978
0.13	4.0573	0.10949
0.131	3.9339	0.10931
0.132	3.9015	0.10841
0.133	3.9529	0.10777
0.134	4.0518	0.10924
0.135	3.8589	0.10754
0.136	3.8874	0.10411
0.137	3.6867	0.10491
0.138	3.6715	0.1041
0.139	3.64	0.10441
0.14	3.7579	0.10531
0.141	3.7868	0.1044
0.142	3.4485	0.1024
0.143	3.6301	0.10254
0.144	3.5241	0.10272
0.145	3.5439	0.10318
0.146	3.3659	0.10259
0.147	3.4422	0.1028
0.148	3.0645	0.10169
0.149	3.0968	0.10041
0.15	3.2044	0.1007
0.151	3.2896	0.10033
0.152	3.2237	0.099614
0.153	3.062	0.099643
0.154	3.2013	0.10025
0.155	3.1721	0.098957
0.156	2.8889	0.097323
0.157	2.7671	0.09724
0.158	2.9443	0.097878
0.159	2.87	0.097452
0.16	3.0833	0.096536
0.161	2.9015	0.097844
0.162	3.0005	0.098341
0.163	2.6484	0.094753
0.164	2.7224	0.095021
0.165	2.7236	0.095154
0.166	2.5296	0.094184
0.167	2.8317	0.09458
0.168	2.5775	0.094372
0.169	2.4593	0.093488
0.17	2.6476	0.092934
0.171	2.7087	0.092871
0.172	2.5335	0.090858
0.173	2.4558	0.092603
0.174	2.4698	0.092027
0.175	2.5716	0.09208
0.176	2.4323	0.091174
0.177	2.4189	0.091131
0.178	2.4008	0.090955
0.179	2.2638	0.091705
0.18	2.3847	0.0889
0.181	2.39	0.089919
0.182	2.1249	0.088204
0.183	2.3683	0.09359
0.184	2.37	0.096877
0.185	2.1503	0.098555
0.186	2.2206	0.099624
0.187	2.2982	0.10156
0.188	2.2405	0.10145
0.189	2.0985	0.10111
0.19	2.1579	0.10195
0.191	2.0451	0.1011
0.192	1.9978	0.10285
0.193	2.0129	0.10194
0.194	2.0009	0.10246
0.195	1.8061	0.10403
0.196	1.8051	0.1024
0.197	1.9891	0.10351
0.198	1.9874	0.10346
0.199	1.9919	0.10396
0.2	1.7833	0.10111
0.201	1.825	0.11029
0.202	1.739	0.11384
0.203	1.7429	0.11668
0.204	1.8349	0.11832
0.205	1.6691	0.12029
0.206	1.9399	0.12523
0.207	1.74	0.12393
0.208	1.9087	0.12625
0.209	1.6905	0.12874
0.21	1.5591	0.12844
0.211	1.8149	0.13267
0.212	1.4345	0.13389
0.213	1.4918	0.13236
0.214	1.6762	0.13463
0.215	1.4271	0.13929
0.216	1.8589	0.142
0.217	1.57	0.13941
0.218	1.8082	0.14234
0.219	1.5229	0.14307
0.22	1.339	0.13937
0.221	1.463	0.14385
0.222	1.8324	0.14624
0.223	1.5937	0.14734
0.224	1.5104	0.15094
0.225	1.8014	0.15184
0.226	1.4374	0.15441
0.227	1.4396	0.15503
0.228	1.6322	0.1568
0.229	1.6023	0.16083
0.23	1.5834	0.16139
0.231	1.7238	0.16768
0.232	1.3747	0.16681
0.233	1.4665	0.16891
0.234	1.4772	0.17238
0.235	1.3716	0.1725
0.236	1.3496	0.17714
0.237	1.5464	0.18408
0.238	1.2053	0.18496
0.239	1.3392	0.1863
0.24	1.7517	0.18691
0.241	1.5356	0.19268
0.242	1.419	0.19728
0.243	0.97415	0.20264
0.244	1.2863	0.2089
0.245	1.5004	0.20975
0.246	0.99072	0.21034
0.247	1.3257	0.21532
0.248	1.293	0.22047
0.249	1.284	0.22291
0.25	0.87559	0.22972
0.251	1.1323	0.23439
0.252	1.5783	0.24328
0.253	0.68672	0.25287
0.254	1.8593	0.25796
0.255	0.89866	0.2616
0.256	0.73552	0.26826
0.257	1.2977	0.29151
0.258	0.93361	0.30529
0.259	0.8868	0.30251
0.26	0.95752	0.32232
0.261	0.83491	0.32703
0.262	1.0872	0.35613
0.263	0.92327	0.38228
0.264	1.0205	0.40018
0.265	1.0424	0.42984
0.266	0.60102	0.46439
0.267	0.80632	0.5097
0.268	0.59636	0.61887
0.269	1.0381	0.65974
0.27	1.9556	1.1556
