24.7389
22.8007
25.8914
30.2687
30.2870
27.8930
31.7707
23.5581
25.9321
28.8239
29.0496
30.3642
31.7434
25.7608
26.4301
32.1127
27.6968
31.6648
25.0481
31.3282
32.6679
23.4908
26.8556
27.3041
33.6986
36.5068
31.1155
30.6491
29.3925
23.8356
26.7736
27.6635
31.9921
29.3078
28.5776
27.6464
27.1943
30.2929
21.8205
29.5028
28.3217
30.6729
39.1350
28.1944
27.9531
35.8984
33.6758
29.5432
26.1505
26.6049
34.8952
34.4029
26.9230
21.5720
29.5505
25.3154
28.5324
27.8675
27.3967
24.8507
29.7047
23.6368
29.6043
25.7266
29.4149
25.0137
30.2192
28.0818
24.2881
22.2887
28.5853
30.6071
31.8628
33.6618
27.1293
23.9464
31.1086
26.5524
26.7237
32.9498
24.8594
26.1606
32.1514
29.4552
28.3025
27.1073
31.2151
25.2977
25.4673
27.6774
33.4557
30.6387
26.7724
24.2635
29.3669
30.1750
31.3726
24.2329
32.9011
33.3567
29.3978
27.2527
33.9713
37.1054
30.4548
27.0683
21.4366
26.1591
26.0696
30.1642
27.7384
27.2486
31.1297
28.3044
27.6754
30.9222
27.2505
27.2604
25.1132
27.6036
27.1961
26.7684
25.7008
35.8976
24.0986
25.5451
29.7753
25.9135
29.1113
26.5882
28.2618
28.8988
28.6651
26.2164
33.4399
31.4766
32.7111
36.2501
29.9936
28.4904
29.3272
24.6177
23.0985
27.6889
20.1384
28.1947
27.3518
31.5590
27.1341
23.8265
29.8761
26.1966
29.8670
29.6727
30.2387
29.5954
28.7077
26.3810
30.0567
29.1598
22.7081
28.6915
23.1339
26.0511
24.3466
34.1150
32.1552
32.4245
34.9272
27.9813
25.6445
30.7981
25.2697
21.4947
29.2719
29.1477
32.5699
27.5991
24.6490
28.8595
27.4283
23.3235
25.7375
27.3460
27.6175
25.6717
25.0063
26.0095
33.6546
30.0469
27.3591
31.2366
34.3049
33.9236
28.3442
24.5806
30.4869
25.8369
26.6507
28.3940
25.7552
32.6617
32.2457
26.5860
27.7406
31.7379
22.8603
36.8037
30.1050
22.3014
28.7257
29.7419
28.1588
24.0377
28.4745
27.3710
29.7786
30.0587
35.1062
24.7378
36.1085
23.2518
26.9257
23.3301
29.7642
25.7776
29.7455
29.1463
28.0410
31.2585
25.2883
22.6128
26.9427
24.7667
24.2256
23.2261
32.4330
26.2686
27.3209
29.3762
27.2698
34.4090
24.4370
28.4648
27.0054
28.4621
31.2730
26.6001
26.2939
27.2271
19.7001
27.3291
27.9055
27.4810
30.9529
19.5902
30.6305
23.3313
30.3791
27.1783
25.8601
27.2009
24.1511
32.3749
33.2251
29.5122
31.1800
28.0938
29.4604
25.0841
26.6909
24.9576
26.1658
33.7806
27.5267
32.5243
29.8467
31.4053
24.5883
23.1746
25.8227
28.9181
29.9675
22.2900
22.0684
29.4989
30.8330
28.8840
29.2101
25.4532
31.5800
27.9953
33.8799
27.9998
31.9501
32.7104
25.3070
28.7805
30.7953
27.7813
23.6470
30.2018
23.3579
26.9059
23.5267
27.0220
32.5331
27.5104
20.9258
23.1753
29.7000
30.4111
28.3793
30.7018
37.1500
28.1218
30.1332
36.3150
21.8189
31.6778
26.6722
26.6534
23.0092
33.3340
31.6768
28.9039
24.6669
27.4964
28.7986
26.2446
29.2910
29.5105
27.1372
29.2182
26.6596
23.8683
26.9850
22.1197
28.4163
30.5177
27.2399
23.1992
30.9918
27.4458
30.6272
26.5545
33.6423
32.1852
25.7534
21.6324
25.6087
32.0738
25.6532
29.5744
26.9309
27.7299
26.3428
33.8358
22.9780
24.5846
25.9099
32.2796
32.0522
25.6738
26.6691
24.1323
30.9113
22.1555
22.2103
28.2227
21.6093
24.5237
32.9676
35.8897
25.1989
29.6091
34.2587
33.3926
19.9448
29.5732
33.1455
28.6620
34.3696
24.5297
22.0681
22.3717
31.2931
26.5487
29.8760
33.5261
29.1833
30.2345
25.4034
28.7405
29.4918
29.8503
29.6275
23.6147
29.8394
28.9748
33.1299
30.2394
22.3274
25.4556
33.7446
24.4796
28.2355
24.8947
33.3275
36.5086
29.0440
29.4693
22.3308
32.6043
27.0742
24.9918
20.7009
25.9904
25.8464
26.2629
24.0607
34.7746
25.4725
29.5482
32.4505
35.6490
31.7882
32.5567
31.5801
30.7347
26.3078
32.1488
24.1916
22.2744
31.9630
25.9729
24.9647
30.8787
32.0306
32.2741
23.1327
34.3575
26.0190
24.2140
30.5399
23.8699
32.1071
25.8606
29.6489
28.7702
25.6305
31.9197
27.8164
34.1420
35.3218
30.9900
22.5795
29.2055
26.1542
32.2812
25.0841
23.3570
23.4027
30.1434
31.4392
21.9577
27.5125
28.0260
29.2414
21.3111
31.9095
28.1379
25.0710
28.8800
30.5505
28.3382
33.1906
30.3534
24.1271
26.6741
28.2758
23.7745
22.4464
27.0221
27.0686
27.1945
23.9306
24.6564
35.1620
22.0181
26.9280
28.4488
26.8603
27.2206
33.8166
28.1067
27.8406
28.6600
24.0875
24.8315
30.9168
37.0684
27.7606
25.3864
29.9281
31.3504
29.0235
27.0083
25.6139
32.8273
28.2912
33.6161
28.2980
25.1582
26.7250
28.7570
29.6847
26.4406
32.3615
26.1310
33.3993
29.2422
27.5369
30.9867
24.7862
25.1137
29.7710
26.4838
24.2766
24.3596
27.2137
31.3989
28.0181
32.0451
24.2878
25.1820
22.1105
24.2782
27.9574
25.2810
37.1164
28.1946
24.3347
28.6978
26.0068
25.3129
28.0270
26.2659
28.4772
22.9076
31.3633
22.6345
28.3778
25.6714
27.7722
23.3939
26.3716
32.0688
31.3217
32.2604
23.9921
30.5930
31.7811
22.1409
21.8581
27.7406
30.1320
31.0638
23.6596
24.5036
27.2970
27.2521
22.6373
29.0548
27.8660
29.1331
24.3020
26.5071
25.2003
23.1597
24.3253
28.2885
22.9744
23.3740
31.1080
35.1834
28.0110
29.4548
26.7560
24.0366
28.8307
36.3304
31.7779
31.8643
29.1600
23.5219
30.5846
29.0874
26.2113
30.7377
25.0228
31.0506
30.4566
30.7020
26.6804
29.3181
27.0106
23.8888
27.0740
29.1972
30.6653
25.9977
29.9504
36.5942
25.2435
23.2292
21.4830
26.3215
28.1239
26.5716
27.0457
25.4511
30.8767
27.6419
27.9332
25.5404
31.6388
29.2231
28.7584
24.5861
30.9711
26.4962
28.4583
29.5461
25.8573
24.3924
29.6994
24.8631
28.5899
30.6802
28.1923
27.6100
26.9855
31.4557
33.4435
27.1304
27.8407
26.3934
36.2746
29.1618
26.2789
34.3919
27.7646
31.6988
31.7792
24.8019
22.8016
27.6493
28.1973
30.3353
25.5089
23.8994
26.2871
21.0123
25.3081
25.7835
23.4912
35.3430
30.1568
29.0467
34.3500
34.7946
32.9845
34.5683
22.7420
32.3397
27.0504
33.5219
28.8282
27.8903
32.4120
28.1918
36.2192
35.3812
33.4094
30.3754
28.8681
27.6298
24.8821
27.1316
28.0669
32.1109
27.5472
31.4918
28.0832
22.4587
23.8577
25.9760
26.7454
28.1434
31.8573
27.2894
25.2576
28.6135
22.9352
25.3137
24.7226
27.0651
25.3873
24.4833
28.8675
30.4204
29.0411
24.8141
29.1375
32.1427
33.1116
24.2205
36.7527
22.6122
25.8237
30.1549
33.4979
23.4303
27.9481
20.2077
24.4051
32.2943
27.8799
29.8529
24.9760
32.4371
35.6177
28.6140
23.6168
27.1802
32.2099
26.6867
27.5241
26.3229
27.0800
30.7573
27.8963
26.9069
29.5904
28.8942
29.6981
22.2860
33.2781
29.6245
25.4455
25.8348
29.9683
26.7954
29.0585
25.9562
25.0816
24.8181
19.2004
24.9930
30.3984
28.1585
32.7891
27.4986
26.2095
31.6434
36.1963
31.0148
25.3213
28.7204
26.9622
32.6138
30.7017
23.6042
32.9938
34.1000
24.8074
34.8032
27.0661
29.9974
27.5930
28.9646
33.4687
32.2423
32.7679
31.4201
26.5802
28.9499
31.0035
25.2780
34.8074
35.5885
31.5931
26.7681
23.4234
28.2873
26.5747
31.9556
29.4213
29.4445
31.4692
29.0780
24.9337
31.8045
35.7076
33.6456
21.8786
29.8052
25.5050
28.1124
26.2354
28.6503
25.0092
29.7318
37.4300
28.8104
26.5615
27.5623
31.6674
22.8828
25.7839
29.6035
25.4342
31.5023
27.9048
30.6032
32.5191
32.1822
23.6644
29.6810
29.0265
32.0260
30.4873
27.1568
27.9318
24.6393
26.0606
26.7592
27.7086
29.2828
27.7784
23.4889
25.3527
27.3183
19.2018
31.8175
28.5046
28.6523
22.4821
34.6670
32.9023
28.7365
30.5662
27.0458
19.1813
29.0017
29.8436
24.8105
23.8658
31.9217
33.3688
28.7748
37.3895
25.8074
26.2125
26.0476
26.6060
23.6176
28.0265
26.5438
27.8508
30.5653
26.6614
23.4891
24.9365
32.9113
32.0399
28.3604
25.1307
33.6755
26.8709
28.4053
24.8907
34.9988
33.3545
25.6577
34.9643
27.0164
25.1845
28.6373
27.7305
28.0876
29.7929
33.9715
23.2171
31.5025
34.0826
26.7195
28.6445
27.5007
29.3514
29.8097
24.6690
21.9430
31.1690
28.9405
34.8491
32.0718
30.3242
27.5150
25.9294
28.5514
32.5634
40.0692
28.4134
29.6862
28.1125
27.0756
31.5344
23.1968
26.8922
27.0131
28.9775
25.6331
28.3095
21.0632
24.7964
28.1997
28.1226
26.5988
27.1782
29.6191
24.7984
24.3790
29.9580
27.0406
33.9814
33.4659
30.4694
24.9253
24.2841
23.9920
32.4039
25.0889
30.5564
23.3213
27.5332
25.6010
28.2965
28.1246
23.9010
30.7273
33.3267
28.3986
36.1490
26.1650
24.1079
29.0235
26.1136
34.4886
25.8382
22.1633
30.2381
25.6979
27.1944
24.5078
24.3957
32.1830
24.1472
27.4087
29.1254
25.9952
28.2118
31.7194
28.8500
25.8947
25.7783
21.9920
27.7273
32.9313
25.6723
24.3047
20.6443
31.6773
26.1646
29.3287
24.7140
28.8654
35.1232
27.1612
25.4894
35.0960
25.2359
26.8285
26.7500
30.7293
30.0903
24.7458
30.7762
24.7628
23.9234
30.8182
26.1111
27.8287
23.2767
30.7249
24.1166
24.8514
30.6325
28.5244
21.5464
26.6335
31.0485
23.0587
29.7506
29.4504
25.2470
30.7358
28.5710
30.8886
26.7635
26.6387
29.5673
30.6286
22.2256
27.5666
29.9582
21.8119
27.9698
32.0340
29.9231
29.5240
27.1772
25.4538
30.1314
28.9818
21.5706
31.2735
27.4111
34.5650
21.7399
29.1055
28.6803
31.5137
26.0144
28.9666
24.1469
25.0950
29.9149
34.8052
27.3598
24.1312
23.0048
27.4512
32.5263
33.8048
31.6842
31.7691
28.0782
26.6635
32.3916
26.5450
25.2641
25.1294
26.5867
31.2379
25.4040
32.7850
29.5850
29.2912
28.4778
32.8433
33.4143
23.7884
22.6417
23.2551
24.8350
25.7255
20.5177
24.9952
26.0800
35.4871
25.4682
29.7045
22.3247
21.4995
30.1267
26.1767
30.0798
24.9604
26.8594
24.6786
30.3875
28.2840
25.5228
22.0528
25.8210
24.8598
30.7089
25.7021
27.8661
21.5082
29.5403
29.8017
27.5204
29.6888
31.7030
28.2925
33.0136
35.7171
24.2440
28.2450
27.6496
27.4296
25.2900
22.7824
27.8941
30.5205
26.1066
32.7472
32.9971
31.6307
33.7561
31.8199
33.7057
32.5779
26.1655
25.5203
24.7208
30.5897
31.8649
24.0008
28.3060
26.6795
31.8491
23.5185
29.4074
29.0066
28.5007
25.8770
28.8127
23.3009
19.7148
19.8804
29.8126
29.6012
26.5460
25.8580
33.6934
36.1222
24.6685
27.4786
31.6312
22.2290
29.9986
27.4169
25.5283
31.4588
28.9705
23.7976
21.6533
28.3589
23.7245
30.1255
31.9599
28.4853
25.6602
29.2942
30.3382
33.0989
27.2178
32.5983
32.6577
31.3655
33.0844
30.1801
28.9810
32.4161
27.7424
20.8037
27.1977
25.6111
30.9695
28.8602
29.5118
31.4713
31.2916
28.2270
23.2315
26.7331
27.4093
34.3357
22.7145
29.4008
31.1158
30.8923
30.1719
23.9330
26.6249
30.2510
26.9269
33.5265
30.0111
34.5362
26.6861
25.3773
29.4949
28.6320
24.3037
27.0536
33.3583
23.5718
28.2077
26.5873
25.9433
29.3943
28.1966
23.2224
29.6332
25.4235
28.6361
25.9145
21.6577
28.3458
26.2970
26.4244
25.4755
30.8345
34.9301
34.4006
27.1067
29.4314
28.2436
18.1446
26.4060
27.9414
26.7725
28.5612
27.2253
34.0779
23.6772
29.2504
30.0749
26.9801
33.0451
28.0869
28.0457
24.8798
29.2546
24.5073
23.7710
25.3385
32.9921
33.4996
29.9662
30.0822
27.6095
28.3555
24.8246
26.7116
27.0435
32.1232
32.9688
30.7437
30.7043
27.6561
31.8441
31.6045
24.5217
24.2964
31.5242
27.4283
25.6746
27.4448
35.0484
31.0197
27.5736
29.1488
32.4665
26.0772
26.8918
28.3369
29.5243
33.3667
35.8857
30.4822
24.9226
30.1327
33.5170
25.1450
29.9729
28.3532
25.9320
26.5558
28.7158
25.9048
31.3413
24.9294
27.7593
22.2193
25.9015
26.7336
31.7892
26.3104
25.9694
23.7562
32.3965
31.0379
33.7309
28.3380
32.8216
28.0554
28.9114
26.6393
33.2435
31.6278
28.8932
23.0717
30.5259
26.4370
28.2154
28.8870
30.2499
30.1776
30.4296
24.9871
33.6881
29.9123
22.6332
27.2817
26.2410
33.9018
29.5185
32.8199
35.2210
28.7639
29.3393
26.4001
30.9518
30.5920
27.0888
31.4445
22.9696
27.4216
30.8898
31.4613
27.4649
28.0220
28.8291
27.8345
23.0784
23.8416
25.6480
31.2719
31.3555
25.2864
33.9220
32.7167
28.8190
32.7310
24.6772
24.2989
26.3435
33.7057
23.0927
24.6474
27.5507
21.9794
29.1465
26.7569
26.1535
23.8211
29.3570
20.7681
30.1389
26.5849
28.0609
28.3202
29.8210
31.2649
32.8546
28.9675
28.5312
28.9487
27.7792
34.7220
27.1972
30.5706
30.0959
25.3475
22.6290
25.8260
28.5122
34.9229
30.2337
27.5761
30.0771
30.2733
24.0219
30.4846
28.9460
31.2859
29.4381
24.7803
23.6175
27.2696
27.4799
20.6247
26.8586
31.4272
27.8522
30.8845
30.3851
28.5548
28.5820
24.7637
32.8619
27.9195
29.1807
28.3488
21.4553
22.3127
23.1426
27.6512
28.9910
27.1899
22.2989
23.5616
30.6261
31.5122
30.9662
26.7605
27.4516
25.2186
32.4602
30.7522
26.3493
29.0338
24.7699
29.2563
37.8095
25.2460
33.7884
27.4894
32.0479
21.0353
31.4239
29.3126
32.2869
29.5715
32.8993
26.5058
35.3016
29.6589
27.8070
27.4991
31.7615
27.5019
25.7894
31.2436
30.3366
25.1070
29.9767
30.0240
29.9288
29.8089
25.6204
27.6967
25.5009
29.9688
24.8542
29.7983
25.1974
26.6607
34.1523
30.1756
33.1529
30.3994
29.1816
23.9817
30.8882
27.8500
32.4563
26.4021
31.9260
30.0844
23.6171
33.2287
33.6749
24.5436
29.3109
32.2184
24.9226
27.8036
26.2037
20.8910
26.0368
30.3638
25.2487
23.7698
27.9945
26.3968
37.7123
24.6452
25.2835
29.4195
24.8484
26.6662
22.1112
30.2943
33.2533
34.3439
34.9448
34.6328
29.6396
32.5396
32.0099
31.2174
32.5215
27.6598
27.3076
36.2992
24.3180
20.8947
27.1420
29.3089
25.9918
23.8539
27.0825
29.4920
24.6347
29.1800
25.5639
33.8672
32.5424
33.4595
24.0176
23.4343
28.6540
31.0154
35.0624
28.0112
24.1662
25.7490
24.9494
25.4888
32.5665
26.7906
26.9873
30.1616
28.5190
32.9022
27.0867
26.7213
26.2903
27.1628
20.2995
24.1531
26.8711
29.3200
28.4470
27.1749
29.2074
32.7326
29.9446
27.5361
25.4938
25.8483
27.6296
28.7439
26.1149
28.3664
33.2148
31.8332
29.0512
31.9065
26.6208
30.7431
21.8806
24.9233
35.1421
23.1066
29.7467
28.2504
24.4047
31.0638
28.3643
25.4280
38.9010
30.7597
26.2156
27.8669
25.5481
24.3713
27.6532
27.5492
29.3630
30.1369
29.6580
24.9423
25.8669
37.0450
25.3635
27.6270
33.1858
26.7946
27.3071
30.2829
27.6471
31.4124
23.6335
29.7721
25.2668
30.7223
31.6029
25.8475
28.3681
22.7835
30.8048
25.2887
27.0864
29.8124
29.0098
25.4460
31.6840
32.6208
22.7337
34.5264
29.8917
29.8447
32.7799
21.3894
31.0907
28.6750
28.0089
26.2202
28.2738
27.3487
26.8367
26.3142
25.7049
21.3122
28.0057
26.5314
24.6990
28.1833
26.5756
30.2846
30.0777
29.3786
29.6017
25.1240
24.2947
22.3587
35.9062
29.5444
26.4450
33.1032
27.0264
23.1880
33.8832
25.6348
25.1229
29.5952
27.9747
27.7975
23.5747
30.2401
27.6605
26.9688
27.7722
27.3512
34.8187
26.4648
25.0866
28.3917
28.3670
29.0084
28.4876
23.4073
26.7530
30.9588
30.2209
25.8950
32.9808
34.1852
22.1913
31.9554
24.6846
31.5413
30.4688
31.9348
24.2118
31.3272
20.7570
24.6135
22.6257
26.5464
23.3023
23.7832
30.0923
33.0156
33.4742
21.6621
26.3018
26.2636
29.7134
28.3902
33.0877
25.6112
31.8002
28.9504
26.2138
22.3561
17.6522
30.4877
33.9061
24.4784
28.5739
25.1784
28.9190
24.5491
22.6800
23.3364
25.9850
24.5050
29.8898
29.2948
29.8414
30.6983
26.7399
31.0773
33.1748
23.5447
26.4612
27.6981
31.3899
30.5986
28.3498
36.9417
21.7128
26.5488
26.8412
30.0072
24.7218
28.3666
26.2814
28.2687
27.1875
28.2909
26.4642
28.8741
33.7138
25.5936
29.5567
36.6081
37.6093
26.9002
25.3639
29.8065
27.7928
23.0178
23.9982
29.4468
25.0081
25.8440
29.4185
22.1775
25.3748
32.0352
23.4681
27.9672
25.3935
29.0167
27.1720
30.3617
26.0514
26.2195
24.3198
28.1742
32.0545
32.2824
35.4541
30.7481
34.9444
27.1478
33.9463
28.2460
30.7915
28.2019
29.4700
24.3932
28.4288
26.5666
29.6154
25.7757
27.0755
27.7463
24.2331
22.9099
33.5890
25.8106
31.6299
25.6890
28.4713
25.7307
26.7956
27.3733
29.8844
27.8203
31.6497
32.0655
29.3068
27.8186
33.3662
37.2683
29.7205
24.2091
25.3813
25.6413
29.1191
28.3683
24.2171
27.4048
26.9773
23.0897
25.8545
31.0947
29.9318
31.7667
33.3573
22.8437
32.8920
29.9785
23.2304
27.5415
23.5636
25.7942
26.6691
24.4417
30.3260
31.6880
31.8239
31.4381
28.8900
32.7021
30.2684
27.5907
23.6637
26.8062
27.0632
25.7379
25.1344
26.8127
28.6446
31.8353
35.4029
31.9197
37.3871
31.6907
28.5887
29.8156
33.0008
23.3713
26.4622
29.7604
22.5496
24.3944
22.8554
23.6579
27.9719
28.0486
28.4696
30.6509
24.6193
27.4983
32.9858
28.8447
29.3683
33.4820
22.9995
27.5353
29.3362
29.9228
29.2098
33.1230
28.7944
28.5933
27.1649
32.7266
27.5179
30.4431
28.0547
29.1360
25.7276
29.4819
29.4010
25.8807
30.5267
36.3156
29.2504
28.5660
25.0085
27.2896
35.5590
28.9562
30.3989
26.7460
28.3418
34.5992
30.4419
29.5617
21.3454
33.1524
29.9452
29.7315
23.2382
26.8396
28.5621
31.0267
26.0261
31.8387
31.5370
30.5529
26.7960
25.9476
26.9263
27.0176
30.4996
31.5514
26.7200
31.9388
25.4385
29.1771
27.5892
23.9111
31.9792
31.3517
29.3294
26.8991
21.8534
25.7331
24.9290
26.1767
23.7466
29.7765
26.1418
22.9809
30.2509
20.9238
24.8019
28.1082
29.4139
29.4991
27.6666
27.5194
24.8369
29.9652
27.5607
25.3334
29.2645
32.3817
26.0548
24.7443
22.1002
28.3577
23.3720
22.6246
30.8815
31.9629
25.7716
32.6634
31.0127
29.0402
25.9939
30.5399
31.5487
24.7503
24.5545
29.1646
30.3096
33.7317
34.0526
27.9324
29.0887
29.0176
33.7042
19.5030
24.4701
21.0313
22.5822
23.3637
25.6681
29.5553
24.3116
24.0194
28.0760
29.1880
28.7295
26.7385
22.7994
28.4036
21.6242
28.5761
26.9113
26.1522
24.5002
24.3540
21.7394
35.0818
21.8801
30.8008
27.2255
30.4015
28.0988
25.4917
27.0104
24.3623
27.6054
27.6688
29.0583
23.5389
23.9924
24.2698
27.4788
27.5313
23.1192
30.7986
28.1513
31.2835
31.9121
25.3371
32.6132
29.5026
31.2324
31.7901
19.8176
22.6671
30.3448
25.5832
31.3069
22.4816
30.7494
30.1474
23.5719
32.0987
26.7861
23.9439
28.4511
22.8056
26.8427
26.4548
25.2152
24.6404
24.3649
26.1821
26.1359
22.8526
25.9970
25.6896
23.8069
26.0242
33.9214
32.0022
29.6433
26.7147
29.0752
24.1119
26.2957
28.4728
30.5990
22.1917
28.0724
31.9442
25.4457
31.7044
35.6108
26.7288
27.4930
23.2427
26.8227
29.3910
29.4178
27.1641
27.3172
30.1060
29.9717
30.5411
29.6157
25.6303
22.9768
27.5447
31.7604
28.2357
26.3004
29.7079
26.4538
26.1328
28.7856
26.7504
31.6795
28.1191
24.6787
26.0751
30.8097
26.5781
27.4449
28.7911
28.3173
28.9974
30.4606
21.5029
31.2561
22.5398
26.3626
24.7340
24.4069
24.5790
30.0963
23.2328
28.4555
29.5678
27.5544
28.1675
33.8398
28.6163
29.5284
32.2934
34.4570
27.6921
27.1405
32.6327
28.9132
32.5941
31.7507
28.1975
33.3860
29.6437
32.2684
26.9791
28.4893
26.4951
27.2210
27.9227
27.0215
25.9555
27.5292
29.3585
30.8960
25.7508
21.9333
18.9481
24.4593
25.5784
31.3002
26.3941
32.2666
25.5536
29.3257
27.6547
25.3857
31.6014
26.8579
27.0513
25.1724
25.6908
31.0229
25.7037
20.7959
29.5134
29.1420
28.0772
27.5083
25.8737
27.5362
31.4270
26.7199
29.9884
26.7506
29.3441
29.2115
33.5250
27.3464
23.5305
27.8005
30.8570
32.4781
31.1089
27.4883
30.4656
34.3713
30.7955
28.3971
19.7972
32.5863
27.8983
29.6835
31.9184
24.1056
23.7142
30.6296
26.2027
24.7262
28.9841
25.4989
25.7418
24.0145
26.6121
34.6917
27.0771
29.3817
26.5324
31.1841
24.0482
27.1882
24.8521
21.0444
29.3705
32.6032
25.0403
27.0433
30.2302
25.8731
33.7014
23.5878
25.1937
29.8505
26.7078
27.0969
38.7803
26.6048
28.6832
23.0744
30.6676
32.7390
35.5086
26.9521
25.4367
31.2526
25.9483
26.6242
31.6251
28.6772
28.7306
31.2603
33.2039
26.4340
24.8738
28.7416
28.3717
30.4030
27.8088
24.3971
31.2773
33.1445
27.3218
29.9467
29.0892
35.0958
21.9383
25.0864
25.7769
29.1552
25.6360
25.8164
27.7004
24.1625
31.3540
32.8232
32.5877
29.1374
33.4312
29.1890
29.6569
28.1932
29.0789
30.3628
33.2247
32.1794
34.3315
33.9981
26.7929
30.3979
21.7765
26.7005
29.6162
30.2050
24.0022
29.2770
29.8805
27.7979
29.7292
26.3802
21.9832
31.5592
30.9998
24.8254
29.9587
22.8623
30.1788
22.0929
25.8146
27.4704
31.0956
32.6995
26.2544
22.2315
28.5037
30.5947
27.2291
26.9847
25.7446
25.4771
32.0906
34.7541
29.3299
21.8455
24.4382
28.6048
29.3848
29.3233
29.0151
29.2105
30.8599
27.8446
29.9578
26.2948
25.4609
29.4306
27.0483
31.1506
24.8797
28.7590
34.1852
28.3975
22.5601
21.8631
26.7350
30.4988
31.6567
27.1068
33.5236
24.1762
29.4933
30.4396
32.2147
31.5980
34.5526
28.6589
28.6819
31.9365
33.1170
27.1717
25.0712
31.3488
29.4173
28.0456
27.1178
32.6266
26.0697
23.6287
29.8111
30.1694
27.8113
32.5340
30.7941
34.4119
30.2303
32.2549
23.1614
26.2760
29.9257
31.1505
35.2261
33.4486
29.8931
31.6497
27.8398
30.9455
31.4276
32.3350
27.8800
28.0924
26.4376
29.4150
33.2493
32.3123
22.3900
28.9418
31.8177
26.8440
22.7218
34.7301
27.2106
23.7286
28.0072
29.9603
32.5007
27.9408
27.6905
31.5367
27.6126
32.1692
25.7294
26.6713
29.1439
24.4716
22.8192
27.5166
23.5248
27.7500
31.0335
33.6491
30.0169
26.9244
29.6043
32.0551
28.7113
24.2641
27.4221
25.6441
30.4350
31.5996
24.2380
29.8046
22.4190
25.7772
30.5547
30.5511
32.4185
35.7528
28.5924
24.6194
23.7843
23.8467
29.2189
25.7872
26.8252
27.5531
36.9376
35.3724
27.6052
27.0265
25.1479
21.3426
22.2524
26.1521
27.2246
30.9795
28.4378
29.8046
26.3034
23.7497
28.9659
26.9892
26.7077
24.9806
25.0849
31.4693
32.6451
27.2711
28.8758
20.8439
25.6463
26.7286
33.2843
25.5493
23.4590
36.4838
29.0343
26.9160
28.6364
26.2776
30.0003
22.3802
26.8541
32.4419
27.9615
31.7319
27.3290
29.2056
34.1502
30.7650
28.5231
32.1122
28.4760
31.2026
33.8677
34.3000
33.8969
23.6905
23.5252
33.4975
23.3073
28.2058
28.6268
32.7872
21.5837
21.4408
24.6738
21.9609
23.5661
23.3321
27.1400
27.6697
29.7324
26.7030
31.6432
31.2202
25.1555
25.9960
30.7963
29.5711
21.7758
32.7507
26.4574
32.9455
28.4910
27.1042
31.5882
24.6255
26.8130
32.2277
22.6288
29.3568
31.4160
31.2786
23.5513
23.5660
24.9863
25.6445
20.6847
25.5876
33.9231
34.5443
28.5507
20.0992
27.3203
29.0497
28.0495
31.2216
26.8759
28.6467
26.6038
30.4872
26.6036
32.0658
26.4256
25.3811
32.2117
34.1305
30.9183
28.2685
25.6104
21.5265
28.9942
28.4653
30.0514
30.6992
28.1114
29.9434
26.4641
29.5654
28.8551
20.6280
29.0571
23.5340
31.2084
29.5653
23.1580
27.0427
28.4539
22.9466
20.4172
32.3518
29.5144
28.5173
25.2989
24.1159
24.5117
28.2578
22.9536
23.8075
27.3639
26.9320
31.7167
28.2576
25.0555
26.9903
30.2356
28.3669
30.0922
30.1601
25.3988
23.4093
27.4225
28.5162
29.0345
25.7435
23.7369
31.6525
27.7199
25.7129
30.2114
26.4643
27.2896
30.0572
28.2438
32.9976
32.0258
30.8631
36.9133
23.7806
23.5522
28.3169
23.0123
24.5797
25.2828
31.4849
32.8001
30.7243
25.6892
29.4704
26.3213
31.9083
27.5629
33.5930
27.7996
24.8231
33.0565
28.1095
29.0600
25.8283
25.1606
32.9110
30.4796
26.9521
31.1354
21.7316
31.6555
20.6141
27.9535
28.4364
26.5240
29.3806
27.8897
23.2749
29.6286
24.8299
23.8362
26.4454
29.5657
23.7841
32.0639
27.1067
32.5480
20.0420
26.2827
28.5686
28.3220
26.4070
25.7844
23.1180
35.5492
29.2404
19.6687
30.5690
30.3099
32.5166
29.7493
30.1553
27.3328
32.1468
19.9990
26.1567
26.6242
25.2287
28.7769
30.8090
27.8902
29.6316
27.4494
30.3661
32.2100
30.7724
29.4422
26.4117
28.9362
22.7194
29.9339
28.6121
26.9429
24.3408
31.1016
30.7500
27.8846
32.8378
25.0777
26.0425
27.6547
29.9746
29.7126
32.2916
33.4106
28.7484
29.6328
26.4626
29.7977
26.8772
28.4861
28.9033
27.0758
21.8466
25.9114
26.7190
25.9914
29.2847
32.3031
32.8495
25.5426
21.4419
29.5600
25.8273
28.3277
23.1811
34.5720
38.6083
28.0944
32.0859
26.8689
32.3052
35.9613
23.2709
26.8518
23.3929
27.9868
33.6921
31.4265
30.1335
27.0601
26.6691
28.0940
30.7425
31.3431
26.2221
26.4417
29.6531
30.3377
28.3287
30.0477
26.5938
23.5500
32.3313
29.9675
32.0760
27.7827
31.7234
25.2974
24.7313
23.4892
31.2600
28.4815
28.3126
34.9997
27.5854
26.9831
32.8267
26.3570
29.0528
23.8455
27.0638
30.8029
29.8480
28.2006
24.3336
31.4267
32.0594
30.3830
26.6586
28.8709
28.7553
25.1275
27.6286
30.4083
20.9965
31.7882
29.1262
26.2548
26.0375
30.5259
30.0256
28.5620
29.1308
34.7458
33.7737
32.7951
24.5406
32.8838
30.8998
26.9044
31.5768
29.4977
26.1789
28.4002
33.6392
29.2586
29.3115
27.1987
31.6451
27.7155
33.0597
26.8420
26.1737
25.2873
24.5638
31.3820
25.6782
30.4510
35.1699
27.2621
32.2475
26.3778
30.6221
28.6272
37.9909
26.5107
26.1900
28.6423
28.3560
26.3521
27.6420
25.2118
25.6075
24.7990
25.1951
22.9660
27.0334
29.0138
30.7026
28.5298
22.9286
30.1846
24.7114
26.1255
28.8356
30.5863
29.7427
24.8351
31.8763
28.1362
25.1325
26.0271
31.6462
24.7487
25.9975
22.3388
23.3662
24.2910
26.0258
22.0261
22.4360
24.9738
24.2637
29.0446
27.3803
28.8579
26.1981
26.8363
24.5332
21.7659
30.5287
20.4167
20.7300
27.9319
27.2732
34.8615
31.6721
28.3464
24.9988
25.2757
25.4438
26.7799
33.0200
32.0200
28.0876
30.7411
29.6531
30.0641
28.0230
23.2080
32.0678
23.6013
25.5404
27.9381
29.7273
28.9818
34.0080
25.3186
24.3043
21.5866
28.3225
29.4636
24.0514
27.8403
19.5305
25.0279
27.1707
30.8753
30.0309
30.1002
26.4775
22.8758
30.3490
23.0371
25.3225
28.0803
29.7030
28.8997
25.6854
24.8218
27.8916
28.0250
22.7544
21.2663
27.6017
26.4321
29.6763
29.3290
30.4153
24.6127
29.4260
26.7540
25.4005
26.5473
30.9446
32.7469
37.2938
28.0513
29.9020
26.6294
24.3362
19.8627
27.5810
32.8742
24.4539
24.1959
31.7621
31.8026
24.4994
25.7682
31.2051
24.5377
29.5182
27.4431
27.4672
30.7690
25.9324
26.3575
29.0753
25.6084
31.9602
26.6822
27.9771
21.5668
30.4793
31.6217
21.2142
27.6332
30.9783
28.9059
26.4059
27.4271
29.6431
28.7447
30.3834
30.6723
26.7023
27.6971
27.5100
28.9693
30.7864
29.9819
22.6058
25.7839
29.7937
34.4059
25.4611
28.4050
28.4986
27.5633
30.9261
26.1881
23.9087
28.1710
30.3852
22.1140
28.9375
25.8284
26.5035
32.3144
30.8346
32.7762
24.7404
25.8477
30.6879
29.5622
23.2137
33.4151
34.9101
25.4822
23.3438
29.1793
32.6518
28.9550
27.5242
28.3863
29.4488
22.2245
25.7448
25.7966
35.5216
21.0625
26.3057
27.4916
30.4309
28.8869
32.4595
33.1345
35.9540
27.3198
29.5085
26.1191
31.1785
29.7044
29.9874
28.6585
32.4245
33.9460
26.2294
26.2296
24.3856
32.1492
33.2653
28.5046
27.1878
28.2652
27.8200
28.5850
31.0593
26.4771
26.0945
21.9391
26.7554
34.5153
22.7213
28.2700
24.8046
25.4848
23.3120
25.6360
18.2059
23.3608
27.0150
25.2334
29.4483
25.4071
28.4198
28.0764
30.0462
21.4930
29.1528
22.1923
24.4436
32.1626
27.7140
29.3918
28.7330
24.7477
26.8306
29.8193
28.0544
29.5554
21.9156
32.4901
27.2183
32.4683
25.6469
23.7775
35.2298
23.8133
26.3488
26.4477
25.4899
27.7324
27.2743
28.5759
30.3133
28.2746
33.4920
25.5944
23.1978
30.2962
27.4373
27.1249
22.8898
26.3661
21.2078
33.1569
26.0527
31.7399
25.5266
22.1793
27.5740
22.8210
24.3928
29.4108
25.5338
22.9766
27.6260
27.6471
22.8919
23.2020
32.8452
29.7651
32.1541
25.7718
21.1740
28.0502
29.1088
29.9131
33.3315
28.9051
26.1766
21.5585
29.3653
26.5562
27.9567
30.1754
32.2322
32.8003
28.2124
28.3148
20.8259
26.8892
28.0807
26.2752
31.6992
26.8427
25.3652
23.6430
27.3080
29.6290
23.7646
29.8457
22.3152
30.3520
28.8727
28.5968
28.3960
23.9433
31.2292
33.0695
31.0706
27.2125
25.4364
25.4125
28.8470
33.5186
23.3468
32.1453
27.5445
34.9137
23.9833
31.6789
32.0470
26.5384
30.9914
26.5207
27.7512
26.7216
26.4595
27.4139
27.5657
25.5977
27.1734
24.0371
30.1640
21.8519
26.0873
22.3599
23.3424
26.9254
29.1199
27.8674
30.4568
27.5704
28.0594
31.5222
34.6394
35.0879
26.7118
28.0004
34.5406
29.1576
27.3595
28.3691
35.5799
29.7037
32.5606
28.6743
24.1624
20.9876
24.0616
24.7968
27.4800
23.8897
24.3360
25.1350
26.0862
28.7247
31.8963
28.4639
30.2499
26.8418
28.4644
27.9210
26.9560
22.3855
31.1220
24.2137
24.2067
31.2234
28.0597
27.3666
30.5995
27.0021
26.3763
31.2772
24.2333
33.3638
28.2878
33.8526
33.2084
27.2291
24.0969
25.4061
28.5679
32.5983
23.5931
30.7982
21.2166
22.2999
29.1058
28.0666
27.0359
28.1683
28.1318
26.9237
26.6878
24.5764
21.9276
28.4918
27.0771
29.3373
26.3419
29.9547
22.7794
29.4836
26.8857
27.5589
27.8597
31.5020
27.8830
24.9144
29.9044
27.7583
28.5624
28.5487
28.3449
25.7581
34.7684
28.8246
27.8092
24.9670
29.2466
26.9465
28.2079
28.6758
28.9220
26.3022
26.2331
25.0170
34.3136
29.4306
26.5882
22.2659
21.2832
24.2535
32.7265
30.9511
27.7096
28.1887
28.4309
28.5153
27.2834
22.7030
24.3083
26.8821
26.2702
30.7307
27.6512
22.9170
27.9160
30.2491
29.9964
31.8017
35.0151
33.8464
30.8721
28.9285
32.3540
25.3532
30.7650
28.3164
25.4048
24.0056
33.1840
24.7794
31.3976
25.7479
29.0212
27.3092
22.1979
34.3186
29.5522
22.8958
34.3901
27.4178
26.4306
28.5797
23.2907
33.1989
27.1021
24.5636
22.4302
23.4802
26.1366
25.7541
26.6103
29.5419
28.9651
30.3219
30.2795
31.7206
32.4214
29.5181
30.4474
32.1637
27.6807
33.0679
29.7372
28.2049
30.6681
20.5309
26.4064
29.3974
28.4307
33.7152
24.9602
27.4493
29.2036
35.7777
28.1879
28.5528
27.0857
25.1058
29.2632
29.2372
31.9357
26.7549
32.4343
30.0966
29.6977
29.6068
23.5588
33.5035
23.7267
24.9849
28.1438
27.4675
22.7719
26.2914
29.8265
27.2954
26.2000
31.3105
24.8724
28.1410
27.3691
28.8273
28.8535
29.5239
32.0393
35.8183
28.7976
32.3187
25.0506
31.1676
26.5298
29.9030
19.8540
25.6097
31.2143
29.9328
33.1770
31.5919
34.2687
33.2189
24.8695
25.3057
27.1405
29.9812
23.0946
33.0533
30.3084
28.4923
28.9737
26.0535
30.5451
25.5850
28.6542
26.8960
28.0259
36.0365
30.6280
27.6726
21.6656
21.0608
25.7376
25.4207
22.2774
32.0305
28.0480
33.3422
32.6298
29.4644
25.3994
27.7824
29.9506
32.6323
29.1066
32.5971
21.2771
31.2554
33.6311
30.1099
28.9230
27.3912
26.0478
26.1555
27.7449
29.4063
30.2680
25.8871
30.6336
27.5296
30.4086
27.5732
31.9710
28.7481
25.1014
28.1494
32.5265
27.5473
28.8309
26.9210
23.9818
25.2222
26.5972
22.8932
28.7861
27.6875
21.3864
26.6334
30.0137
29.8090
30.7551
35.2028
27.1120
23.3912
25.7901
26.6021
24.4071
26.0376
26.2931
29.7982
27.6773
30.7455
24.3252
27.2312
28.4854
31.0781
31.1981
25.0697
30.5836
22.3872
23.0609
26.8855
30.4999
25.4571
29.5734
26.9370
28.3650
25.2335
34.4214
27.2016
33.4523
23.6472
24.4679
26.6839
22.9091
24.5144
26.9143
26.0760
29.1738
25.3200
32.5163
32.4003
32.4739
33.2124
29.5963
28.7834
27.1452
39.3181
25.0416
26.5041
28.8702
31.1450
25.4462
26.3015
26.4093
27.4594
26.2207
24.7859
27.4074
27.7127
22.8093
31.5984
32.7251
26.8401
30.6730
30.5062
27.7127
23.9785
26.5135
32.4278
25.5127
30.1676
36.3275
31.7843
32.6837
20.2614
31.3661
30.8415
27.2665
30.8435
29.9757
26.6263
30.9068
28.2605
22.7239
24.1164
25.6320
27.8647
32.7941
30.9659
31.7105
29.4539
31.5996
29.0370
32.6241
23.9367
33.4874
25.6702
25.6751
24.6935
27.5441
27.8693
25.4254
29.3013
30.4015
31.4662
27.6329
31.8067
27.6544
27.2893
28.2682
34.3819
27.6878
30.1258
29.4267
30.2892
33.1731
27.1385
27.3081
32.2213
23.8847
31.8156
26.3260
30.8004
30.7757
23.8814
33.8604
34.0571
21.4734
33.0856
25.3855
22.3832
27.2192
26.4517
19.2649
28.9275
35.1052
33.8224
27.1422
35.7195
27.1598
29.3237
29.9558
30.6793
19.2186
27.6225
25.4175
28.2671
31.8596
32.2725
30.9014
33.6407
29.8217
22.7816
25.4179
22.9358
33.8526
27.8589
23.9901
25.5946
25.3843
22.2224
36.6098
33.1080
32.8885
25.4854
30.5406
29.4180
34.9251
30.3770
30.0722
26.7956
25.8301
35.2982
28.2260
28.1901
31.8853
27.9913
22.9445
24.3865
33.5904
27.8554
27.8507
26.1521
27.8466
29.4350
26.2044
28.9190
27.8068
28.3969
25.4605
23.7311
29.3829
26.3016
24.5106
29.9527
24.0396
34.1145
25.4337
32.6140
35.7916
25.1502
26.2279
24.5522
25.8046
27.3633
23.8755
27.6051
28.2160
34.3936
30.5941
29.0311
27.6282
32.1847
29.1788
28.9361
27.1470
23.9551
28.8570
24.4709
19.4052
23.2469
31.3253
30.5708
25.6742
31.5157
26.7684
31.3480
30.3682
28.2843
23.1763
26.0448
24.2208
32.5833
30.6616
32.1974
26.0883
25.4017
24.5417
19.6597
23.6033
22.7139
24.8953
31.1245
25.7429
28.7450
27.0436
30.0745
25.4815
22.1736
22.1936
26.9873
27.1083
26.8632
27.6247
27.1553
28.5254
28.6994
24.9680
27.6390
29.1047
27.4190
28.6298
25.9363
27.3127
30.8050
25.4074
23.8848
24.7938
26.4313
29.7641
28.4794
35.5925
20.0187
24.7988
32.4432
31.5910
22.2183
27.1250
29.7104
26.8631
29.1607
27.3534
29.4090
28.4624
23.7741
28.7949
24.8429
25.1791
29.4722
25.7084
25.9919
27.2588
33.9267
28.8820
34.8857
20.1906
25.1427
26.3686
23.6926
28.4555
30.9915
35.2923
24.1920
29.7533
33.1644
27.5490
27.4730
28.3182
29.0992
27.0494
26.5303
23.6458
34.2889
25.7126
25.9046
30.4659
28.6324
23.9954
25.8528
25.8595
31.8796
29.5498
31.3829
28.9975
22.5137
28.3476
26.0958
29.2423
26.5189
33.7401
28.9538
26.9989
30.7486
27.1983
25.4836
30.1921
25.3247
30.2166
28.8108
29.1530
23.6784
27.3394
28.1559
23.1646
30.1909
26.1432
28.2746
27.2460
30.6466
23.6569
32.2074
25.7997
25.2468
29.5019
30.2005
21.6710
23.9222
30.6374
31.2874
29.7367
25.6337
29.2140
29.2991
27.3866
27.9890
32.8888
33.4977
31.6734
24.1044
23.8707
20.3767
31.1442
26.9500
27.9626
32.3921
28.6794
30.3940
30.6517
27.0845
27.1201
34.1548
32.6191
27.6781
27.9955
29.3717
30.5051
24.4651
26.3225
34.2333
31.2641
26.0751
29.2694
27.0063
31.4557
26.1853
27.9788
31.3588
28.4145
29.0919
27.6796
32.1107
27.5935
29.4190
27.3330
32.7410
20.9808
24.1983
28.2914
25.1333
36.0256
26.8820
28.4852
33.7106
31.0801
24.0454
31.2971
28.7369
30.7105
24.2026
24.5886
31.9144
34.7930
28.7009
32.1278
26.5565
30.4956
31.4768
24.8261
27.0957
27.7079
31.8776
21.9474
28.4771
26.7735
30.4866
31.0871
27.6364
26.1051
23.6809
30.1970
27.5235
29.5138
25.7970
26.6085
28.5519
28.0247
23.0782
27.0021
26.2468
24.3367
23.2395
32.3097
26.5291
32.2529
31.7375
28.5136
29.9112
24.4587
29.7297
28.1198
32.3146
32.5773
31.8046
30.8734
34.7306
29.4794
27.8504
32.0438
26.0758
24.7921
25.6216
25.0428
25.4606
31.5718
27.8983
30.3697
26.2439
26.1116
27.0381
25.4840
36.5756
31.5242
30.7924
28.0835
26.0549
29.1228
24.7897
26.2766
34.4014
23.4235
30.0442
26.9354
31.3904
28.5733
35.4603
30.0323
28.3961
24.3214
25.6228
26.9741
28.9946
29.1097
29.0094
30.4624
32.0219
24.9603
30.9713
30.4962
23.0764
29.4188
28.9916
26.5834
26.1945
21.9612
30.0961
29.8345
25.3134
29.3254
27.5896
34.3724
30.1185
28.3554
26.6131
30.0221
36.4208
30.7110
26.2064
31.1503
28.6450
28.6698
25.9958
26.4040
29.4968
27.1102
27.9996
31.4157
24.3538
25.6552
23.4196
22.2038
26.6616
30.3818
22.9424
30.5799
32.2721
23.4081
28.5629
25.4779
35.5713
27.5237
30.4020
26.8807
27.3706
22.4638
27.0789
26.7901
20.9905
32.6520
19.2240
26.5769
26.5260
26.8251
22.9569
28.7164
25.5364
26.0760
28.4887
28.6532
31.1904
33.5212
28.6295
25.7105
22.4067
22.5249
29.5582
27.3271
27.8522
34.3673
24.8798
31.2670
24.1562
34.5399
33.2666
31.1580
23.6431
32.2041
29.3161
29.7332
26.2698
30.6058
36.2938
25.2868
28.8721
30.6191
28.4251
25.4047
24.2269
29.2888
24.4214
27.8802
27.3471
24.4670
32.8321
29.4752
27.7491
29.2768
29.3634
27.6065
25.4770
21.5883
22.3234
28.4860
27.0221
30.5095
25.5792
28.1001
32.3063
27.3342
25.0826
27.6863
27.1628
27.2266
25.4822
35.3808
29.3423
23.8318
27.0547
30.3046
34.0893
33.5370
26.4668
25.0671
28.8831
29.4288
25.0884
26.4953
32.4495
28.0489
22.3100
23.4395
26.5745
28.6811
25.1215
29.0092
27.6230
28.1860
25.5251
28.2047
37.4393
28.0442
24.1241
32.3537
31.6808
28.3710
29.5692
29.0182
25.3156
26.5129
27.3791
33.3512
27.0732
27.0844
28.0224
24.6325
22.5339
28.0813
27.4298
28.8195
30.3366
35.4762
28.7614
26.0352
28.7958
28.6612
27.5623
27.0742
32.4497
28.8267
24.8889
27.3318
30.9008
24.7226
27.5155
29.0011
29.6578
24.5547
27.7999
35.6149
26.2444
27.1997
33.1833
22.2578
28.7178
28.4414
23.3034
22.4075
25.1709
25.9736
23.3878
30.9409
33.6735
30.9753
34.3801
31.1871
33.0932
23.5752
24.7194
26.0868
23.6977
27.5321
31.4320
27.6212
29.5425
28.7301
28.9622
31.3667
28.1810
26.8651
29.7873
32.8026
31.1877
27.4036
25.3754
28.5164
24.1872
22.7536
33.0501
29.6445
38.1743
30.4197
25.8386
33.4039
25.8675
32.3496
33.1461
32.5350
32.3120
27.6084
31.0919
33.6146
31.2150
30.1890
30.0252
27.0891
30.2679
26.0758
24.7998
30.3394
26.4418
23.6993
23.0780
20.7790
25.1176
29.1928
31.4350
26.8427
32.5476
33.6325
33.2347
33.1133
32.4650
24.6467
26.5401
28.7436
31.5616
25.4752
32.8590
26.7221
28.2571
29.3729
31.7346
32.2991
29.5806
30.1885
24.9431
30.6618
25.8593
25.4051
24.3802
30.2523
20.9686
24.3259
23.4602
31.3580
24.2989
30.5606
27.8154
29.3624
28.9508
28.3390
32.5135
31.3652
26.6132
28.3867
31.2510
32.5211
29.9449
25.4349
30.3085
27.0853
34.6216
34.9775
28.5810
29.9068
30.4918
25.7420
24.0494
24.7568
25.6810
20.6318
33.9570
28.3699
27.9209
25.8293
29.2846
29.2367
34.4730
28.0738
22.6002
28.2878
28.3676
26.1358
29.3406
27.5023
22.7535
29.6029
29.5923
30.4251
34.2859
31.4859
23.2934
23.2619
29.9470
24.5969
27.4093
30.5085
28.5223
27.5946
30.2006
33.3402
29.6449
30.4142
30.1342
30.0396
28.0109
31.1922
31.8478
27.5777
26.4925
30.2476
31.6615
25.7038
35.2797
25.6790
23.9155
26.9607
26.0108
25.5537
23.4366
35.7903
31.3562
31.3191
31.8468
29.8789
25.3736
24.4771
25.9945
30.0568
32.1548
31.8465
31.6263
28.0215
22.9157
33.7654
27.8762
37.8422
25.8043
31.1503
36.3972
29.6910
35.5677
30.1488
28.6496
33.4786
30.5580
25.1950
25.0757
30.0542
33.7922
29.5546
23.1851
25.2729
29.4593
33.0447
28.9785
30.2127
27.6588
29.7875
31.0990
30.3698
27.2427
31.0001
27.3698
33.9965
22.4213
26.6639
26.4700
25.1803
27.3554
35.5170
28.1039
28.7464
23.7918
30.6190
27.1099
31.1842
25.6634
31.3039
33.3617
35.6644
31.6267
25.2721
23.6770
27.1920
29.4792
29.7014
23.4224
27.4539
28.0862
23.4571
19.6821
25.4937
30.9828
30.1193
33.4710
23.4815
24.7102
26.8832
28.8820
21.3617
26.9739
30.1201
26.9338
33.8307
25.1932
30.2831
26.5142
25.9151
27.4514
33.0817
25.0048
28.8641
26.7194
28.1658
29.2668
26.9109
31.7660
25.5760
24.1955
27.1482
26.6937
28.7770
28.9026
32.3009
25.8642
24.1500
29.4235
32.7412
26.5206
29.8311
29.3101
32.1002
29.7723
24.6295
33.8762
28.8275
26.7429
27.0877
26.5212
27.8867
22.8070
23.4846
29.5771
25.9861
28.1158
30.0345
28.3323
27.9438
24.4766
23.4102
27.7601
26.6536
28.3586
24.2405
34.7258
28.4211
30.7292
26.8701
30.8237
27.6326
21.8345
21.5509
27.2516
23.0145
30.1363
23.6092
27.1876
25.5510
24.4060
26.5824
30.0307
22.1445
30.7972
27.2107
32.0741
29.8650
27.8911
23.4410
32.0617
27.2599
30.8297
31.0428
29.1436
29.5146
31.4385
33.4303
27.6113
22.7961
33.4638
30.9959
34.8130
29.2267
27.5685
25.6184
28.0213
32.7073
25.0184
31.4623
28.8847
33.4928
30.4013
23.0528
31.4297
27.2548
23.4012
26.6233
25.5271
37.2733
28.2209
24.4001
20.5614
26.1583
31.8947
27.8349
23.6266
31.8958
28.9191
21.7979
24.4311
31.8033
27.9159
28.8953
26.7235
28.9482
29.1282
34.4115
28.7093
29.1341
30.1889
25.6771
24.4946
29.1014
29.6248
31.2583
28.7022
34.2473
33.4075
31.7381
25.2666
23.4478
25.6396
35.2641
29.3471
30.4348
27.2947
26.1546
28.1960
25.2946
23.1766
23.7274
28.2836
28.3404
27.3306
25.6377
27.4314
26.6728
25.8658
26.3681
27.6087
25.8673
26.9912
29.8025
30.6916
26.9069
39.6915
30.9386
23.3219
33.2576
29.5785
28.7438
27.6786
24.8773
24.8690
27.9807
28.0414
24.0738
25.9780
30.0026
25.7930
25.1441
28.1960
33.5405
26.8578
25.9733
26.0215
29.7682
29.9427
32.5718
26.0343
30.9532
28.9890
30.2874
24.3465
31.4820
27.6901
26.4615
28.6342
31.6649
26.7692
30.6033
26.4792
29.9451
26.0796
28.0314
23.8699
27.0678
29.8632
27.8868
24.5366
23.5014
27.2187
31.4744
27.0007
31.5547
33.3982
30.9264
26.4629
31.4677
25.7360
28.4886
29.4244
32.8790
27.8440
22.0319
25.8323
28.6448
26.6497
33.6321
28.0047
21.8107
25.1846
21.8616
24.9087
22.5020
29.3594
29.5072
23.2763
29.6268
26.7966
27.3221
25.2714
25.1801
36.9407
34.9257
24.3499
24.6128
19.4739
34.1070
28.4813
33.5965
26.2781
32.6218
31.4240
33.6693
31.9849
30.2829
24.9634
25.2631
27.0682
27.3939
26.3816
29.3761
30.1336
23.7797
29.3649
30.6974
20.4462
34.2994
25.2249
30.1520
22.4565
26.0259
28.3346
31.4266
33.4162
31.0332
26.7580
31.8482
24.6740
22.9071
24.3006
34.4820
28.1304
24.2817
34.3606
27.6274
29.8835
26.7176
29.8749
27.1058
32.8834
31.3276
30.5137
26.6841
31.7752
30.5086
26.4721
24.5536
33.5138
25.2412
26.9140
28.0002
33.3985
27.5769
24.2466
25.8649
24.9044
22.1039
27.4251
29.0797
30.0160
25.1176
25.1765
28.6975
25.2484
25.0161
32.8247
31.1615
32.0264
30.3035
28.8707
27.2646
28.3029
30.1512
29.3671
28.9323
22.5860
27.1317
33.0773
30.2568
32.4373
36.3471
28.1318
25.7142
30.6806
26.2652
31.9602
28.1877
26.9436
39.5835
27.4725
27.9165
25.9599
25.6294
27.1962
28.4240
31.1218
20.6866
26.1426
20.1318
28.9515
22.3472
23.5012
29.9174
27.8171
22.3134
30.2312
30.5865
28.9799
26.1031
31.8388
30.7706
27.9844
24.7566
23.9662
28.7174
21.3466
26.6448
19.8138
32.5499
30.9144
28.9150
21.1159
22.2733
33.3464
31.2699
27.3333
32.6352
26.9053
29.5697
32.1037
35.6523
29.1053
34.3287
25.9748
33.7246
30.1390
23.1689
30.9933
31.6707
25.8305
20.0787
30.1558
34.5897
26.5945
33.5504
22.2296
25.6386
31.3305
30.8586
21.2898
25.1833
28.8583
32.9135
25.0909
22.7190
25.8893
26.6275
30.3087
33.8214
25.3544
34.8624
25.9092
36.6907
24.0265
32.4525
30.5650
28.9270
30.3630
32.4499
28.6638
24.5262
23.3729
24.3461
31.3608
23.2706
31.0887
31.0717
29.8631
27.6107
24.3561
29.9855
27.2982
30.5688
29.3228
31.6220
28.8842
26.7739
22.9466
31.6754
27.2138
34.2491
31.0892
28.9136
24.7514
28.6360
24.1697
27.1982
31.4016
26.8795
30.2608
25.8429
31.3742
25.4019
21.3146
24.8903
24.8197
25.6507
26.3454
29.2837
30.8724
26.8336
26.6285
26.7289
24.9529
29.0441
25.8006
26.0626
22.7269
30.2092
30.4450
24.3247
25.4936
38.3607
28.2953
27.9633
24.3923
33.6488
34.7769
27.7917
24.1633
26.1541
29.5651
28.9273
35.1429
27.8963
24.6680
28.0410
24.5453
24.6177
22.8230
28.0374
30.7878
31.3203
30.6227
31.6395
27.2194
31.3284
23.1921
23.8869
31.0119
27.6360
28.5082
24.7613
31.4169
29.1411
29.9114
29.8666
25.0071
30.1578
35.5640
27.4261
27.1362
25.7700
33.4504
26.3076
32.1354
25.4226
25.0528
30.7446
28.4913
30.7735
29.8015
25.4812
25.5329
32.0149
33.2768
25.5586
31.4683
24.4936
25.7849
29.2460
34.4241
25.8195
28.0550
26.0002
28.0169
22.9470
30.9522
28.4462
31.1828
30.4172
32.7103
26.2179
21.8581
22.5303
27.0263
22.1832
30.6256
30.5098
30.6202
29.7783
26.9397
29.8274
29.6289
31.1177
28.9144
27.6494
27.8743
29.5422
27.6302
30.5036
27.2485
25.7182
30.7909
28.4348
27.0237
31.2139
27.9176
28.9282
28.5764
23.4355
29.5004
25.4763
26.6750
34.6919
26.9182
29.4992
26.8948
24.2448
30.2264
30.4724
27.7451
28.9058
26.3741
24.6777
27.7865
27.7724
28.2611
21.0635
32.5229
30.2864
30.4705
25.0854
31.9914
29.3109
30.2516
28.4031
27.3613
28.2360
30.6882
32.1409
22.4572
31.0754
27.2238
27.5175
29.7582
28.7399
28.4674
32.6739
30.5768
28.7930
28.0654
25.8188
25.2707
28.8439
30.9307
35.8175
33.3148
21.8807
29.9122
28.6215
22.9812
20.3258
26.3636
31.6660
32.6888
30.3895
24.0244
29.8718
28.2197
31.4371
29.6553
28.5138
25.6094
29.0499
27.0402
26.1191
27.9588
29.0823
30.6500
28.9361
27.3588
29.7947
29.5939
26.5841
37.1260
24.0043
29.4168
33.8510
25.0463
27.3558
24.3540
33.0194
28.2313
27.1628
30.2346
28.0988
27.2678
30.4345
28.7491
28.3687
30.4320
22.5383
26.2080
26.0078
27.4983
25.0499
35.5255
32.3054
30.8625
21.7800
30.8003
31.9791
24.6839
33.6159
29.2229
28.1548
32.1224
33.8438
26.1557
28.9283
25.9216
26.2884
33.3637
27.8057
32.2623
28.3489
28.5426
29.8693
24.2166
27.8729
28.0565
22.2610
27.1766
30.5090
32.2117
26.5740
22.8540
27.5683
22.7456
30.0002
29.1060
30.3477
29.3934
31.8246
34.2839
33.1406
27.7810
27.9903
22.3400
25.9309
25.1493
18.8131
27.3514
24.4925
20.5361
30.3498
31.8549
28.0893
29.3110
29.6032
33.3139
28.6356
32.0219
30.9850
30.7676
30.4033
26.8038
28.4297
31.4952
26.4120
34.0148
24.5272
24.8445
26.5685
28.3130
32.5337
31.7401
27.0579
28.3303
28.8643
29.7888
27.3795
29.3822
25.2948
22.7349
29.6101
27.6261
28.7741
34.3383
27.7641
26.8326
25.1010
32.6725
31.9782
30.1182
27.6294
26.1765
30.6142
34.6820
28.7988
25.7598
33.2453
21.9814
29.2066
29.8677
22.4531
31.3511
28.7208
23.1477
34.9334
35.3876
25.6319
28.3832
25.5285
27.7760
25.4342
28.8806
28.9181
22.7704
26.5145
25.8412
29.3518
28.4293
30.0048
26.4829
31.8252
31.2530
34.0712
26.9359
30.4248
29.2866
28.1540
27.2496
29.9494
24.5020
27.3614
23.4534
27.8264
29.9709
31.8059
25.6305
33.1266
26.9550
29.8271
27.9508
26.3871
26.0792
25.1598
25.6590
33.1337
30.4086
28.5025
24.7534
23.6996
32.4471
27.1919
26.0128
23.9892
26.5851
23.6178
28.0154
26.9472
33.8258
29.8632
36.9077
30.6556
25.3836
27.6460
28.9011
25.0826
30.2426
24.1511
29.4012
27.4440
30.4995
29.9600
22.5211
31.5055
25.4206
30.1262
33.0006
28.4900
23.3656
27.9204
28.3575
25.6539
24.5058
30.4451
21.2688
22.5036
29.7637
27.4966
26.9965
30.0388
23.5063
29.2260
24.6525
27.1196
34.0643
27.7699
23.6910
27.7404
27.4640
30.6398
34.6254
29.2743
21.5751
28.1769
31.5409
28.6549
22.7957
29.3574
30.2272
30.1018
34.1151
30.1635
30.4909
29.7785
34.8913
26.7117
29.6215
27.7564
28.7490
31.6619
27.6854
29.4226
20.7097
27.4851
25.2465
25.3157
27.1497
30.0990
27.4283
31.3078
27.2408
23.5820
24.3731
36.4034
32.7119
25.4380
23.5727
25.2050
32.0995
21.1432
30.7948
22.0232
29.0243
22.3168
23.1846
31.4841
26.5908
30.1135
25.9939
25.6530
32.2869
28.8914
27.0329
20.0143
34.8658
27.7147
25.3843
23.5872
32.0332
30.5932
31.3687
27.0702
28.4120
31.4026
29.7431
24.6227
23.9340
28.1680
25.8981
22.0729
26.2596
31.1213
26.7845
26.3928
26.5247
31.6553
27.4463
29.8395
28.5189
30.9511
31.1237
27.2230
29.4709
28.5718
23.1214
23.7558
27.1787
33.9994
30.6527
20.0334
23.5222
25.6872
25.2056
24.4992
28.0555
29.5616
24.5232
28.3387
26.0770
33.5484
27.1458
34.3321
32.8291
30.5934
31.8665
29.5028
29.2607
29.4149
25.5128
24.0964
23.6649
26.0748
25.3432
26.6070
26.5177
29.9259
21.9997
24.8210
27.0498
30.5337
25.6114
29.4648
29.2917
25.4301
30.3408
29.5630
33.3456
25.1379
31.9823
29.0068
26.9232
21.8644
29.5686
30.8732
35.0263
28.0928
22.1590
32.3634
27.3877
33.9127
22.2032
30.2560
26.5471
30.2759
22.8302
29.7376
28.6878
28.9217
23.5885
25.2598
29.0389
31.5964
31.9232
29.2810
30.4847
28.7308
31.4722
31.0769
28.8244
27.2710
27.0561
23.2463
30.3552
28.9785
26.8702
27.6090
26.5536
29.6802
25.9326
26.2895
27.5947
32.6773
30.0818
28.8035
25.8811
25.3400
25.4378
30.1168
23.3946
28.2688
30.1192
32.9841
35.0014
35.5608
31.3574
31.4044
28.2355
28.0367
26.5773
22.8360
26.4311
33.9646
33.3797
24.6077
27.1420
29.4118
22.7619
23.5190
22.6349
27.8706
28.0908
35.8125
37.1053
28.6016
29.2975
33.6921
29.1577
20.6529
28.0481
26.6115
30.6285
28.9962
23.6574
28.2222
24.7731
22.4229
32.5131
26.9543
23.5297
30.9335
32.5834
30.9141
29.3614
28.7586
22.8453
26.3801
30.9476
28.5890
26.7742
27.4037
32.9690
30.4918
24.8635
30.8353
21.8036
30.0277
24.6213
28.0755
29.9151
23.9839
20.8726
27.1417
29.0269
27.2110
26.0358
32.1163
27.2545
29.6036
22.0590
24.9305
29.5826
25.1111
23.4997
22.1172
25.2256
29.4008
29.6653
24.2899
23.4637
21.0885
27.2564
25.4524
28.4364
22.8684
27.1414
30.9043
32.6921
31.2756
26.7819
24.6121
37.7451
29.2120
27.6253
32.1969
30.2196
24.8980
27.2499
25.0954
25.4470
26.9495
28.0830
26.0997
29.0727
28.7104
23.0794
25.7229
29.7700
25.2173
33.4675
33.7274
31.5776
24.3089
21.6887
26.4180
27.9083
35.2593
27.0010
28.5619
30.1778
34.6261
29.0819
29.0751
30.3007
31.1231
26.6529
35.1328
28.8735
30.3328
26.3698
24.2813
26.0486
33.3524
24.5802
27.1586
24.5802
26.9715
24.7127
29.6487
25.9132
27.8168
26.8055
26.5939
28.5767
28.6979
25.3111
21.6788
32.0056
24.5282
24.8405
28.3201
30.1941
30.6735
31.5147
35.6403
32.2249
24.2820
27.7677
26.9394
21.9631
32.2716
29.1745
26.5193
32.8946
34.8432
25.1171
27.6542
25.9231
29.7939
32.7373
30.9888
29.4599
21.6427
28.8877
31.0833
27.5497
26.7000
22.7779
29.2133
27.0075
27.4231
29.7974
27.4201
27.5829
26.0613
25.1746
32.1434
27.3904
27.8138
27.2313
25.1373
33.1957
22.7182
28.0079
24.0275
25.8090
29.0703
25.1389
24.9423
20.9603
29.7455
28.5522
30.4437
27.9702
26.7534
27.7343
31.3280
31.0174
29.7608
29.3788
22.2761
28.8109
32.6911
31.6467
25.4530
28.8042
19.1431
27.4277
29.6782
27.9007
27.7299
29.4596
26.1066
22.8300
26.0123
22.6127
28.3771
26.8496
24.7531
31.9886
25.4598
27.7629
34.2271
33.3077
27.7799
27.5614
27.5750
31.3603
29.4614
25.8950
26.4205
23.5863
31.0150
27.3215
33.1093
31.7730
28.3500
26.8225
33.4373
30.1390
30.5096
30.1226
28.7358
27.9309
21.8321
22.7744
30.5229
33.0377
23.2534
22.5460
28.6071
28.2286
34.9717
26.5675
30.7187
28.8639
27.3986
33.0427
27.6535
22.2336
27.2739
25.7747
32.6008
28.5056
27.5062
25.5431
28.2303
21.8821
30.5000
26.9951
32.2914
26.3416
30.5117
30.9856
26.9775
26.2010
24.2497
25.5461
27.6370
24.7678
22.9986
28.3633
22.8864
28.7867
29.1737
30.3955
31.1941
30.1707
26.2436
25.8132
35.5135
29.7308
27.2211
25.4959
25.5109
26.0143
27.6596
27.6825
30.6625
25.7478
29.1397
30.4546
29.9537
25.7492
27.4621
25.0946
35.7421
27.5136
29.6990
38.7387
26.2459
27.1302
29.6319
29.7457
27.9571
31.6444
29.7595
30.2115
33.7039
29.8217
25.7072
33.8734
20.7503
31.4689
25.5433
26.7196
25.8136
27.9627
25.1055
28.1219
25.5086
27.3906
26.4973
28.8148
27.3883
22.9622
29.4870
30.7264
23.9569
26.6659
29.6243
29.2134
28.1770
22.6671
31.1739
30.8209
29.1269
30.1632
28.2062
31.3407
32.9401
25.0976
25.5437
26.5319
30.4708
26.1653
24.3159
27.8376
26.9476
21.5905
24.7442
30.3139
26.4995
32.7655
30.6336
29.3799
26.6167
23.7888
30.9006
23.1806
28.7104
25.0580
30.1284
30.4468
29.1886
35.7379
26.5094
27.1539
31.8975
30.3867
32.1102
24.3090
30.1520
28.3906
25.5205
24.7608
34.3923
29.3088
34.3508
28.5227
25.1406
27.1348
29.4071
31.2202
32.4987
25.7872
34.7426
32.9140
30.2037
24.3318
27.3136
25.5783
29.6702
25.7480
29.5101
29.3840
31.5854
34.7637
23.3146
25.7272
31.2516
25.9026
28.1305
31.7975
27.4982
27.5191
31.4830
28.1973
30.1793
27.0433
31.8940
31.2932
28.5041
22.9004
29.9657
24.0285
23.1860
35.4071
30.4070
34.9016
32.8287
34.2274
29.5013
26.5745
25.4726
28.8994
27.6629
30.3505
32.8944
30.1423
28.3787
23.5890
31.2981
24.8668
32.8926
31.4722
26.4771
29.1768
27.7575
26.3794
30.7291
28.2193
28.3315
27.6073
35.9147
26.7938
26.7626
31.4825
29.0852
28.9864
25.4251
28.1836
26.5144
32.7798
27.8694
30.3015
25.0312
29.9011
29.2689
26.2273
31.2945
35.1038
24.1878
27.8165
24.6206
22.2496
29.6750
29.6318
24.1411
22.0009
26.1602
26.2418
29.3667
31.4835
27.8640
31.8353
27.6757
28.2193
30.7701
25.1846
25.5015
29.0683
23.9463
28.8760
27.5244
24.9447
25.8101
32.2563
24.2846
23.6419
36.2094
27.8006
33.3613
32.7198
34.4021
23.6663
36.4914
27.4365
25.3976
27.2563
28.2827
29.9300
24.9809
25.1603
30.2949
24.2628
28.7316
25.4244
28.3905
29.5594
25.2065
30.7939
29.8742
26.6332
27.2071
28.9475
25.1894
24.0603
29.9151
25.1650
32.8149
33.5435
32.6406
26.2858
27.0611
28.0549
34.0959
27.5998
28.0517
30.1698
19.7399
25.0731
32.1801
26.5678
29.3578
30.5489
30.2437
30.1435
29.2522
31.5708
30.6733
31.8303
32.5298
31.1904
28.6572
28.0700
23.6995
29.8126
22.9801
33.3002
25.7067
24.7168
29.0427
27.0049
34.1962
29.1802
25.8594
24.2677
22.3418
23.8300
33.4162
28.2912
32.7671
32.4181
31.0360
28.8802
25.5008
32.4009
22.0161
29.3250
29.5802
25.7705
29.5108
25.8164
28.6212
33.3547
24.1926
31.9196
26.9199
32.1432
28.7012
31.9443
27.1803
25.2330
25.8950
31.2187
24.2694
27.5014
33.9307
27.1495
26.4435
32.2502
27.1714
25.2376
25.3141
29.8103
22.1323
26.5626
26.3835
29.8122
34.6966
28.0478
27.8518
19.4264
30.3734
28.0853
32.4222
29.0495
27.7944
21.0973
27.1468
30.4192
27.5629
31.5326
30.4755
34.9706
33.4413
32.9610
33.2052
27.8277
24.0217
26.5401
26.9817
21.8105
25.6447
23.9107
34.2871
26.1408
28.5828
26.4200
33.4861
22.4414
28.3685
27.1927
22.7695
32.1683
32.4241
27.3689
29.3608
29.2988
31.3449
30.3940
31.6524
31.2544
28.9836
24.4092
38.2748
29.8939
27.3577
29.0535
31.2244
25.5623
35.4563
32.3991
28.0000
24.2951
26.5327
31.1369
23.8599
21.7343
27.5451
19.1162
26.5446
24.6804
31.0601
25.8201
31.9081
26.9554
30.0485
25.9965
30.7215
26.4134
31.9179
33.0889
28.2433
33.1653
30.3754
29.8631
27.6090
29.3242
24.4493
27.7349
35.0297
27.3791
32.0063
26.0734
28.7192
26.1301
28.9135
20.4851
30.8196
27.4383
30.8450
30.4419
33.7881
27.1336
26.8766
26.4105
28.1558
25.4021
29.6137
29.6765
28.7435
27.5561
26.5752
23.0780
28.4245
24.9202
23.5281
30.2409
30.2721
29.0805
29.1430
28.9406
33.6619
20.4371
31.2693
35.2720
28.7272
28.2573
21.3574
23.2330
21.9749
25.4120
28.4966
26.5269
28.2351
32.0471
26.7930
28.4140
21.3261
26.2771
23.7022
30.5240
29.2274
28.5551
22.4375
24.1041
21.3166
23.5585
28.4131
28.6332
26.1191
25.5158
28.6976
22.6817
21.6699
27.0037
23.2279
35.2906
26.1770
27.0583
26.4235
29.6971
29.5243
32.7712
26.5687
26.0997
26.9582
25.6159
29.2267
32.2449
30.5235
28.2423
34.4518
32.4943
30.2030
29.3936
33.9981
33.5757
26.8347
27.1774
27.2258
28.7115
23.0764
24.7677
34.0241
34.3218
34.7973
33.3997
30.1411
32.9331
24.6301
29.6367
26.4789
31.9162
21.0872
27.0135
29.9434
27.6496
32.7332
32.8400
33.1543
28.4790
36.5117
30.3516
27.5363
22.0812
25.0043
24.3523
27.2232
22.4296
31.1171
35.2120
30.1767
25.1873
30.0252
23.6106
30.3109
30.8249
33.1622
25.8211
31.7896
26.6887
25.1263
29.7465
34.8946
19.0030
36.1317
26.5602
23.9090
25.5999
31.4394
25.1399
25.9202
23.1578
21.4336
23.9690
26.3029
25.7492
25.9035
28.0572
23.7107
27.1283
27.5456
29.7283
29.3136
27.4066
30.5874
23.1681
24.9410
27.0239
35.2904
30.1542
27.6641
35.0993
25.1723
23.9341
30.0000
25.5083
27.8276
28.6503
28.8494
26.5592
26.7912
31.2162
33.3578
29.7321
24.2949
30.0039
28.3087
32.3080
23.6595
22.2696
31.2804
22.9350
23.4557
28.5112
36.6284
28.3003
28.5107
27.7066
27.1844
22.0333
29.9496
26.2593
20.6139
23.9992
31.5893
29.9844
28.9462
26.3736
25.5314
24.6499
27.5787
25.8728
31.1452
33.4445
29.6822
30.2058
31.2647
27.2574
21.9250
25.6168
26.6805
27.9800
22.5974
26.8294
36.3015
21.2651
21.7218
28.3968
29.5448
29.4394
27.1293
23.2653
24.1971
23.3990
24.2046
27.2206
26.5307
28.6531
28.2785
25.8323
26.1055
33.0792
25.2667
31.6936
31.6257
30.2526
26.7961
28.7098
30.6396
26.2753
28.4808
28.4887
27.2551
24.1852
24.7645
31.0538
28.6424
29.9983
27.3956
27.2968
22.9018
27.4685
22.7497
26.1496
32.6141
25.4469
24.8504
29.8896
29.1682
31.4022
24.9675
31.8323
29.8607
34.6845
29.9825
23.1052
23.9525
33.1121
29.6466
27.7031
23.9859
24.7855
33.2571
28.2859
26.1690
26.6533
21.8440
29.8068
31.3478
24.2692
24.3364
27.0067
32.5657
24.4862
29.0073
29.9825
27.4634
23.7426
29.7674
25.7508
26.6640
29.5544
28.0569
33.0904
28.8585
27.3577
24.1004
31.1180
23.4616
29.8827
29.6199
25.4238
28.4385
24.6133
20.4805
33.3116
26.0761
29.7979
34.2064
31.1461
21.6958
26.7745
32.1762
29.8557
28.0770
29.3931
35.1496
31.9663
35.4881
31.7595
23.8275
29.9561
26.6093
25.9759
29.2229
33.2208
24.7638
29.9701
25.4792
24.5206
25.5011
30.5164
22.1085
24.5283
28.5555
26.3102
26.2360
21.7860
32.6976
28.8851
22.6573
30.2606
34.1503
26.9342
22.6923
27.7958
30.1465
28.1066
27.8356
29.8534
30.1504
24.9863
27.8320
24.2013
21.9675
23.0463
31.2099
33.9400
26.1682
31.1900
19.0211
26.4028
25.9333
27.0477
27.6491
25.2601
22.5241
32.5780
25.8655
23.9265
28.3778
31.6493
24.0785
29.3480
26.6448
26.4861
28.1588
29.3458
23.2837
32.3246
22.7781
28.1990
25.1987
28.3926
27.2571
28.4350
28.2250
30.0908
28.6986
29.6155
32.0069
28.0635
27.6024
24.1104
30.7341
28.9677
28.2486
30.5993
31.9671
29.5000
31.7121
26.1356
30.6529
24.4840
23.4360
27.2576
28.6230
28.7138
26.4235
28.6469
23.5059
31.6384
27.3872
30.5720
25.2469
34.0141
26.4599
25.3410
25.4689
35.9648
35.0165
23.4000
34.8791
31.0597
24.3456
28.2079
26.2455
28.3210
25.0239
30.8958
27.3543
24.3383
30.1052
28.6964
29.5802
25.8358
31.4256
31.3312
23.9422
24.6357
24.5880
31.7089
34.2669
29.0533
29.4406
26.7617
26.2954
31.4966
32.1050
26.6107
25.0939
26.1787
28.6669
23.0351
28.8914
27.6584
23.6203
23.6582
24.9566
28.2235
30.1567
29.4431
26.3722
29.5635
25.3125
30.2032
22.5175
25.7995
25.7769
27.8700
30.6515
32.6203
29.2494
34.1242
29.8196
32.5678
25.8355
25.2996
26.5390
28.9023
25.0889
21.8870
25.7058
27.1940
28.7128
27.6842
25.9785
27.2152
27.5855
31.1834
25.8758
30.0833
30.9472
24.7004
29.5271
26.4731
29.2784
28.1815
30.5860
31.6656
34.3795
29.0296
26.0343
31.4764
24.9562
27.4570
23.7471
32.6005
26.2371
26.0192
25.8379
32.4687
35.0468
23.4386
31.8105
28.7363
36.0346
34.6662
31.9600
28.2648
26.2752
30.5780
28.2986
32.1516
24.8129
25.7036
29.6824
33.9956
29.6294
25.7914
24.5929
25.6668
25.4057
32.3852
25.8544
26.4570
27.3225
33.1270
32.1997
23.7723
33.3313
25.6993
27.3553
31.3212
35.8926
33.9618
27.2484
25.5157
32.4906
23.4886
30.7982
20.4493
23.0455
34.4545
27.8342
19.8412
33.4793
31.9783
25.4474
24.0186
27.0693
28.6069
31.7386
29.4276
26.1939
31.6461
29.4671
26.3052
31.2923
30.2493
29.9473
25.5005
28.9321
26.2901
25.6927
21.5573
29.2019
28.7900
30.2616
23.2160
22.3654
21.7129
35.0947
25.8436
28.7055
23.7028
26.4694
32.7397
27.7635
33.9338
33.3046
31.3758
22.2231
31.4302
25.7952
28.1148
21.9693
30.0075
28.0348
25.0310
26.3195
30.3681
36.1437
26.2820
29.8423
28.5882
25.3740
26.7483
29.9900
26.9294
30.3569
23.9320
26.6546
24.3163
28.1781
28.1325
26.3714
30.7193
28.8795
38.1539
31.1906
30.6066
27.3613
25.0533
29.5504
28.8714
20.3791
24.0635
22.7664
24.7823
26.0562
31.5671
27.9516
27.6879
28.8693
31.1302
28.6558
26.6552
28.8472
28.7084
29.8180
26.1409
22.5652
23.2885
24.4320
28.8770
24.3535
29.3089
34.9161
26.2276
29.0569
29.1456
27.2034
25.2078
26.1923
30.6136
25.7023
25.5050
26.5248
31.0945
29.2557
28.0811
24.9483
32.9527
21.9273
29.0308
34.1495
29.2667
29.9680
30.1660
27.0871
28.4131
23.6337
28.3676
29.8269
28.2663
28.3811
21.2675
25.4725
24.1424
29.7537
31.2539
29.3152
31.6781
26.4502
24.2127
22.4503
26.2655
26.7766
29.7727
33.3147
23.9571
24.4742
24.3829
22.4932
27.2361
27.5029
34.7501
29.6856
29.5418
28.0802
24.3714
31.3487
32.6773
27.6958
29.7165
31.3538
28.5278
24.4367
26.6286
26.1159
30.7005
22.1952
30.2595
24.6433
29.2206
29.1569
30.3567
35.7216
27.7750
25.5474
27.1607
25.9137
25.1449
25.6225
27.8696
29.4755
31.8213
23.4290
27.1768
30.2675
28.4682
31.1055
23.5481
27.9912
27.5565
26.2652
21.9290
31.6127
29.9012
25.3808
27.8191
27.0964
28.4281
19.1923
23.0851
27.0488
24.4213
31.9832
32.4958
26.0766
27.0704
28.8712
30.1128
31.8026
26.3552
26.3015
25.8758
31.8319
26.6152
25.5388
28.4726
25.5743
31.9343
24.4253
28.6530
25.9835
26.3834
29.8351
23.4434
21.0471
27.1196
23.3150
31.6401
23.9018
22.2530
22.7955
27.8579
23.5875
21.5912
27.4355
29.1079
27.9766
28.7681
30.8174
29.3016
25.7974
26.6545
22.2465
29.9548
28.8986
31.1058
21.4431
23.8386
25.2117
24.9882
28.5426
27.9302
28.2324
22.8371
23.9841
26.3334
36.1114
24.7442
25.2376
28.8796
26.7659
32.3277
23.9825
26.7913
22.1849
20.3042
29.4813
21.1591
29.9619
27.7878
25.6150
29.6340
24.2637
27.5364
24.8022
32.7175
23.8426
22.9475
27.9066
29.8530
27.1075
24.5776
31.2457
34.2123
29.0261
29.7087
25.9512
21.5282
29.0710
26.6119
37.4768
26.9951
31.6317
30.6900
30.3893
26.0957
30.2460
23.1113
26.0868
31.6970
29.8797
29.2853
28.7316
24.1947
28.8268
31.6524
33.1777
26.3118
22.5799
26.8067
28.9192
27.6564
23.4236
27.8220
26.7715
23.1468
22.8584
27.6514
31.2743
33.0734
29.3159
30.5309
25.5160
30.3937
25.3398
24.9622
32.0905
33.5902
31.1592
27.8711
26.5437
26.3942
27.4986
36.0302
26.4558
25.0389
31.2960
28.8196
27.3996
25.6278
25.7164
24.3998
18.9798
26.5803
36.0012
28.2125
25.3563
27.0203
28.2009
23.5924
25.5178
34.8466
29.3707
30.0537
26.0298
34.9846
28.6111
29.2163
29.4876
27.7342
28.8648
28.9113
28.5714
25.2366
31.1493
34.6019
28.5775
31.0267
27.8158
29.4663
25.9288
34.7601
31.5230
24.0141
30.6141
25.4288
27.4615
22.3430
24.3226
26.8880
26.3547
32.4258
27.0277
28.8802
22.1074
33.0838
34.5514
35.3131
24.4153
29.4131
23.0907
24.1562
32.0624
28.1749
26.6119
29.0885
32.2815
33.1695
25.1053
21.3886
31.7851
25.5159
29.3136
24.3436
28.7639
29.0663
33.1394
27.3619
28.1119
27.9781
32.8750
26.3936
25.3360
32.6882
29.6466
30.0727
32.0936
24.7859
31.6755
22.3943
23.5290
29.5523
25.9637
24.5884
27.8045
28.9689
24.1550
27.7695
26.6133
25.5511
25.6597
28.1843
23.7479
33.2934
27.4601
34.2760
33.2785
33.1183
28.9729
25.8758
25.7968
28.1572
25.8061
25.5010
33.1848
33.2080
33.0000
33.1837
28.3747
26.1302
31.4085
26.7166
26.0727
21.2382
25.2478
33.7850
30.1072
23.3689
34.6320
24.6529
25.1384
34.4912
20.2105
27.2005
26.8596
21.2557
29.6461
28.9614
30.4134
27.0192
35.5439
33.9380
30.6482
35.0337
33.5769
26.8298
29.0954
29.4951
23.8562
25.1964
30.5624
30.9895
28.2502
27.6721
34.3526
25.4298
21.9434
26.9150
30.6968
31.6122
29.6576
28.3454
27.3125
33.2212
31.3748
29.8679
29.4382
26.1490
24.0229
28.7222
27.7104
26.2687
23.6513
24.3928
32.4279
32.9962
33.9498
29.0062
28.2555
24.6144
28.6591
29.7662
27.2837
32.3824
25.4202
30.4468
27.9311
32.7702
27.7017
32.7597
29.6553
26.8125
26.2647
27.8312
24.9810
25.5202
33.9768
23.1924
28.1611
24.1925
25.9602
34.1787
28.4264
24.3392
38.5211
32.9212
29.2562
27.3745
30.5464
33.7614
27.5536
30.3477
23.1359
26.4677
25.5020
27.7114
29.4326
25.6179
24.5316
22.6443
30.3399
22.6422
26.0798
25.3602
26.3328
32.8697
28.4049
29.3843
29.0663
23.3072
27.8812
24.1211
29.5324
26.3573
30.7563
36.7408
24.8284
27.5988
29.2243
33.5280
30.6071
27.1252
27.9025
26.0237
26.9809
31.7858
28.0112
28.2787
32.3930
25.6501
24.9255
23.8443
32.3109
25.0323
28.0069
24.6094
28.4938
32.0063
26.4084
32.1751
31.2963
28.2493
27.1291
27.9574
28.1452
32.4781
23.0757
34.2592
28.4844
35.4383
32.0287
29.4179
26.2294
30.2968
32.9234
29.8002
24.7679
28.2827
20.0787
29.3845
27.0764
26.0451
28.6459
29.3014
33.5922
27.3147
25.7308
26.7528
35.0668
25.8385
31.3954
27.8590
24.5493
29.0032
26.4674
27.9114
25.3062
25.9840
25.1762
28.9697
27.0430
29.7920
28.5181
23.8981
24.7224
25.3618
35.9928
31.3686
30.2373
26.0348
30.8008
31.8629
27.7321
31.6375
26.6914
28.8951
26.8960
26.5455
28.2860
30.9039
29.4856
27.8636
24.1835
35.9501
27.8287
32.2641
30.9902
28.2605
27.0546
28.9326
24.0813
25.6275
23.9938
25.5467
22.0482
26.7196
27.6182
22.6052
33.9139
28.4766
30.5057
30.7800
24.5042
25.9512
27.3482
27.5131
27.4538
23.4021
33.0911
27.3120
27.7535
21.7701
33.4195
32.7361
29.8698
32.9105
21.6449
29.7104
30.8166
28.8932
25.6271
28.3538
26.3853
25.0815
25.1675
23.3999
25.4216
25.1894
27.9084
26.3676
27.5834
26.1923
25.1294
29.9649
22.8347
23.4643
26.6749
21.8281
27.0669
25.6168
33.7406
24.5686
32.6980
30.7504
28.3875
30.0726
28.1234
28.5901
29.2125
26.7767
30.0266
22.1809
25.9760
24.6771
32.5570
25.5445
30.2170
30.8679
24.3375
29.8259
28.9652
39.2665
26.1939
30.5224
26.0017
26.3466
31.1308
30.6256
21.4002
27.9211
30.0234
31.0763
27.3145
30.4592
27.1660
23.9756
28.5736
26.9533
25.4967
30.4495
34.2239
24.7965
30.9301
21.1670
28.2171
34.3001
28.7470
29.6676
33.3806
26.8235
27.2574
31.6874
35.0604
25.8612
29.4134
23.4271
31.4158
30.1340
32.6991
27.0590
26.3614
29.6059
25.6713
30.6200
28.4791
26.5577
23.4196
31.6050
29.9268
31.1160
35.5949
32.8933
23.9778
34.3655
24.4183
30.0170
23.3368
25.4144
27.1506
26.3926
24.2832
29.0444
29.3999
25.0412
29.0693
28.4839
24.0899
24.4753
24.0950
27.4742
22.9542
31.9131
25.7319
32.8779
29.2076
28.3510
29.9325
29.9551
28.1829
23.5706
24.3548
27.1470
26.6473
26.2531
29.1978
33.1661
30.6149
26.7642
23.3747
29.0587
25.7003
25.7969
27.4807
24.2823
26.8872
21.3502
30.5012
27.5654
27.5188
25.5378
36.5014
29.8967
29.4324
24.2001
35.0038
30.7348
27.6824
32.8974
23.3104
33.5618
24.9563
34.1148
31.0661
32.2045
26.6789
27.4570
31.1454
32.4943
30.5821
25.3202
23.6815
30.8822
24.0070
27.4597
29.9437
33.4458
29.0641
25.3273
22.3534
28.4515
27.6549
30.9800
28.2269
24.1413
28.9784
22.0061
22.3341
25.6547
28.1182
27.7431
26.8406
31.9698
25.3772
30.3282
26.1646
24.2266
29.7632
28.2802
29.2764
25.5315
31.8576
32.7321
30.0371
24.5363
30.2394
31.1767
25.3187
28.0482
28.7928
30.5120
25.3706
26.3730
27.5971
26.1006
26.2630
26.5597
36.0373
28.9243
23.7868
28.3857
31.6904
22.9119
31.2376
23.3629
25.1126
27.1684
27.3806
22.7595
28.8700
32.6539
30.9197
28.8039
27.9417
28.5660
32.9457
32.5561
32.7257
28.2669
22.4582
25.7505
28.5804
34.9255
27.2823
26.3554
23.3618
23.4488
23.3758
30.7681
22.8098
30.3375
24.6590
27.7469
30.4531
27.4758
28.7301
29.1967
35.1631
30.6711
28.4732
21.2841
26.1479
24.6011
28.2102
28.7232
24.0094
21.6260
26.1145
23.4431
29.2191
20.4347
24.5661
22.8629
27.1475
31.4428
23.8377
30.2476
29.4173
33.8706
26.8425
25.8552
29.4720
29.0396
26.0207
32.5825
28.9667
23.6747
31.7482
31.3680
26.1766
29.0859
30.1575
24.1595
31.0353
26.1249
23.3346
31.4566
31.7274
28.5120
24.1766
30.0131
30.8611
24.4678
27.2165
32.2221
18.7332
28.7020
31.0159
23.6508
20.0157
30.3192
20.7648
29.2922
31.8231
34.3157
28.0112
26.6367
28.1614
32.0216
33.8675
27.7043
33.4099
28.4520
30.7599
23.6054
24.9235
31.1347
33.9620
24.8173
27.6300
25.9214
28.5428
30.9414
27.3309
26.2024
34.7255
28.8300
32.8234
30.3415
31.5443
25.0649
27.2398
22.3800
29.5083
25.7452
23.4443
24.5118
23.3877
24.3673
33.1301
34.0295
22.3186
27.7170
32.2181
32.1526
22.7595
33.3923
31.3796
33.2923
34.1938
28.4855
31.8936
31.9779
30.0152
32.5443
29.9398
29.8090
22.4679
30.6384
22.3469
25.7060
24.2002
26.2395
32.6759
24.0633
26.3713
21.8752
29.8703
29.7220
25.6337
29.0285
30.2867
28.2901
34.4088
29.5467
29.0959
28.8475
26.0922
29.4778
26.7571
35.5897
28.9588
25.3898
29.6693
26.6698
26.8953
28.8890
29.5097
31.9644
22.3185
32.0744
28.5456
27.9677
30.5136
31.2255
32.3270
24.8343
29.2589
30.3249
24.9978
26.1419
28.2402
35.7380
27.8999
29.2419
28.8983
29.6960
28.7963
29.5198
27.5172
32.3948
31.1566
22.4797
30.9422
31.0608
25.4039
22.9736
25.6945
27.6761
20.3777
29.9830
34.4872
28.0499
21.3600
23.9118
25.0723
29.5608
21.6839
27.7811
31.9961
27.2403
26.7681
23.2953
30.9768
23.3475
26.7585
24.2157
32.8346
30.5325
28.1316
26.0154
26.5023
28.0833
30.4410
24.7579
26.5109
29.8631
31.7095
30.3516
30.9191
32.2304
28.3909
24.6925
27.4735
26.8827
21.3729
23.7143
23.8240
27.2636
27.1523
30.4388
29.4432
31.5522
26.2558
26.2320
17.4073
31.8939
27.5804
28.9991
34.3464
28.7099
22.6940
22.2695
25.4356
31.5965
24.9451
25.6690
29.4398
29.9442
29.6654
25.9173
28.8004
22.0403
30.2695
30.8568
26.5791
24.8089
27.9938
29.5851
29.8629
32.4334
31.4987
26.7557
25.4722
24.5769
31.5663
27.9190
28.1867
30.3042
24.5629
26.1421
31.6893
27.0642
30.7562
35.9664
35.6491
26.3992
28.1287
25.9739
31.5488
29.2669
32.7085
36.7626
27.7157
24.8868
26.2206
28.3603
30.9318
27.8651
26.0215
28.5443
27.5506
33.4293
33.6899
22.8904
26.9978
24.2763
26.9135
29.1884
23.6445
28.3239
30.7256
27.8170
26.5438
31.0541
27.7606
31.3455
25.3787
24.8637
28.3183
34.9248
30.6688
25.7456
29.4709
27.7910
22.5404
29.3807
23.9818
27.2571
31.1830
29.0526
32.1935
28.4467
35.0810
26.5691
31.7483
24.8005
32.3437
24.3024
29.2798
31.8727
24.3985
29.0887
25.1496
30.9858
27.8637
26.1672
29.5808
26.7644
27.8056
31.9528
38.8594
26.1943
24.2592
33.3440
30.0369
30.8203
25.2357
23.1786
30.7285
27.0506
25.1378
28.1002
29.4883
35.0943
26.9830
24.4304
27.4701
33.5371
27.7291
29.4977
32.5319
25.4443
26.9007
27.1852
26.0249
18.8331
28.5043
26.7031
27.4686
30.0935
30.2337
27.8775
25.5425
36.8525
35.5714
28.0059
34.1337
26.6138
29.7356
30.5946
24.1230
26.1070
29.6516
25.9647
26.7915
25.4795
32.4390
33.1853
27.8869
23.2720
29.5983
22.9075
29.8109
35.4698
22.3787
27.5993
28.7713
24.3668
28.2301
24.0539
31.2006
30.2184
32.7198
30.4213
24.8704
26.6881
27.1639
24.3719
28.7889
28.1229
31.0681
27.4733
24.6564
25.1381
26.3595
32.3061
28.2686
32.2209
32.4024
32.1182
23.5318
26.7432
29.8767
27.6093
27.8263
34.4569
22.6315
23.8050
25.7578
27.3830
31.6776
27.8728
25.4825
31.9415
24.9002
26.8253
34.1377
28.8859
25.4698
24.7552
32.4889
27.9387
36.2895
31.8879
26.8282
25.5938
34.9928
23.9193
28.5303
24.1652
30.0291
34.8852
27.6724
32.6468
34.3820
25.0881
34.4330
24.5910
22.0248
33.8610
24.1393
28.2091
21.2742
38.7893
33.2748
26.5379
34.2977
27.6202
32.4084
28.3411
35.3488
22.8915
27.4029
31.5995
29.5044
29.4175
26.9075
27.1010
29.9432
26.2046
27.0078
34.8451
34.3709
30.7229
29.7612
26.7316
25.5207
25.3645
33.7287
31.6210
29.6794
31.3206
24.7081
25.9986
31.7212
31.3455
29.5168
25.1647
25.8043
36.2069
30.2163
25.5729
32.8300
35.7725
25.5008
25.7781
20.4966
28.5677
30.6802
25.9181
29.6909
26.4738
32.5576
26.7562
33.1949
31.9564
30.6121
28.1492
31.0637
32.6443
28.2941
25.8201
26.2936
28.1326
33.1964
30.8175
25.9541
28.2908
29.1153
39.4245
26.4818
34.1578
28.3174
25.8482
32.0135
27.9824
22.7314
32.4190
30.1431
33.0230
24.5230
33.6483
28.2067
30.3541
21.7767
26.6323
24.9183
25.7170
26.5574
25.8464
26.1166
28.9164
27.4448
29.2814
25.5493
28.0721
23.1079
30.1149
27.7656
30.5605
27.7527
26.1555
27.0037
28.7839
27.6544
28.4865
22.9325
28.3747
23.3890
27.7217
29.8372
28.6050
32.5840
28.1969
30.1384
22.2208
30.6158
23.8679
28.6147
30.8449
25.9334
30.7593
25.0338
29.4710
24.2677
27.5740
33.8056
31.3845
34.3882
29.5170
21.5982
27.9400
30.7192
24.9610
27.6395
27.8600
30.0557
23.7858
29.2198
29.9165
27.7963
26.5361
23.0729
29.5481
25.2685
31.9954
31.8107
33.7916
25.5735
31.7653
29.1928
31.1522
33.3029
29.7474
24.0768
31.7824
34.3015
29.6736
30.0219
26.8914
27.9642
26.9782
27.0785
26.8946
37.6900
29.9405
23.5230
27.0149
33.1122
30.7234
25.2736
30.4229
26.4427
26.3021
30.9338
30.5324
25.0445
28.4396
30.2314
29.2814
27.0491
28.2261
28.3427
25.3191
27.3216
27.8548
22.2907
26.6666
28.4087
35.2417
31.6011
27.5475
36.6606
26.0792
24.7706
27.2956
33.0742
22.7336
22.3529
31.4424
29.6646
30.3587
27.7478
21.9111
24.6279
26.8485
31.1993
29.4005
27.8136
26.7345
26.2572
27.5060
23.0876
27.1446
29.3158
31.1193
31.4583
30.2843
26.2369
27.1919
28.4841
26.2877
33.3756
32.9617
35.5709
32.1125
34.0130
34.9741
23.1400
27.6817
22.3727
26.5310
32.2761
27.7458
26.7568
28.6996
25.2294
26.7119
26.7591
29.4960
33.1039
30.8522
22.9077
30.1063
30.6200
21.1170
26.8477
27.5784
30.0212
29.4611
22.9876
37.2147
30.7685
24.9430
35.2968
30.2506
25.6447
33.0501
25.9888
27.8761
25.7000
31.5496
24.5244
33.2336
27.1590
31.7260
25.0166
21.3531
28.9798
26.1602
33.1988
28.3444
37.0220
29.7561
29.8641
23.4100
25.5774
25.4670
25.3715
26.8198
28.1234
25.6306
30.8979
33.5866
30.5206
21.7330
28.4794
23.2386
23.4254
29.7388
32.5062
30.7251
30.6109
31.1405
24.2134
26.5713
28.7899
27.7905
26.2725
29.2789
26.0778
31.5310
24.1942
30.6864
26.9250
30.8367
28.1076
26.3474
34.2193
25.6265
33.9493
27.0040
27.6025
32.0464
27.9037
28.4533
31.4162
30.9258
33.7971
32.5026
29.4233
26.3832
28.4026
30.5405
27.9199
33.7304
31.1769
31.6575
27.8179
30.7878
27.1195
26.1621
35.9079
25.5233
24.1743
35.9445
34.9415
26.7210
32.1554
26.9686
24.5499
31.7989
36.0106
28.5103
19.9469
25.1949
24.0872
28.1732
29.5705
24.1922
27.8667
27.3651
26.7966
24.0962
26.3282
28.9815
25.9913
30.0848
30.2308
30.0788
28.8674
29.2770
34.4449
28.9482
22.3461
21.6111
23.9683
21.8473
33.4021
21.7873
28.4755
31.7904
34.7366
31.1408
30.2612
29.6782
29.3680
28.8262
28.4188
32.3375
38.2613
28.2932
32.8096
26.3096
29.2006
31.0184
28.3352
30.5829
25.9484
24.8067
31.1092
22.1888
27.0036
27.3583
31.6922
30.6930
25.6343
25.7464
29.9707
29.7158
26.8975
30.5150
30.6809
33.9191
27.5338
32.2854
26.6740
25.8915
22.4002
31.0085
30.1340
24.5075
24.8606
26.5395
21.8673
27.5635
30.6742
29.1346
28.8939
23.6405
27.5263
31.2436
24.3306
33.7890
23.9440
30.0891
27.4928
26.7092
28.3605
26.6400
28.9468
25.1094
26.5650
26.1587
31.8466
27.0751
26.4025
30.4654
28.5462
22.7056
21.0882
26.8311
32.4364
23.2432
31.2090
27.8322
29.9598
26.1622
28.4238
26.3004
25.7501
26.8773
28.9985
27.0137
23.9026
27.9088
26.3683
30.7486
29.8916
28.5658
27.0764
29.3207
25.5110
21.5941
23.8491
25.5124
26.5469
25.4457
32.9775
24.9287
24.7089
29.9772
30.3829
26.9404
32.3158
31.2085
29.7744
22.3939
29.9357
25.9190
27.6771
36.0466
35.0223
30.8735
26.5495
27.4456
27.1244
23.0593
24.4009
31.6922
30.0935
26.7183
23.8928
28.4040
35.9819
26.7940
32.2305
24.6202
20.1797
27.2711
27.6007
26.0697
23.7016
23.8861
25.8862
24.0316
25.1854
31.1034
31.8053
34.8666
25.1261
30.4051
29.2798
21.9771
29.7246
20.9895
27.3010
19.0299
29.8529
25.6071
23.2801
26.8114
28.9377
29.4874
29.6843
28.9326
23.7573
26.6825
30.5028
31.4903
33.4955
26.2492
35.2533
28.0908
27.1621
26.0516
24.7428
29.2954
24.8743
28.9809
26.0778
25.2565
21.6891
23.8174
29.3021
34.2150
23.2001
31.7990
20.5143
28.1279
38.3916
35.1349
25.7302
21.1632
29.5416
33.5572
29.0988
28.6667
27.3146
31.0193
31.6518
27.4323
24.4200
25.3341
27.7697
36.0259
23.2748
27.3494
33.7245
35.0931
29.4079
29.9173
27.2592
24.8705
25.0479
31.6056
27.7066
32.1531
36.7236
33.7262
23.2259
24.0662
32.6338
33.0628
26.8062
29.7419
24.0884
32.9184
23.1725
24.0578
26.2306
30.1342
24.8297
21.9015
35.9482
23.1131
28.2991
34.8351
25.2913
23.3469
31.9632
25.5613
27.0846
30.7140
22.6166
27.3389
22.5235
21.8935
32.2215
26.7579
28.1592
25.3237
31.4364
31.1257
22.5242
24.3593
32.0470
24.2326
25.0855
27.3534
30.1607
27.9935
26.4294
24.3864
26.5615
31.2869
28.4823
32.0155
33.5992
25.4189
30.3887
32.2466
27.3555
25.1052
27.2731
21.5317
23.3656
28.5277
29.9537
23.3220
34.3547
24.4911
24.0100
27.9215
28.1166
24.2664
26.1748
28.2097
27.0793
24.4456
21.9397
28.1476
28.0401
29.1846
26.9002
29.6866
27.5454
31.8561
32.0596
26.0153
28.6858
32.7229
29.4089
36.1906
33.0371
27.5084
22.6574
31.6395
28.1152
30.5460
29.8865
33.6390
33.4949
24.3989
20.9769
28.5733
28.2573
30.9901
25.4063
24.3069
28.8615
28.8698
30.6085
28.4171
29.0826
32.2594
27.4208
25.0257
29.8259
25.7173
31.6578
29.3997
25.0738
35.6623
26.6510
22.4719
30.7003
29.2663
21.9838
25.7069
23.9746
29.5632
24.6081
23.7170
28.0776
25.3150
24.2390
29.1429
26.7063
24.1579
25.4286
29.4136
31.4875
25.2510
31.7218
31.5354
25.6370
28.3566
24.0316
28.2921
26.7182
23.0590
33.0960
31.6633
22.2102
29.3091
28.9914
28.3994
23.8488
23.0068
27.2832
26.7571
30.3543
30.6663
28.1570
23.6226
25.6641
22.0479
21.2975
24.0700
21.0038
38.0397
34.8354
30.4025
31.1693
33.6381
19.8352
28.5764
31.3993
30.7505
28.0338
23.1216
28.7382
28.0488
28.4498
31.4138
30.8081
30.8903
26.8055
28.5782
24.6083
26.6507
21.5709
26.4546
29.3277
34.6577
25.2844
26.8274
27.2832
29.3192
28.9402
26.6739
27.0796
31.6255
30.3671
30.1948
34.4517
34.0232
28.4329
31.3381
29.3078
28.3502
27.9573
36.4350
28.0783
29.0441
24.9021
33.1618
29.5804
31.4195
34.8326
29.1070
29.9119
23.9369
25.0637
26.4118
29.7716
27.7423
29.6912
31.2227
19.3927
25.4329
29.0693
26.3782
23.5246
28.6752
29.9748
27.8205
23.9433
32.7208
28.1750
32.3625
34.0361
24.9587
27.5214
27.6389
26.0016
27.2662
31.0845
31.1913
30.1061
30.3373
29.6316
25.2987
30.6726
30.9167
24.0172
27.7285
28.7546
26.1824
30.1779
33.3184
22.7966
32.9428
19.9739
19.9737
27.2264
28.9393
25.5588
31.5175
27.7053
23.8471
27.1931
22.7618
31.3626
25.6688
31.1749
32.1410
25.3943
31.4874
25.6203
25.6450
34.5102
32.9477
26.8328
23.6514
31.9012
25.2682
31.9248
25.2435
21.5873
28.1378
25.4743
27.3490
31.8835
33.0345
25.9294
35.3163
35.6325
27.8024
32.3772
24.3932
27.0758
31.1138
27.3119
24.7605
31.3846
31.6442
26.0442
29.3297
29.0646
29.0912
32.6720
24.1670
30.6017
27.5111
25.2509
24.3839
21.6474
27.3374
26.0802
24.4882
25.4676
26.2450
31.2804
26.5080
26.4555
25.7585
28.4749
28.3493
25.7936
28.2367
23.1188
33.9362
24.4636
30.6810
27.5596
27.6116
29.2136
31.9906
26.1550
20.2918
22.4460
32.7173
26.4903
25.0745
29.0825
26.8723
26.4090
28.6752
25.8461
26.0844
30.6326
24.8678
30.0894
28.2429
30.7043
32.6046
27.8108
24.5892
38.8524
24.6777
29.1205
26.5728
31.4896
25.2020
28.9455
25.9825
27.3405
33.3532
33.8069
28.2107
30.5535
23.5093
25.3603
28.9613
29.9877
23.9531
32.8916
24.1474
28.9720
33.7858
27.4846
26.5468
25.1046
23.1359
18.8471
20.3663
26.7701
24.2147
24.7329
29.1697
30.8461
28.4580
30.9275
24.2731
25.2937
25.5192
27.3267
22.5170
21.7650
24.5952
33.0457
19.1843
28.4951
31.6811
28.3752
24.5405
27.8774
22.7366
31.0253
23.8199
33.1288
26.5738
30.0609
26.9828
30.1925
29.0160
27.6091
22.6496
25.3533
30.8783
35.3109
28.9469
29.5213
28.8405
28.9159
33.9225
25.9664
23.5354
24.2633
24.4347
25.5559
29.8258
31.7725
31.6814
34.8566
32.7310
26.2434
21.2468
27.6492
27.4961
26.7740
32.8230
28.4162
28.3474
31.1434
30.8044
31.2612
30.0274
22.8824
29.9052
30.8621
25.3516
20.0309
24.3677
21.2880
29.0185
33.5125
32.2274
24.3476
28.8410
28.3448
28.1984
24.3231
28.7742
24.0312
29.3813
20.7351
28.8724
21.3604
27.5768
26.2157
25.0256
25.5285
31.1615
26.2563
31.4295
32.3532
25.7285
27.7453
30.2339
28.4832
23.7529
26.7975
31.2444
27.3774
32.7866
31.0616
33.9052
31.6261
29.3561
26.0042
30.8188
27.9344
34.0492
27.9513
34.8145
31.8063
26.1493
25.8568
32.1896
32.8158
26.2618
24.8761
27.3678
25.5112
29.2055
28.3909
32.4764
35.4046
31.9762
24.2601
28.4424
33.3159
30.3961
24.5563
24.0781
31.9892
24.5648
30.3240
28.5564
27.8179
25.4020
29.3615
27.7532
27.9115
29.6700
27.4899
30.5436
27.9090
25.5755
28.9921
33.0765
33.8743
26.0704
33.6475
22.0532
23.7467
24.4675
23.4977
28.9216
29.1413
26.0083
22.8025
24.3634
30.2176
32.6964
28.9358
27.3266
26.4151
32.2584
27.6028
30.6468
28.3571
29.7940
28.0509
26.6432
25.2000
30.0535
25.9014
31.4312
24.7557
31.2543
26.9534
24.8736
25.4969
24.5913
26.4838
29.5351
24.2027
22.8408
29.0088
27.7497
25.5687
27.3905
32.6243
23.9661
25.0630
30.9761
30.0738
34.5449
29.5358
25.7414
33.9010
31.0868
28.0261
31.5729
32.7066
24.6136
26.1480
21.5225
28.5624
27.8349
31.1841
32.0419
25.2216
27.4019
23.9962
28.7823
29.1830
31.4567
34.1129
29.9046
24.9407
25.9000
22.9087
30.9597
32.2680
30.6072
31.9261
26.1495
30.6417
32.8255
29.4674
25.5242
31.7559
25.6491
30.4269
28.2905
30.3180
25.9210
23.6714
25.4116
28.9260
27.5652
25.2641
26.2651
33.6754
22.8678
29.6937
24.9189
24.7838
28.9430
34.9570
27.2618
31.9679
25.5293
34.3010
31.7000
27.3016
27.2931
24.7266
28.3174
27.8392
23.9118
22.2339
30.2840
27.4018
30.6149
30.3488
30.7170
32.2672
29.9808
25.9323
27.7214
30.2918
27.9729
35.5497
31.3373
28.7592
30.0508
27.7477
21.8104
30.7895
27.0307
33.0234
24.5227
30.2407
28.9691
31.2928
23.3644
23.5102
22.0036
20.9010
26.5756
32.8694
27.5513
36.0461
31.2540
25.6669
24.6534
29.4358
32.1603
29.6527
33.7873
29.0914
27.5501
31.3128
21.0661
36.3570
33.7168
25.2695
24.3303
32.0190
30.7883
26.4215
26.8747
24.6707
25.9077
25.8068
32.8588
22.5256
27.8807
26.1216
27.7905
34.1805
30.3192
30.9576
31.4904
26.2688
25.9034
28.0816
33.1367
22.7335
24.8587
26.5179
33.6336
29.4579
33.5297
23.7351
31.6076
29.3699
27.4187
35.0323
40.9880
26.5776
22.1287
28.2304
30.3406
29.5188
25.7460
25.3747
32.9442
28.9389
35.1516
31.8050
28.8310
37.9773
28.6675
32.4880
32.3688
37.6317
29.0881
27.4447
27.8220
22.2281
26.0626
27.8155
30.4523
31.7380
30.8676
28.4707
23.1707
25.7187
31.2443
24.9890
25.6504
31.1062
23.5467
28.0976
27.7023
27.7586
28.4353
28.2039
28.9158
25.8860
23.9520
23.9590
26.9669
29.0465
28.0718
27.8186
30.4401
29.1757
27.2197
30.1145
25.0532
33.7959
33.8469
31.1414
28.6910
36.3709
28.4685
36.8455
28.2238
23.5333
29.3630
34.7546
33.3979
29.4814
28.6626
23.2199
23.7459
26.3378
26.1288
25.0353
23.9523
29.9995
30.4635
27.5518
29.3214
25.5453
24.7130
28.5983
24.8935
28.9199
28.3191
30.4008
27.8028
30.7042
27.7637
26.7270
23.8172
28.1690
21.3856
26.2520
30.7791
30.5278
20.5037
26.4070
23.4269
24.3316
28.8590
27.4667
23.1573
28.6913
24.7576
32.0047
27.0656
27.4659
27.2376
28.3229
25.4308
31.5671
32.3736
25.9708
29.0036
23.2368
28.7189
29.8789
31.6919
28.2282
27.6901
35.6912
33.0180
24.0017
28.6663
32.8129
26.9772
26.5785
28.8754
26.9418
29.7246
31.9727
35.1510
25.4479
33.3266
24.1546
32.8421
27.3646
29.9324
25.9991
30.3722
25.3462
27.9905
25.4683
30.0065
27.2023
28.0306
29.1617
29.5123
30.5018
36.7188
25.5051
25.3812
30.0776
29.1815
31.6498
34.5265
28.4616
29.1733
28.6079
33.1006
30.0061
25.1828
25.2682
28.5482
39.7658
27.2561
24.9360
24.6218
24.6928
26.3428
25.4901
25.2878
28.6700
27.8196
27.1523
28.5924
27.0864
25.9062
27.0425
26.9841
36.7404
24.3352
30.6453
34.2075
28.4775
27.8360
35.1913
27.4874
20.9792
28.6430
26.8919
25.2114
26.1992
25.9447
26.0296
19.9000
29.6273
31.5799
30.3198
25.1438
29.6400
29.3498
24.8107
29.6647
27.5763
33.3805
28.4316
32.8087
30.9891
28.6190
21.4341
23.0918
29.6881
32.2220
26.9419
29.1143
30.7719
24.1625
33.3494
28.1425
27.9380
26.8558
32.3083
30.2159
26.9784
30.4485
29.9347
28.7622
29.6592
27.3966
29.1766
28.2240
28.8247
26.7104
26.7185
27.2978
28.3217
32.7447
34.3936
31.0291
29.6739
23.2021
25.5363
24.9894
28.3921
30.1748
30.0412
26.6689
23.5108
28.2139
30.7766
25.5477
24.2698
26.2349
30.9162
27.2819
26.9400
25.0945
23.0567
27.3411
25.1428
27.1380
32.1423
25.3563
24.3933
24.3754
20.5612
29.3380
29.8359
27.4696
32.5151
29.1529
29.8671
29.5010
31.9279
26.0599
27.2222
22.4485
29.7014
27.5725
29.0178
27.1844
25.4982
29.9629
24.8451
24.4109
25.8884
29.3355
28.5447
29.3310
30.7693
25.6376
24.5271
34.4647
28.6943
27.1770
27.5610
33.4256
21.7218
26.8883
26.5868
29.5548
30.7250
30.1452
32.3461
29.1149
27.3510
29.3353
33.8077
35.2303
22.3086
27.5909
32.1828
23.8313
29.0420
29.0189
27.3589
28.7385
32.5880
32.5458
24.0530
27.9491
27.2849
29.0605
33.5220
33.4357
20.5665
25.2714
33.2924
28.4883
29.5629
36.1127
28.4420
29.1031
30.3966
30.6226
30.6374
29.4882
24.7593
37.0005
26.5117
28.9356
27.7417
29.2428
35.1371
28.5668
28.8388
32.3056
28.1178
29.5210
24.8682
26.9936
29.4804
26.8730
31.1449
27.7046
28.5398
30.6057
31.0546
30.8768
26.8550
32.8255
31.3688
28.9514
28.6873
29.7070
26.4940
28.2103
32.9476
28.3229
23.4682
25.0097
25.1738
28.1223
33.6519
30.4579
25.2744
33.6727
32.8587
22.5677
31.7767
31.7802
28.2787
24.2311
33.5855
27.5839
32.2678
32.1527
28.8586
27.5528
25.2355
25.1148
25.7320
30.1778
27.8986
23.9626
27.9466
24.5805
25.5887
29.1611
30.5679
32.5680
32.3016
28.0441
30.7994
29.4836
24.9168
31.1714
25.8380
23.8993
25.4000
26.3990
27.2236
28.0063
28.8235
30.1513
26.2411
24.4575
25.9238
24.5241
30.0927
29.6099
25.4622
36.9083
25.9789
25.4830
29.8426
24.6291
27.7153
29.3486
25.4707
29.6551
28.6997
31.7378
22.8489
25.6328
30.3164
31.6715
26.6239
33.2997
30.9314
24.7069
25.6119
30.9387
26.8128
29.3966
27.5676
27.6380
29.8080
26.3700
20.4855
25.8980
26.6567
26.7955
29.2797
28.7161
30.4807
33.4280
33.2435
28.9179
21.1047
23.9118
24.9618
28.4864
22.2282
31.4200
31.2263
25.8864
28.6467
30.4054
26.6339
33.0044
30.0228
23.4219
24.9535
29.3722
24.1606
21.7086
25.2675
26.0698
29.6693
28.8714
23.8548
29.5488
22.4159
27.1288
26.7888
27.1398
30.9049
24.9604
27.4022
28.3898
28.7903
26.5345
29.1730
28.0598
28.7625
35.8123
30.1848
27.4982
37.3644
29.7199
28.5021
30.3221
