20.6292
27.8979
19.5341
17.2229
19.6960
26.9811
21.0720
22.7663
26.9779
29.9472
25.5739
28.8709
21.1331
33.8913
20.8705
21.0839
29.4722
24.3440
24.2783
23.9118
23.5972
24.8088
20.9458
19.2231
22.0669
25.7645
21.3768
29.6928
26.3757
28.5138
23.0883
17.8608
29.1970
20.2780
27.2051
28.1797
25.5400
23.0363
27.0044
22.0585
23.8161
21.0829
29.4590
25.5784
32.8676
31.5522
26.2144
19.3515
25.7247
21.6183
31.9437
23.6698
21.6484
29.9568
24.7313
21.9071
19.0303
30.3455
18.8104
30.2162
27.5641
22.2470
23.2103
20.0101
28.8608
20.8877
21.1726
20.7733
24.4335
22.8073
24.9424
33.9328
23.1334
29.8152
19.1349
29.9436
20.5121
19.5634
24.2442
31.8519
21.5803
27.8505
21.2815
25.8406
29.0659
20.7103
26.0680
30.7232
31.2802
18.4294
18.6077
32.9444
22.9162
19.9938
25.0783
22.8853
20.6293
24.2085
24.1008
19.7565
20.6093
25.9475
28.5805
33.5634
23.2406
29.7383
19.4288
24.1622
22.4576
20.5348
27.6776
22.4547
26.2430
26.3540
29.3913
17.6902
29.6466
22.4342
29.1183
31.7811
25.2473
28.3501
26.5993
30.9432
23.6920
24.9194
22.6664
21.0083
24.4988
21.0861
34.6035
27.1985
18.7016
27.0205
23.2080
27.3312
26.8086
23.3900
20.3566
26.9183
17.7624
29.2578
25.8336
26.8495
21.9698
23.7155
25.9568
20.6510
26.2760
32.7674
20.1791
24.7693
20.0922
22.7074
29.2444
19.2893
29.0186
22.4908
27.3164
19.6839
27.4522
16.7095
27.0985
22.0926
21.2122
19.6311
33.2868
19.5290
26.6511
32.7549
28.9272
25.2541
28.0768
24.6138
25.4325
23.1963
24.0659
28.3532
36.4118
23.6651
18.6776
20.9552
27.7543
24.5379
25.3819
25.0899
24.4409
24.6642
18.1332
20.5611
21.0637
27.0911
27.4295
27.7488
25.1565
21.8957
23.6230
25.6945
21.4109
26.8067
26.5154
22.5709
27.8687
18.9365
24.6196
37.0097
26.5094
25.0166
22.4270
27.8896
25.7008
25.9453
18.8082
22.3062
15.0715
20.5934
25.4896
23.7970
30.1111
25.7904
27.2461
24.5192
28.4276
19.3762
31.0115
25.0975
33.2216
30.3729
23.9329
17.7967
34.9791
22.0424
21.8263
24.0938
20.6138
18.0356
28.4118
24.2756
27.7560
26.2255
21.4605
24.0101
30.9685
21.8311
29.8018
27.7827
22.9481
20.3777
23.1395
21.4942
24.4621
24.1458
18.5150
28.6653
23.2362
16.5457
19.9297
26.0579
33.9859
18.5201
21.6725
25.5039
17.3657
32.0860
17.9531
24.8023
28.0462
22.1548
22.8943
23.4127
21.6876
16.7903
27.4535
20.4166
22.4425
21.0388
25.1255
21.8371
23.0731
24.6480
18.7849
28.0705
33.1014
25.0584
16.3646
24.0261
31.7782
29.3247
22.2235
23.9507
29.3756
26.4288
29.1277
26.9684
22.0809
28.5308
21.8677
29.5957
32.5657
23.7946
24.6356
22.3157
25.6436
23.1429
19.5942
25.1061
26.8033
17.1871
27.7176
29.9475
21.9068
28.8626
27.1616
25.9329
21.3434
25.4970
22.4575
31.7690
20.4401
24.9478
20.7758
24.1973
26.8271
21.7698
23.2239
21.0153
22.7318
18.5076
23.2641
18.5793
19.5075
25.3265
25.6607
30.5684
29.8313
27.1716
21.6930
25.6615
19.8438
23.7626
17.8215
33.6172
24.3738
27.9928
25.7965
32.0097
19.5744
19.1895
32.6559
21.9462
23.1134
23.5991
25.5759
27.7246
25.6675
20.1931
26.5766
26.8449
31.5814
20.6611
19.6726
21.3074
23.4741
24.0988
28.5201
27.1405
21.7638
25.0885
21.3045
30.0787
26.8513
23.6691
29.5516
21.5456
27.7176
27.1563
19.3962
29.8424
24.8714
22.7636
28.8540
28.0989
30.8070
24.1583
21.0364
26.5922
28.5048
32.5956
23.9577
33.8953
24.7474
22.5083
20.4626
28.3452
27.8352
24.5902
24.1679
27.2672
29.8742
20.4033
21.8150
20.8507
26.2286
16.1275
22.7954
31.4143
30.3795
27.0224
24.1326
19.0706
24.2064
20.5015
24.0466
29.1841
22.2141
21.4843
30.7370
19.3428
25.8689
25.7190
27.8386
26.0880
24.1323
20.5010
21.0870
22.9427
23.6971
27.0363
20.2274
24.6815
19.5343
26.9245
23.9446
31.1624
22.4638
21.0761
16.2314
23.2117
27.7148
34.1429
25.4301
19.6310
28.1885
27.1464
24.2455
27.3059
26.7294
24.7070
32.0281
23.9280
22.3919
25.7615
26.3408
19.2071
21.4437
24.4970
28.2947
24.5012
30.2419
16.8090
22.2735
18.3833
27.2690
24.4867
26.8326
31.0763
20.1726
26.5596
22.4858
23.7751
22.2490
24.6630
23.2693
23.8937
29.1807
25.0369
20.1524
28.1848
23.9334
21.2362
20.6401
28.2130
22.3473
31.5600
28.1524
24.8256
16.1638
20.4002
23.9942
27.5385
25.3030
24.4004
25.5173
27.7048
26.2454
17.7864
19.9545
30.7337
29.0617
25.3526
29.3590
24.9812
30.7446
31.6477
22.4843
25.2383
19.6309
25.4058
30.6814
26.9483
22.5875
30.6732
29.6951
22.5119
20.2569
26.7590
23.9096
23.0445
25.5949
23.5200
31.2849
34.3870
21.2762
36.0311
23.7341
22.1456
28.4197
27.2348
26.6420
22.6168
28.5814
29.6198
21.3128
20.9690
24.9838
19.5062
23.0759
19.4781
25.0144
18.7086
20.9812
29.2081
21.7548
26.4145
18.6837
30.0669
21.9065
26.1768
28.8824
23.2662
23.7985
22.9745
31.0799
21.4043
29.8128
23.3658
19.2817
28.5040
23.5152
29.0396
25.3743
20.1469
24.1789
25.6043
20.9670
26.2039
27.4655
22.9429
22.9741
24.9499
23.5889
20.5980
22.0402
21.8312
16.8754
26.5714
22.9544
27.3891
19.5224
20.6168
23.7406
23.6752
23.0628
21.2971
22.9396
25.9879
19.8220
22.9767
22.2731
34.1171
28.0590
21.9169
20.9210
21.8353
20.8788
25.8942
25.2658
20.5379
27.3903
21.8605
22.4453
22.9195
24.4843
24.2136
28.1092
18.2278
28.8232
23.1909
24.2279
23.0300
21.0683
20.6529
23.2549
22.7895
16.7644
22.4322
16.6008
20.1673
31.0832
26.3270
25.5377
26.2636
34.1096
30.1739
27.5087
18.6150
26.4000
21.6135
26.7099
24.2782
22.4147
25.2012
22.3089
25.5502
25.4922
22.1631
30.0693
24.3092
34.0892
21.2804
23.8974
23.3510
21.8455
22.1616
21.3026
24.9334
21.3288
21.9041
22.0816
28.3904
26.7471
27.1919
31.5888
19.4469
24.3938
19.4356
20.5445
18.6580
29.7537
25.4083
18.3074
28.0212
19.0570
25.5048
23.9584
28.0354
19.8536
15.2108
21.2924
26.1800
32.4969
25.3503
25.8899
25.2560
29.6766
20.7459
21.8317
20.5005
31.0140
19.7552
25.8379
19.4124
27.9811
16.4464
26.2196
29.5862
20.9802
24.0401
20.4443
21.3454
22.2654
26.8836
19.0992
18.5330
22.7609
31.8269
23.1452
24.5453
21.7817
29.7727
21.7674
19.3645
30.0334
19.3018
24.7257
23.9037
22.4293
19.5552
23.9813
29.2639
24.3370
21.3766
21.6140
24.3374
21.6689
27.3744
28.9395
27.3960
25.2423
36.6317
20.3927
21.6790
20.7524
31.6734
22.0451
24.1772
17.3924
22.9165
23.3533
21.2190
31.6460
19.3080
25.2681
22.0695
20.8318
24.5354
19.1737
16.6984
25.3946
20.0544
25.3459
26.9614
24.4400
36.6360
31.2308
20.0307
34.2531
34.6019
28.4821
24.2694
17.7479
23.7967
25.4744
24.8153
25.8501
23.6285
18.7148
21.1199
23.1542
23.3605
23.3266
28.1557
23.8378
24.5692
24.3880
20.4292
29.8842
24.0216
23.3351
19.7951
23.8114
28.5996
16.1390
28.4408
28.2887
30.9622
23.1010
24.9853
18.0420
16.2956
20.6285
21.4970
17.9698
27.7047
20.1127
19.7017
21.9429
25.6065
33.1535
18.9717
25.8509
24.6467
23.7910
23.8068
22.1067
22.6346
20.2352
21.6123
24.3590
27.2970
28.5021
22.7501
31.8272
26.9926
32.7191
30.3605
23.0468
23.1507
17.9439
28.6978
27.6857
30.7454
25.0035
23.9649
25.7453
23.9365
18.8589
21.2964
21.7871
23.3980
25.5833
25.0430
23.5717
24.9850
18.7390
30.3083
23.8598
30.5029
21.6549
28.5360
29.6879
17.7586
23.9241
20.0212
21.0176
23.2751
19.5779
24.6294
23.6300
32.9409
28.6664
26.9729
19.6677
23.2074
26.7204
25.1998
28.8139
25.6910
19.5639
21.7460
17.7433
20.4775
23.5719
24.9273
20.9556
24.1624
27.2420
25.3663
26.0822
21.4434
21.6079
22.8788
31.5510
20.2276
28.5474
20.8701
28.6779
28.6904
19.2422
30.2047
25.6560
20.5490
30.7708
18.0576
22.1119
20.7795
21.0495
19.4754
30.6219
25.4147
22.0495
23.2061
35.4462
21.7192
21.9501
26.3377
25.8316
34.0889
22.4758
25.3130
21.7051
21.1387
16.7637
21.0631
18.0660
28.3553
26.6017
18.1707
24.1610
18.8919
28.0039
19.2013
25.3873
22.6272
26.1376
24.7381
20.0181
19.7821
17.4959
23.6877
24.9732
19.1844
24.7269
22.4877
22.9719
23.9580
24.5863
23.0819
20.8211
24.5790
28.6864
20.3825
24.2501
28.8117
22.0395
34.9691
32.7941
25.1337
27.4812
18.0372
21.6851
25.2784
18.1985
21.7166
25.6523
28.1661
19.5298
30.6961
19.7609
20.1885
25.1844
18.9727
34.4817
25.5165
23.7037
28.3309
33.0392
20.2848
25.7549
27.8772
24.3400
28.7770
26.6492
21.6725
18.8279
22.1342
29.8369
28.4284
20.9041
18.5427
24.8357
23.0037
17.6593
19.9444
22.8739
25.8703
28.9720
32.4648
26.5901
21.0348
20.2201
20.8433
27.6635
29.5348
27.8950
19.4689
27.2629
24.3796
25.7095
31.7193
29.8626
30.4934
31.8201
24.8176
23.9277
26.5442
20.2970
18.5855
28.5265
24.7880
31.0835
18.3041
21.9101
26.3119
30.5820
32.5908
22.5152
21.2603
28.2380
23.7776
32.4706
20.5154
19.1496
20.5876
26.3443
21.9257
20.1127
18.8418
20.7208
28.6486
27.4693
26.1649
25.2125
19.4648
22.5048
30.8974
25.4491
24.6161
22.5926
17.5464
26.5687
25.1118
21.4830
23.0612
27.6849
18.4566
21.9971
19.1942
22.7844
25.8005
23.9042
31.3666
33.9871
23.1587
22.3659
24.6797
26.5799
24.6174
33.0891
25.2657
25.6424
26.0028
26.2461
21.4278
21.3805
21.7532
25.9146
25.1379
24.3672
28.8151
35.2424
31.5900
19.5365
20.7063
26.5697
22.0457
19.9596
20.1411
24.8094
30.1798
28.8673
20.7561
21.4560
21.7729
28.3345
31.4033
20.4750
29.8999
27.3092
21.4617
22.7128
21.8266
20.8833
22.9974
19.0198
18.4201
24.2536
21.6418
23.8424
30.1880
20.7091
20.2965
16.9398
21.8562
23.8988
19.9050
33.2316
30.8833
29.0439
24.8501
24.6615
23.7521
21.5597
22.8156
25.4621
18.3316
22.8720
19.8604
27.1479
22.0587
25.2683
18.6979
28.9351
25.5375
23.7585
30.3816
26.5890
21.1605
25.8556
21.1160
19.4798
17.3036
24.7178
29.7904
22.2872
19.4349
20.6433
23.4147
21.4831
29.1019
30.0675
23.6404
18.9013
19.3212
23.5327
22.6029
18.8893
29.8771
29.0557
21.6309
24.3089
20.8100
28.4077
26.8019
29.6390
21.3213
21.9760
27.0172
25.3357
20.5867
28.2656
24.1176
26.5422
24.1623
21.2336
21.4413
24.2947
26.5028
23.6291
23.8850
29.1237
21.4221
29.2267
27.5879
28.5656
17.8431
26.3764
22.1843
23.5084
29.1820
28.6022
25.3110
23.5968
25.2685
18.2859
20.0164
24.6223
36.9327
22.3412
24.8988
27.0112
24.7936
25.2273
31.2087
22.4116
29.2998
29.4616
28.6302
17.9587
31.9848
21.9228
16.9438
25.3810
23.8578
16.5302
20.8973
19.8225
19.7876
28.0659
21.0391
26.0462
24.4285
32.6233
15.8171
30.4467
28.3474
29.7927
30.8220
22.7495
23.3705
26.3612
23.5057
24.8218
25.6086
24.8526
26.1296
24.7919
29.9062
22.7885
26.0458
25.6352
22.0242
19.7250
26.9448
31.1151
30.2434
28.2237
25.2136
22.2372
28.0183
22.3799
18.3426
28.9868
25.8051
24.6555
25.1229
26.3341
22.4322
20.3680
20.0990
19.6620
23.0568
21.4534
24.5902
21.8932
26.2383
22.5174
25.0282
32.1954
30.1364
27.0700
28.4401
19.6261
27.5001
24.6483
25.9900
24.6403
24.7609
23.0838
21.8813
20.7369
26.8926
25.0653
25.1376
22.7040
19.7337
30.1993
22.8358
23.6660
24.2972
30.1021
31.4428
29.1202
24.3586
18.1359
17.3421
27.5387
32.5221
27.4976
21.4398
24.3927
24.0081
23.9214
17.2415
19.6680
34.7901
26.0456
26.4795
25.0103
27.2343
32.8272
34.4735
23.7174
25.5640
27.6610
24.8880
22.4288
23.6625
28.5732
20.8739
25.9920
25.4754
28.1682
23.1484
30.3923
24.2546
21.9985
18.4778
29.8859
26.8568
26.6157
20.9875
35.1394
22.2941
26.5492
19.9308
19.5512
21.1386
19.4108
21.7869
26.6291
28.2033
22.5368
30.8527
28.3882
25.1870
20.2902
25.9496
27.9021
20.6675
26.1671
26.8116
24.3521
17.9870
18.5487
30.4865
31.7784
29.9700
16.0018
27.3377
19.6963
26.8401
24.3410
24.8576
21.2733
22.0189
31.8934
23.1813
17.8451
19.5326
18.2863
29.9296
24.8632
18.9955
20.7529
28.5443
29.0763
18.0493
24.4044
29.5303
26.5505
23.7542
28.8589
18.8570
18.9338
27.3724
23.0374
16.2313
16.6558
22.4948
31.9326
19.0062
20.6483
23.4808
24.0946
24.5214
18.2062
26.3025
24.8866
21.0191
21.4644
25.0331
25.2321
20.0100
25.2748
21.4432
24.2465
16.6865
19.3685
23.1094
23.5664
23.6431
22.8389
24.6147
28.1754
18.3872
24.9340
31.7653
21.2308
19.0454
21.5082
23.2635
23.6059
23.4268
20.6706
25.2484
30.5085
29.9339
29.4577
20.3408
27.1632
24.5427
23.8623
26.4014
18.4083
20.1382
32.0478
24.2936
19.4791
26.8678
23.2361
21.2665
29.9916
32.5793
27.5952
24.0829
25.4779
16.5235
22.6191
27.6160
25.8472
30.1304
19.7050
21.6316
23.4320
21.9541
24.8226
30.3503
28.2852
22.0188
29.6463
22.4973
25.1523
24.3329
26.1735
29.8779
30.5414
29.8691
27.0524
25.6104
33.0226
18.8717
25.5840
23.5011
21.9583
17.8498
16.0513
23.8339
32.6800
22.8079
24.4395
26.0629
20.9395
25.0664
19.3082
26.2652
25.4598
33.7548
25.0606
22.6255
25.5284
22.6253
23.9313
23.8777
23.2120
17.3863
22.3219
19.8215
31.4977
20.2103
23.9170
20.6035
28.1755
25.3831
25.1030
27.0102
21.4722
18.1836
27.3587
23.2343
26.1049
22.4594
29.5521
24.1862
21.9154
23.4710
21.5460
25.5256
26.0764
27.0725
25.3452
24.8780
25.2770
21.3880
26.2663
24.9184
27.5453
20.2396
22.9402
19.3656
21.8008
18.5835
24.6949
24.9727
31.3967
20.7289
23.8627
19.5143
24.1570
20.3420
26.8425
31.5936
18.5352
21.1874
20.8045
24.5522
23.8501
24.6092
26.6872
26.7551
26.9436
22.0204
22.3010
26.3826
22.9611
23.5512
23.0937
17.3743
18.4142
18.7334
25.9351
27.2996
28.2522
29.9121
19.9702
27.7473
28.7347
21.7903
25.3108
17.6379
26.1627
25.0559
28.6377
22.8178
22.9833
22.9737
32.3074
30.9837
27.4308
19.0570
24.5848
23.4204
22.4065
28.7294
21.2733
25.4260
28.9916
31.8918
30.8929
27.3988
25.3631
22.1890
19.6338
21.9633
26.2974
28.5920
20.9470
24.6070
22.5042
20.2630
30.1072
27.9922
24.2270
23.2512
25.9526
23.7323
21.0088
26.5977
30.4664
20.5953
31.9268
23.3887
31.9234
28.9239
28.5882
29.1729
20.8331
26.8488
28.9140
26.6213
18.5685
28.5954
22.5444
24.3543
29.5474
26.1551
25.5377
20.0614
22.7745
28.8984
20.9249
25.8207
20.0704
18.7777
24.1479
23.0784
20.6388
28.4735
25.4115
23.3579
25.3477
28.7200
21.3544
27.6074
25.9464
26.5889
18.3661
23.4031
26.7248
25.3911
19.6108
27.4961
21.7097
31.7940
22.1646
20.1526
29.2444
24.5365
24.4031
19.3787
26.1464
18.5037
24.0845
23.6297
21.6777
19.8972
17.6066
22.7825
30.5463
23.1054
21.1170
18.8461
19.0519
22.2662
18.8906
22.7429
22.5536
25.2904
23.4460
18.9062
17.2866
31.7527
22.6169
28.5773
22.7341
19.9373
23.3206
18.2621
16.6336
25.0661
21.5392
19.2287
22.1201
27.2787
19.7932
23.1284
23.7607
23.5064
24.0166
19.9354
26.8312
21.3013
24.3318
24.8170
22.2391
27.1506
27.0656
21.4669
25.3507
21.7984
27.1809
23.1131
30.9085
26.0925
18.3904
21.5093
21.5863
28.4435
28.6789
22.8234
26.3479
22.8242
21.1975
32.6222
17.3412
25.7473
21.5409
20.5173
25.1624
17.7737
17.1734
28.4867
28.6381
19.9984
21.5309
25.1507
30.0092
26.9959
22.7435
22.5785
20.5956
26.7191
27.8988
28.6721
26.6280
23.1675
32.8824
24.2229
25.3676
27.4843
26.9041
19.3661
22.9737
16.4019
26.2586
27.5072
25.3173
21.1854
17.7711
24.3538
26.4391
32.6148
24.2151
24.6636
21.0783
27.3109
17.7857
19.8285
27.7760
21.1937
20.4872
27.8905
24.4132
31.4529
21.8276
20.5802
21.4543
17.0041
20.1273
19.8828
23.7058
27.1275
23.0389
22.3407
18.1202
21.6483
19.5861
17.4482
23.1480
22.4069
28.4492
26.4486
22.7043
25.0042
27.7113
25.7019
26.0722
24.1407
21.8297
27.9506
18.7979
26.4262
27.1223
21.2234
25.2949
26.3852
28.9237
37.4833
19.7498
26.6378
18.5136
21.3324
26.1467
24.1965
25.3752
20.7465
20.8086
19.6307
16.0905
21.3140
29.3879
28.5114
27.2748
20.5913
28.6768
19.3826
22.7427
26.5203
22.4916
31.9290
23.3342
26.8896
27.3984
21.3465
23.0244
28.8384
18.2171
28.9932
26.0708
28.5348
35.8638
20.3037
24.0964
26.8300
27.3371
28.0438
25.5073
32.0229
19.8202
30.6807
26.7859
19.5373
27.1968
27.7977
23.8548
26.8160
20.9382
33.0733
24.0217
27.2923
25.7592
22.3118
21.4606
25.8421
24.8757
29.7730
28.1205
25.8294
25.6439
19.3893
31.3486
25.1019
18.7683
22.8969
29.4038
22.0318
24.3963
22.1785
21.8814
18.9149
29.5091
22.9966
22.6737
18.5568
18.9974
24.9225
24.8560
31.3899
21.6082
21.3955
20.5116
29.1835
25.3673
29.6740
28.2601
23.6292
31.4057
20.1497
27.0923
29.1193
22.5175
20.6755
31.6540
25.0908
25.3460
24.8279
24.7006
21.6336
18.0671
26.5624
21.9591
22.4784
24.4059
25.2728
32.2579
21.9332
36.3007
28.0789
21.3478
25.9619
20.5717
21.2780
30.0221
19.9157
18.5160
25.3999
25.4835
29.3026
28.5438
24.8656
29.7128
25.4369
26.3521
17.9989
19.5122
21.6459
22.4785
27.2018
20.5818
27.2754
25.4683
22.4155
24.0658
25.6954
24.9153
23.9809
30.5193
20.7611
16.4169
21.6327
24.8050
23.2194
27.4643
21.5306
24.7373
27.9223
28.4517
19.2775
25.0188
19.8233
21.5212
19.7863
29.6076
20.2843
27.3248
27.3339
26.9066
24.6115
21.4205
20.7223
18.9849
22.5626
31.1420
29.0030
29.1158
28.5795
24.5055
25.5158
26.8941
21.1924
23.3022
26.7164
22.9036
27.2467
28.7042
24.0304
19.9129
27.5798
33.9483
17.6560
23.2002
26.6034
25.0228
20.1466
23.7853
32.6460
22.2441
28.0684
23.4992
30.0456
21.6077
22.4481
18.4591
19.0271
20.7347
20.7483
24.5136
33.9610
18.8383
24.7391
23.6461
27.0032
30.1407
21.1687
27.2734
25.4182
19.6731
30.9012
27.8349
19.5307
27.1384
20.3613
20.0305
28.6900
19.7653
29.8212
28.4566
32.9914
24.2882
24.4636
26.2788
32.4958
22.0318
19.1140
22.1358
22.6525
28.1170
28.2273
20.7547
18.1056
23.5171
26.3523
16.0658
17.4676
25.1470
23.0405
24.5724
31.1193
28.0300
20.4583
28.2035
23.1045
25.0320
29.3770
19.3947
22.6236
22.8173
20.7840
35.3819
23.8592
18.4905
23.1776
22.7102
22.8214
26.6395
31.8587
25.2054
32.5090
25.1064
23.3322
19.3728
33.5862
21.6273
23.9830
24.2490
27.8771
25.3383
25.4123
24.7767
29.3765
22.2995
18.3884
27.9232
23.0530
28.8252
26.7667
25.1579
27.1327
21.8752
21.5174
24.1423
22.9044
20.6886
22.9471
25.7542
28.5329
34.8030
32.1839
24.2305
24.0523
24.7131
21.4498
23.8835
26.5164
22.1693
15.7380
21.7239
25.0913
30.4655
22.7170
17.6067
20.4884
19.6180
22.9837
25.5425
29.0997
27.8858
28.8366
19.9784
22.0118
25.0244
25.9115
24.5972
22.8525
22.2505
24.2849
15.8266
30.5829
27.3466
19.7726
32.2280
26.9993
26.4606
22.7350
18.9089
26.4184
22.0217
25.9309
27.5250
21.6532
24.7261
24.3205
23.9499
22.2182
26.1032
22.4657
30.4132
21.6939
24.1354
22.9297
23.5734
25.0602
18.8188
26.0004
27.4497
26.5785
24.7284
21.3908
27.6002
20.9095
25.1533
22.5624
26.8882
19.2010
22.0494
21.9029
26.6527
27.8503
28.6468
22.1004
27.0510
17.8635
23.4908
30.6123
18.1177
22.5977
30.4561
17.8751
26.7483
24.9417
30.2852
28.3649
17.2584
17.4221
28.5634
28.5185
30.5304
22.6289
24.1673
23.3573
18.8861
25.2450
30.4512
20.2008
28.5755
28.2908
28.7287
24.6085
22.7053
23.3093
18.1407
24.5693
33.1069
29.2282
26.4229
25.6472
25.0105
23.1675
30.1804
30.6162
25.4870
26.1998
26.2935
28.9534
26.5539
27.5487
23.2365
19.8445
25.1182
22.4338
23.8998
23.4939
28.3487
26.7148
22.4730
20.0017
24.8580
22.9998
16.6226
27.7699
24.9041
19.4213
20.0788
31.0344
25.5345
28.4042
21.9230
25.0509
30.1409
19.2407
31.5531
24.8442
25.1460
32.0071
24.1157
25.0119
30.7640
22.9367
22.7861
24.5278
26.2926
18.4632
24.9917
28.6203
19.5832
18.0283
23.1323
20.7942
24.8634
28.2485
24.7859
23.2021
22.9424
32.5888
24.2705
26.3691
24.5267
28.0341
22.9970
16.2935
26.7314
20.4138
27.9690
26.8897
19.9736
28.8899
30.6120
28.5012
24.4665
19.9887
22.7001
21.3478
23.9341
24.4218
23.4613
32.9600
24.4018
18.4840
30.0072
29.4241
22.5382
27.3265
30.8766
27.4499
20.1530
27.6487
25.7408
18.9383
18.9736
29.2425
29.4327
24.2638
20.3499
22.6175
30.7065
29.0141
23.8893
25.8321
20.1532
29.6617
33.4596
24.2962
23.7976
27.2643
27.5774
23.3573
26.9654
25.2319
30.8549
19.4389
20.9232
34.9764
21.4850
18.6699
27.6805
22.1377
20.2295
26.7743
23.6053
21.5401
21.9703
17.5806
28.4089
25.4446
20.7603
30.2847
16.2017
21.0792
22.6494
25.3490
28.5361
23.5553
25.6296
20.1421
25.8717
28.8887
31.2405
18.7085
29.4559
20.3826
22.6301
24.5191
28.9802
22.6993
23.3137
25.5735
28.5108
20.7772
23.9358
19.4395
29.8739
23.9905
22.9940
27.0614
22.2985
24.2045
25.8503
30.7441
24.0041
20.6600
21.3466
19.4594
24.4309
27.8928
18.5391
21.1124
20.5148
22.5036
26.7387
22.4773
27.0300
27.7579
22.9020
26.9137
19.9330
21.6844
27.4537
23.8243
28.4035
25.0833
25.0368
20.9032
24.0606
18.0749
24.9244
26.7096
17.4106
32.1670
26.7203
23.4309
23.3302
26.9336
25.2849
28.1834
19.4209
29.2904
16.5999
28.4321
28.1848
16.5604
25.0937
24.4576
21.8202
26.2610
29.2847
20.8912
17.0889
27.2004
21.3839
23.3469
22.7141
21.0231
25.1138
23.8402
17.6957
16.8051
23.6765
31.4362
27.4535
20.4097
26.1678
26.3737
28.2976
26.2808
27.2325
22.9986
25.5763
20.5915
21.8811
23.4439
21.9415
25.1359
20.5094
25.5568
23.8359
25.9826
20.3806
25.5525
28.8182
30.7550
28.4313
29.2930
18.9800
27.7629
28.2151
27.0126
24.8980
29.9664
30.5409
24.4754
26.4746
28.1158
19.5919
27.7136
17.9565
20.9321
27.4337
26.4258
26.8209
21.9338
18.1965
21.5887
25.1992
24.1277
23.3348
25.3411
34.6009
30.5670
21.2708
21.7333
31.1667
21.1377
19.0000
20.1860
29.1730
28.0602
25.1772
15.8428
30.9114
28.5960
30.6500
27.2898
20.9316
24.5186
18.9411
25.1870
20.3684
28.5600
26.1424
20.2162
26.0994
21.2550
34.9253
27.5161
22.3130
29.5185
18.1181
22.9908
24.3331
24.1529
19.6649
16.3915
23.1832
25.8815
31.3058
20.0970
27.7224
26.3163
27.0460
22.1462
21.5724
23.7574
20.0764
25.8517
27.1609
27.2676
17.4881
22.0783
28.2666
19.0382
24.1042
22.5819
24.5534
24.5456
26.0343
22.3185
20.1150
27.7187
28.2789
21.4588
24.0274
22.2457
28.3197
28.5909
32.2138
22.7694
22.8391
27.8847
26.2103
19.3489
18.7526
20.7178
23.6809
21.6106
30.7842
31.1140
33.0952
22.7397
24.1442
30.7983
20.2263
23.1637
32.8745
31.3490
30.2994
22.6122
17.5693
19.3210
28.1144
24.1578
22.0952
26.0483
26.2876
27.1260
20.1099
23.3031
22.4104
23.8828
21.4382
28.3173
21.8349
27.8720
19.1142
24.4307
27.4781
19.1484
22.4720
29.6319
31.4627
28.4921
26.9602
24.4716
23.1528
24.8869
18.8265
18.0157
24.0538
24.5334
21.3808
20.0335
25.0308
27.7457
29.6462
20.9848
18.8745
26.2327
33.1920
24.8835
22.8114
21.3295
22.3357
27.1221
28.1245
29.0956
18.4267
21.7658
26.4320
20.5360
20.0475
23.5933
26.0113
24.6702
33.7666
22.4044
32.8014
18.7940
18.6570
21.1735
30.2422
28.2151
25.4399
19.7163
24.7414
28.7448
28.3660
30.6988
24.2608
21.8504
25.0696
26.2429
22.6785
30.9132
22.5124
31.9161
22.0903
32.3724
23.7936
20.4564
21.8655
22.8346
18.9867
19.8395
23.2403
18.3192
25.5623
19.3142
16.0385
23.9664
20.4097
32.6323
23.5404
20.2584
24.4906
21.8430
20.7336
22.7963
33.8072
22.4514
21.8608
28.9155
18.7265
28.8113
23.2547
25.9578
24.4999
29.6711
26.0590
25.2643
29.2668
21.6985
21.3423
20.8596
29.4718
35.7733
26.1236
24.4574
28.2263
17.0509
26.8589
20.0437
22.9513
18.9982
18.2926
27.2098
23.9655
24.1271
23.6250
28.7065
23.6824
22.5071
20.5927
29.3823
26.3722
29.2478
20.6956
29.3071
28.2572
30.0753
26.6673
25.6859
27.9748
25.4228
27.5698
18.8741
24.1543
26.7782
28.1968
20.2785
28.2289
21.3381
16.9843
28.6420
33.2901
18.9076
26.7888
21.4100
30.0142
27.5480
25.7901
18.7064
20.2977
23.7270
22.2444
19.2527
26.4931
24.7940
24.5056
17.5950
21.8340
22.3669
24.7790
22.8639
30.9282
22.7123
27.2566
24.4224
24.5824
24.7148
23.4789
21.1584
17.9305
23.7739
28.2557
23.7269
25.7099
22.5903
22.5567
25.7067
20.7240
22.5744
29.6673
25.5603
18.5762
26.2518
26.5741
30.1559
29.3239
28.6484
20.9530
29.1875
20.7366
19.6023
22.7369
28.0752
22.1299
22.5822
25.7112
21.4586
19.7822
27.6152
16.0291
20.2279
27.3836
25.5410
18.8245
25.4300
25.2413
20.7633
20.6255
26.7723
25.4706
30.4611
31.7057
26.1982
26.0921
23.1733
17.1597
24.0087
24.6374
21.2718
19.7837
25.0690
26.9254
26.2626
21.3357
33.1524
31.2035
26.4384
21.7116
29.8015
27.9220
31.0888
29.0023
25.1234
19.0346
20.9080
25.7051
21.8608
21.0770
24.0097
26.6927
31.6389
28.5475
21.2441
22.9118
19.2565
21.2697
22.6794
26.1916
27.8036
22.4554
20.5118
22.1361
26.9279
25.2884
28.6695
25.4512
16.7593
24.8357
25.3096
22.0299
24.5992
24.9272
25.9407
24.3468
22.9641
22.4949
22.3102
26.6566
28.1368
27.3765
19.9925
26.4661
29.5014
31.5511
23.4986
27.1444
26.5575
18.8674
30.2851
18.1111
30.9591
29.0971
24.3529
30.5812
20.0899
22.4826
17.4249
28.8709
18.8255
24.9675
25.4041
17.0918
20.9005
27.8957
26.3410
17.4859
19.6288
24.5824
17.7239
25.3790
37.9650
30.3481
30.1012
21.3225
20.8374
24.8262
26.4293
29.2522
25.4104
18.3471
22.9992
28.6710
26.8997
19.3507
28.5547
26.3039
33.0492
22.3854
22.3569
18.9386
30.0596
25.7012
30.8696
18.5645
18.7516
28.3379
26.0801
31.3901
24.5313
28.4347
27.0458
26.2732
19.1505
22.5220
24.6425
27.2450
25.9385
25.0839
18.4724
30.8468
21.5070
26.2105
29.3142
24.4994
28.4660
22.7111
24.6065
26.2081
20.7248
23.3663
24.6086
22.5893
31.5916
18.0072
28.0164
19.6407
20.7590
24.0828
29.9655
20.0466
26.1318
23.5618
21.9294
27.7655
24.5573
21.2719
21.4970
22.5552
22.9525
22.2862
26.0840
33.8233
19.2927
23.3033
22.4526
21.0856
18.0790
24.0530
27.7833
24.3365
35.3813
30.0094
26.0683
22.0207
23.3446
21.5076
32.5448
31.4486
25.5302
23.3750
21.3716
19.0698
25.8604
27.5707
30.3573
25.1836
31.2878
21.9184
26.4848
30.4400
25.7516
31.6773
26.0228
22.5794
20.7858
18.6211
25.2152
19.7648
22.2655
27.7094
26.8402
23.9209
18.7458
29.7063
21.8774
30.3887
20.4742
24.4516
22.5616
28.0304
23.9663
22.1577
23.0080
34.7841
21.8120
19.0365
25.9965
24.8387
28.5580
29.4884
23.5874
25.4829
20.5447
18.1848
22.5030
24.9221
29.4203
19.9178
24.5120
20.6863
26.7851
15.4534
20.1336
27.4290
22.4680
25.6676
36.4860
25.4598
20.2066
22.2122
20.0494
24.7490
25.5541
18.4325
24.2630
30.4310
29.7998
15.7048
18.8869
24.3732
23.7818
28.3266
25.8085
23.0701
24.0958
27.6818
17.8154
23.1866
25.0173
27.1228
25.6730
25.6642
25.0291
23.8069
25.5131
23.0901
24.4725
28.4239
30.1512
33.1959
25.4604
22.6405
22.7800
27.2275
25.0786
17.4825
28.8600
20.4764
22.7786
29.0475
30.4473
27.0396
28.6655
24.2498
21.0697
17.3585
19.4896
24.1354
24.4627
25.6444
28.5090
20.9712
23.2908
22.3616
27.2590
23.3885
22.8950
20.9975
32.6616
30.3936
22.2700
31.8132
29.3938
21.8083
23.7173
21.7401
28.0077
24.0829
19.8436
18.9830
22.2164
20.6241
23.8681
27.1040
22.2448
17.8818
22.6489
21.5850
25.9801
34.5528
25.7259
23.3388
22.5054
27.3073
18.7151
20.2822
20.9868
23.8448
25.5481
30.9668
25.7899
17.1717
24.4571
28.3750
33.6602
32.1965
25.4657
21.9755
26.7377
26.6617
26.0587
25.4454
21.8808
29.4736
25.0369
28.9486
23.9266
24.4740
26.7438
29.5676
18.8349
24.5741
26.6903
21.7848
18.5691
23.7671
29.3753
22.3065
25.7353
20.0539
23.2598
28.6659
30.2530
23.8561
22.5353
20.2938
27.2743
20.7665
25.6024
20.5964
26.5368
24.5302
26.4719
34.3120
22.8911
28.0767
25.4037
23.0065
31.2047
17.9156
26.2952
23.7569
25.8574
20.7918
22.2143
25.5437
35.4163
26.9275
26.8990
21.9768
19.7004
22.2148
24.4271
28.5193
29.7970
27.2399
20.6427
21.3671
29.6529
28.2949
31.0309
33.9139
25.3363
25.6866
24.0238
18.2523
20.3588
29.6221
23.3850
17.9970
30.2367
31.9893
30.3111
31.7792
29.0481
28.2860
23.2099
20.0073
28.6434
26.0343
19.4237
27.8505
18.4112
24.2760
28.9842
22.2940
21.0518
21.6326
19.6903
23.1594
24.6935
28.5501
26.6347
20.6447
22.6394
19.1471
17.8956
23.4905
25.7696
25.2468
19.9702
27.3873
14.3321
22.6988
23.1342
28.7560
30.9246
25.9246
18.6798
18.7705
32.8666
17.4179
22.5848
18.9947
24.7284
27.1610
23.6264
23.8839
30.5073
26.3780
23.4450
24.8915
25.3689
22.5093
23.6161
22.1176
21.1728
28.6894
28.4642
20.0502
27.7633
28.5646
22.0501
30.1181
23.9768
22.3198
29.8859
20.7752
23.1071
23.6269
24.2352
25.5614
28.5317
29.9530
25.1928
25.2622
28.0046
20.0386
25.7901
24.4153
20.9851
24.4478
31.3402
35.0730
26.6038
24.9432
18.4237
29.6549
26.2410
27.7694
37.3283
28.7159
23.1258
21.0000
19.3316
17.4144
24.2926
22.6153
26.3589
19.2829
25.4640
25.7687
29.3353
33.7254
19.8971
37.3084
27.0392
21.5037
22.0104
26.0698
27.6379
33.3364
33.1395
24.6151
24.7197
30.9335
28.1496
21.9085
24.4956
18.3240
28.1195
24.3650
23.3379
22.1661
18.6506
26.7292
15.3816
26.1478
27.1632
18.7041
34.6861
29.1527
21.5904
28.8594
18.9507
31.3744
28.8168
24.9597
26.8692
28.1660
27.0002
24.2823
27.1990
29.8016
27.4241
25.0718
24.1240
20.3556
24.3788
24.5959
26.6539
20.9412
22.0562
25.3564
31.3069
20.4816
21.7305
18.6914
18.3994
24.0408
21.0391
22.0276
27.0234
22.8362
31.5736
26.3607
22.1711
23.0763
25.3183
29.0954
27.1776
21.1461
18.1467
34.3888
24.0499
27.0541
22.4464
27.4614
21.4948
23.2748
21.9241
27.8210
27.0440
25.3877
32.3622
30.4296
29.8354
33.2429
28.7260
18.5171
27.8770
18.6722
31.8160
28.9820
21.1897
23.2336
27.4156
23.1059
23.3989
21.7714
27.2143
19.5036
31.3055
24.3638
27.3999
21.4537
19.0477
21.6901
28.3383
21.0969
18.4685
29.4015
25.3876
18.9428
19.1197
26.0522
32.2547
23.1070
23.7324
35.9456
24.2551
22.9439
19.6450
27.7490
15.0328
24.0335
23.5508
28.4874
31.3978
24.8583
33.3396
23.6218
27.8772
29.2517
22.8360
25.9655
21.1641
24.4235
19.1713
23.4148
25.8731
27.9131
30.7231
22.1658
26.4575
27.8451
27.5209
21.4274
20.7884
27.4969
18.5613
28.5974
21.3065
22.6818
21.6651
21.1961
25.4933
26.2317
27.9099
31.3450
27.3317
24.8873
32.2626
26.7197
25.3816
30.8870
23.2366
21.5105
22.8204
18.4778
22.2843
21.1928
19.6995
34.2347
18.6570
16.8472
20.5615
19.9928
17.1186
24.1435
17.9811
20.1872
26.9552
25.8107
31.1190
29.3576
25.6228
22.9398
22.2354
30.4414
20.0283
29.0844
22.9658
30.2389
21.2443
25.4336
26.4046
26.7743
26.2033
24.1629
28.7618
21.1290
24.9434
22.9779
24.6267
26.6393
24.5250
20.0022
17.4504
29.1770
19.2744
27.6279
22.0716
26.1031
26.9114
30.3940
27.2968
29.1892
22.7180
29.9317
18.2004
20.6841
27.8152
24.1665
28.1338
28.7057
26.8991
23.7685
21.3757
24.3003
18.2760
19.8403
29.7139
25.6604
26.7808
24.8926
24.0799
27.3398
25.8308
28.8476
34.5789
23.2446
17.4898
21.4021
21.5960
25.4963
32.6363
23.0707
22.6509
17.5390
30.8488
28.0828
28.5089
29.9461
27.2128
27.1010
24.5225
22.2476
20.3710
22.0180
30.3173
23.8191
19.4789
23.5482
28.7375
23.5945
26.2146
18.9290
25.6901
21.8406
21.3134
22.8329
31.4879
20.8458
19.0444
27.8864
23.7453
23.2098
25.2225
25.7157
18.8318
19.8845
17.1549
22.8109
24.9541
24.5904
26.7172
21.7502
21.3645
22.2588
28.1530
24.4627
20.6750
20.3816
31.7071
24.2193
23.0024
31.6941
16.7478
25.1732
25.5011
16.2422
23.3927
30.2435
17.8278
29.3086
22.1764
20.9028
19.9205
26.5082
17.2723
24.7099
26.3358
30.4494
21.4084
20.0281
22.7313
27.7075
16.6683
16.1488
30.8581
24.4603
25.3285
18.1057
25.4524
25.0114
27.8541
32.1514
19.2696
22.2504
19.1937
22.0509
28.0623
17.2088
20.8754
23.5826
25.0017
21.7190
27.2098
30.5919
23.8385
29.3137
33.7988
21.3832
21.1537
25.5266
25.5596
17.3667
27.9682
30.1618
21.8786
36.4171
18.5668
20.7850
22.5693
22.8061
25.7542
20.0121
19.3608
19.5464
21.1277
19.3361
30.9989
23.6959
20.2541
25.9258
26.0548
23.9218
20.7120
26.7716
24.6833
26.5624
19.9751
23.4541
21.9394
15.8043
23.8231
16.6225
21.6522
31.7011
23.6670
25.3675
27.8893
25.8329
31.2923
23.0110
29.0778
28.8305
22.0952
22.0127
21.8818
22.0172
19.4539
27.7910
28.6000
22.6928
20.9663
22.6783
28.4591
21.4421
22.1978
27.4557
33.3535
26.0530
21.8654
30.0891
25.9995
25.6956
24.1810
26.2307
21.2519
25.8058
23.7146
24.2139
17.3469
24.7524
28.6326
20.6951
21.7831
17.9608
28.1821
24.6575
21.9422
21.0346
19.9822
31.2380
22.6986
29.3013
18.5374
28.6753
16.2326
23.6594
25.4729
22.6140
27.3732
23.0998
21.8528
22.8571
17.4545
20.4822
32.7143
28.6009
23.3204
20.6399
24.5636
23.5867
18.1222
20.4881
29.4767
23.3554
22.9290
25.4549
28.6778
22.9847
26.9352
23.7865
24.2938
28.9045
20.4083
27.8070
23.2410
31.0396
31.4016
25.3642
17.6758
22.6934
25.3520
23.6614
26.6078
17.7465
28.9532
23.2101
26.6482
30.4948
23.4922
30.8309
25.5514
30.0815
31.6500
24.4242
30.0386
21.3246
20.7801
24.5760
24.9854
23.3941
27.8057
20.2636
17.1348
23.2904
23.5730
22.3113
22.7278
24.6035
29.4679
26.6741
21.1647
23.9993
21.1370
18.6314
30.6860
29.4317
29.2545
16.6529
23.4384
25.2780
18.2661
27.4287
28.2591
24.4002
31.8611
31.2930
27.7830
28.0654
20.0586
26.3428
28.0813
19.2627
16.2911
23.9773
22.7230
20.1927
30.9872
25.9458
25.8765
19.3726
30.3433
22.6228
25.8834
22.0364
25.6681
21.6671
22.6229
29.3151
25.4159
20.7744
19.6590
30.8367
21.7101
24.0369
31.5859
23.5682
31.6397
23.6048
19.6361
22.8544
28.0371
19.0498
22.5421
19.2160
28.2168
25.9983
22.6211
27.1822
22.8009
27.8624
26.0647
22.5692
31.9084
18.3424
29.6488
23.4612
26.8718
31.0307
18.3575
20.2298
31.0835
25.6229
27.2280
19.9036
30.1382
24.1028
31.0733
24.7335
26.8168
23.8730
31.3944
19.6526
25.4677
21.2328
25.4027
23.5819
22.8833
25.9356
25.6565
21.4155
23.1358
26.4577
26.4431
27.8751
22.3640
21.2882
23.3327
30.9867
28.2107
26.0467
25.1554
20.1434
25.7641
26.7515
26.6218
26.1217
23.1722
21.3579
23.6303
23.6832
27.2020
32.2215
20.1890
21.4654
33.1273
26.6161
21.2729
20.4141
30.6514
26.2031
23.8904
21.6584
27.7844
33.1208
31.2880
26.0839
27.6140
21.7652
21.4001
28.6040
22.5404
24.6574
26.6469
19.4404
23.9796
24.0799
22.3149
25.3206
20.6690
22.7810
21.7128
31.7828
22.7039
27.3670
24.7033
29.3123
20.3757
28.5039
16.8537
26.2484
20.5095
21.6350
24.2486
24.9710
20.1532
30.4001
24.3302
27.5155
29.8419
21.6920
20.7220
30.9651
32.2836
21.0704
22.1722
20.3497
25.3651
26.3167
28.9458
24.2053
16.7854
25.0685
22.9094
25.0817
20.5661
27.4616
19.3745
25.5468
24.0314
31.5550
29.8465
20.2957
24.5116
28.8814
25.4782
26.5597
23.4257
24.3209
19.6757
22.7301
32.7475
21.1519
28.4264
23.0939
24.4919
28.9046
25.5882
21.9046
17.7725
30.2146
18.7638
30.0696
22.0071
20.7953
24.5610
22.6059
25.5283
25.3492
23.5688
28.0177
17.0514
29.0596
34.7414
27.2144
22.3840
30.9844
25.0544
21.9506
25.4701
21.4139
21.8880
28.9524
22.3660
23.8715
26.2630
19.9373
31.4495
18.2288
26.8338
21.0588
25.0736
25.0499
22.9091
19.0453
28.4199
23.3770
22.9437
17.4269
22.3936
21.1571
30.4430
23.5915
23.1242
27.0880
23.5332
27.8374
22.1373
19.0084
21.1162
31.1022
32.2627
25.8667
35.6592
26.9396
21.1950
24.3827
29.8945
22.9442
23.9261
26.0109
29.4111
25.1599
21.7376
27.0394
20.1817
30.1499
24.7226
23.8643
26.4625
30.5396
26.4211
24.5678
28.4293
31.1574
21.5284
20.6975
31.3289
23.7472
19.6800
24.3801
22.9385
19.2915
24.4121
28.6758
20.8957
22.5281
26.4168
29.2610
16.9303
28.5694
22.2848
28.9574
19.6723
22.7931
30.5677
25.6964
25.1989
21.0398
23.5820
21.0634
24.7861
22.2694
28.0657
33.3578
23.7977
24.7376
21.6954
21.6183
31.1574
22.8008
27.6947
23.8209
21.7196
17.5371
27.4112
17.1243
27.3255
27.6780
20.9142
20.6558
21.5362
20.0267
21.2466
21.7679
23.7622
23.3359
15.4693
23.5622
24.4580
19.4639
23.5180
24.2549
25.0225
26.3703
29.9862
29.3868
16.2132
24.2040
21.6807
21.4600
21.2029
24.2140
28.0094
25.4574
27.3521
21.9927
26.5594
19.0736
26.7131
29.7195
27.7784
27.0677
22.6463
29.9721
22.2094
20.9097
28.6863
19.0417
26.4372
30.3647
30.5229
26.6856
26.1363
21.4410
23.7148
21.8283
24.9374
29.6766
20.9483
25.1543
29.0753
21.7016
25.2009
23.8304
25.8094
25.0936
23.7205
18.8082
27.1228
21.8362
18.6476
22.0334
32.0532
28.9487
18.7611
24.1874
28.9369
19.1990
28.1443
20.5153
20.8976
27.3512
25.1615
20.8945
21.6300
23.4336
20.6259
26.4409
21.7232
23.6874
26.8313
27.4535
24.0490
24.5375
24.5766
23.7694
30.5771
23.6875
22.0011
20.7999
24.2851
24.0093
23.7428
30.0951
21.2982
29.2209
22.2664
21.4260
33.1992
23.3907
31.4315
26.9673
21.7633
25.1180
18.3965
24.8060
24.2814
28.2048
25.3642
28.2945
28.9697
20.6069
26.7935
19.4175
26.2999
29.2691
18.4087
25.2722
23.8485
24.1338
21.7560
18.7570
23.5081
22.0564
25.7696
21.5354
26.5748
28.7012
19.2432
24.7068
24.9056
21.0227
21.3753
33.5337
28.4628
22.3664
24.6944
16.7031
29.1764
23.3158
21.7917
22.6113
27.0952
24.4402
31.5916
20.2103
20.6828
30.8823
26.8380
23.0452
25.2079
34.8109
33.1235
21.6745
23.0124
21.9197
28.5849
18.3116
31.1269
21.4683
26.7810
22.0426
33.7564
21.1638
20.7440
24.7963
17.1259
25.3533
23.8935
25.4191
21.7711
29.1470
20.3974
27.0859
28.8625
31.0719
28.6457
23.7348
20.2881
26.6462
29.3513
24.3947
25.8130
20.9694
24.7866
28.8679
31.2064
23.3197
23.4851
21.0127
22.8813
30.0609
21.2092
22.6617
33.4059
25.7662
23.0369
28.1524
25.6704
26.1487
22.9246
27.2088
19.8628
26.9360
19.9749
27.1255
20.9906
21.7066
30.3657
25.8169
23.2539
25.5422
30.6677
28.1665
20.3481
22.2457
26.0132
30.1414
25.4170
25.0033
25.9396
17.7966
23.5160
29.3519
20.3884
24.4105
33.2415
25.2954
23.7334
29.9762
22.1458
28.8708
28.7364
22.5092
21.4256
20.9831
23.4660
23.0757
28.3063
29.8368
23.3560
20.5241
21.1936
31.5391
20.8228
22.7471
20.3510
22.4134
24.0875
26.8022
25.7766
23.3238
21.7850
25.2868
27.2908
26.0654
21.0914
22.8622
19.9396
30.2079
29.2451
22.3089
26.3000
28.5788
33.6158
29.3673
25.4898
23.4887
20.8529
21.0178
31.4387
23.5923
19.2315
32.2368
20.5031
25.2977
24.0716
25.3958
23.0370
26.4368
28.8808
16.9864
31.7968
24.2543
24.8712
27.7467
22.0475
21.6182
30.4143
24.5579
23.8769
29.7196
22.6766
24.8869
23.4395
34.6275
21.7763
24.6329
23.9220
27.3201
19.3809
25.2461
18.8620
24.9530
21.0691
21.0173
22.2768
26.4009
26.4446
21.3413
19.3469
21.3536
17.2715
16.8537
25.8928
22.4776
24.6361
31.4021
20.3708
28.0300
25.1004
17.7455
21.7239
24.9305
23.1446
23.1951
18.8373
19.4801
27.9915
24.7131
24.3123
20.8547
18.1144
27.6491
25.8961
19.5962
21.7563
24.6388
20.8364
21.8448
24.3338
24.4752
24.3874
21.8708
24.0206
18.7966
23.7404
30.0431
28.0560
26.3786
26.1638
23.7344
31.4939
27.8246
21.2900
30.9517
24.1194
24.2067
28.5372
19.6744
22.4610
28.3732
19.5031
20.4130
19.6069
19.9011
36.3793
26.9131
27.8699
32.7899
23.1546
23.3906
19.6874
21.8451
24.2485
22.0424
24.9262
22.1192
22.3198
32.3867
22.9190
27.6593
20.5217
23.6981
23.2898
22.4387
19.6843
23.4983
18.6198
32.6307
24.7583
19.7204
21.8145
24.7691
26.3526
25.1995
23.7061
25.0364
28.8083
27.4785
22.4093
20.0603
24.0216
21.4988
27.9883
30.2036
32.1836
22.6270
20.2871
24.0864
18.4982
24.2623
27.5806
25.4880
16.5563
28.1337
20.7382
16.0808
19.3181
26.6826
28.1354
21.6388
25.5447
23.6919
32.9214
21.6957
22.5015
28.7435
22.4334
25.0621
29.9800
23.1664
26.2161
27.0835
15.0837
26.8275
26.6632
26.6029
21.9634
27.6985
27.0195
22.3244
31.4896
26.3622
25.4359
29.7263
25.6220
25.9333
15.2977
23.8233
22.2662
28.3600
22.4327
23.0869
27.7276
26.3706
21.0996
20.5342
30.6772
20.5681
24.9107
24.8850
24.5103
24.3558
29.7469
23.1286
27.2258
25.2579
31.2669
14.8412
24.5923
24.9396
20.5661
28.4081
26.4628
23.3483
27.4984
27.1444
26.6166
20.6778
26.8693
31.6230
29.1188
32.4139
24.1430
29.8700
30.2964
28.5599
22.2895
20.1667
18.8353
24.3747
32.2199
27.9762
20.8272
22.8381
26.3303
22.4175
30.5649
24.7504
26.5591
27.6174
18.0421
25.9835
27.8566
26.6691
23.3636
24.0755
32.4195
33.2318
29.4401
23.7250
26.3211
27.1427
25.5831
20.9945
27.6886
21.1520
17.8041
20.8453
33.3970
23.4638
25.0409
23.4347
25.8857
23.3515
20.8077
19.6638
25.3807
21.8573
24.1766
22.0843
20.4906
26.9198
23.0644
19.5011
22.4658
25.4121
28.2849
22.3082
19.1597
28.7199
25.1002
22.8312
27.4914
19.7255
23.1408
31.9626
22.7896
26.2453
17.5039
19.4049
31.5004
22.2974
30.1320
28.2810
21.1206
30.1621
22.5024
21.3300
22.2732
14.7243
21.6229
26.6993
18.1879
19.3195
21.1715
21.2344
21.8059
27.2864
30.9456
23.1408
24.4443
24.5572
27.2109
17.3825
30.6629
22.0309
25.3607
23.6566
25.5218
27.4813
32.1565
18.8377
26.0715
22.9204
28.3545
26.3866
27.4014
18.0042
27.7039
23.2772
28.2304
21.3141
22.9848
21.9930
22.5722
26.6977
20.3943
22.1529
20.8232
19.9461
24.6886
28.4813
30.6838
27.8004
27.6531
19.7154
26.1950
21.2594
17.1748
24.1656
22.5683
28.0953
24.9369
25.4717
26.8968
32.5629
25.7742
15.8827
26.8518
20.4240
19.8553
25.9000
25.2076
22.7728
24.7476
34.4308
27.7793
29.6413
22.9300
29.4498
19.3872
29.4789
18.3337
27.3632
26.5512
24.0173
23.3753
21.4506
26.2787
20.5782
28.8196
27.9471
21.5399
24.9667
21.3504
32.7446
27.3001
24.1273
22.8489
26.8972
31.7477
18.5861
21.2679
28.2142
24.3730
20.2753
23.8016
30.1048
29.0792
28.4550
29.6160
40.1337
33.1132
23.8299
23.6744
19.7454
30.3464
25.7024
18.2850
28.5127
22.9207
26.4732
24.3650
26.3661
24.9198
22.6780
26.4542
24.8171
22.3391
20.2600
24.7877
25.1871
21.1671
22.8337
31.5346
21.3155
21.6820
26.0194
25.4982
27.5461
26.4211
30.1812
20.2472
26.7814
23.5121
21.1893
27.7708
21.6946
25.7509
27.5954
20.5059
28.4331
27.5045
28.0527
27.2729
29.9915
22.0876
24.7632
20.7744
21.3825
28.3219
16.6518
24.6622
16.5344
19.7954
29.8788
16.9567
20.7860
22.5114
30.8735
21.4330
21.8709
24.8411
28.7442
17.7159
23.5788
21.9614
18.6922
22.9682
22.7327
27.9320
27.2236
28.0444
28.3202
18.4905
32.3617
25.4738
28.1688
25.5212
21.1764
22.0782
19.0243
21.2602
24.8146
19.2934
26.1098
26.0046
24.9681
22.8076
31.2854
24.7497
24.7312
21.5115
21.7664
26.0877
17.5769
18.7123
23.5660
19.8047
20.8375
25.1180
33.5509
22.4556
26.7630
24.9859
30.4337
22.5418
20.7373
22.6449
20.7309
21.1334
21.3455
23.7543
28.1175
32.6845
22.9087
19.5372
26.6873
36.8234
18.3169
25.5426
17.8624
24.9324
24.2478
28.4137
22.9137
33.7842
25.3579
23.9981
22.5944
25.9559
26.0649
20.2628
21.9228
20.9948
28.2099
22.5573
23.0355
25.1311
28.7577
27.0010
27.4389
26.3246
22.9976
32.1781
29.3740
25.2854
25.5607
33.6968
24.8909
27.7929
18.1423
30.5832
26.3944
30.0819
27.7081
24.9552
27.6375
25.2956
30.3158
30.0395
28.7493
20.6104
24.3096
25.3550
19.3375
19.8867
27.1501
15.1926
27.6758
18.1332
22.4337
23.1916
26.1885
21.6749
28.5704
27.4550
24.3901
21.2978
28.9627
24.5714
21.7714
28.4096
34.2713
23.0320
23.5488
27.3455
23.2569
17.8055
24.3864
27.2575
18.7416
21.1467
23.5494
25.4916
24.8028
26.5491
24.5627
27.0111
36.7874
24.8540
29.1997
36.9567
22.9861
22.1560
26.1439
24.2521
29.8809
28.8527
28.9598
23.1324
23.3167
24.9816
26.0723
29.4998
31.6136
22.9745
32.9785
27.0937
29.1823
27.8850
18.7772
21.6899
17.3264
21.2735
23.4022
26.9697
25.6304
19.1492
21.2353
21.4195
23.8117
27.8469
25.6776
19.1081
27.9588
21.4149
26.1087
24.5604
20.2691
17.4287
28.1590
27.6043
19.5628
19.8616
29.5630
18.8081
18.1732
24.7555
21.5857
21.5508
25.0813
20.6374
20.3103
27.2011
22.9355
20.8058
25.7402
24.2240
18.9594
18.7709
16.5134
24.9311
26.6769
23.3296
21.5115
33.8932
21.7883
21.3496
17.7440
28.6176
26.3406
24.6975
20.7738
25.8023
29.5444
25.9746
25.3880
26.5304
32.3086
19.1115
16.6338
26.2066
18.3368
26.4520
20.9076
26.7762
23.4020
22.3768
25.4419
25.7740
24.2239
23.7961
23.9638
18.7729
22.4221
29.9734
28.8271
22.6263
34.6679
26.5417
25.8894
25.9158
24.3224
24.9831
29.2351
19.6496
36.5597
28.4591
18.6900
27.4202
21.0201
23.1082
19.4576
26.8432
19.9878
23.6037
33.0598
28.1443
22.1977
24.6084
25.4661
21.2718
21.5542
28.4259
20.5080
21.5820
31.5527
21.3245
24.2337
27.5131
37.8365
28.6576
26.2802
23.1827
22.1824
27.0998
30.2207
18.5371
23.4127
21.8204
21.0446
17.6708
21.1431
24.1112
21.1473
27.3732
26.3348
17.6461
20.2149
24.8236
27.6442
21.8625
16.9020
28.6085
22.9704
28.4209
31.5660
28.7501
19.0597
28.7409
28.9140
23.4524
27.6938
32.2702
26.2018
31.3008
25.7977
24.9386
29.7739
23.8275
30.5260
25.2118
25.4297
20.8631
32.6226
20.8377
24.2299
20.3606
19.9203
22.6501
21.9594
34.7313
21.5642
26.6945
21.1328
29.4725
32.0321
29.7132
32.7460
22.1099
30.4570
32.2111
23.0790
20.3150
26.8474
21.6152
26.2317
24.7708
30.7337
34.2469
27.1241
21.0955
28.6256
32.1521
18.4647
24.5541
24.9750
20.0128
18.9422
30.5852
23.2432
22.0308
22.4150
19.8816
28.4888
27.1120
25.0120
34.4946
21.9951
24.7739
27.2835
28.0077
23.5145
28.7356
24.5507
33.0759
30.9583
36.2115
19.7214
21.2900
24.2713
21.1963
20.0981
19.1489
17.2674
24.8660
27.5757
26.7339
24.8702
22.6945
27.3226
24.8300
25.3926
28.8671
29.3035
30.9157
20.8942
22.7546
25.8301
32.8155
26.8889
22.5525
28.9495
24.6286
28.3600
27.3022
24.8407
22.9103
31.6082
32.8832
21.2644
27.8739
24.8203
25.6568
22.3336
33.2587
27.5672
25.3461
25.5316
22.0740
32.3723
22.2382
16.8969
24.1936
30.0595
21.6224
24.7991
22.4089
16.7285
23.6740
20.8431
25.4871
30.7983
23.9218
18.2099
31.0859
22.2430
27.1701
33.6987
16.2885
24.4431
25.9582
27.2550
25.8822
27.7199
33.9184
30.2918
27.0907
20.0952
21.4996
20.3760
31.2855
15.2698
19.7144
24.0247
27.6693
19.3027
29.5190
22.8945
25.6188
23.1682
24.7864
19.3624
23.5802
31.3004
31.5640
17.8656
21.4713
19.9517
29.7133
22.5879
25.7735
22.0822
27.1686
25.4913
19.8038
20.0949
22.7592
20.1082
30.6504
16.7917
28.3539
23.7979
22.1428
20.0939
20.2582
22.2494
18.3968
23.9553
22.8807
29.2583
28.2179
29.9258
25.0819
20.3139
20.2751
25.1699
30.0976
27.3353
31.9175
19.1416
23.5388
19.0709
18.4670
22.8337
20.4656
32.3502
20.8362
24.9541
18.4440
34.8068
23.5762
28.1352
21.4733
27.2602
25.8208
20.4369
20.9208
24.2110
27.8999
31.6881
18.4553
21.0459
17.6709
26.5361
23.8258
23.2173
21.9679
18.2379
26.8345
26.0298
19.7646
19.7897
24.3264
21.5789
24.5686
29.1657
26.4383
26.4080
24.0679
23.0317
19.3022
29.1788
17.7035
26.8307
24.4360
28.0405
28.0654
25.9071
21.1335
18.3602
32.3680
27.1741
22.9531
28.0246
26.2174
22.1880
25.4523
26.6553
26.0931
27.9592
23.8624
22.0417
25.0703
24.0138
21.6840
24.0235
20.1024
18.5436
16.3780
34.1623
22.1769
23.1442
24.5689
23.6269
20.2655
18.6234
34.0493
22.9367
19.6359
25.3503
18.4365
33.5751
27.2532
24.5089
24.4925
18.7456
26.7633
30.7792
28.0983
28.2299
21.7188
26.0421
30.7927
23.1342
31.6231
30.9463
25.5639
19.3361
23.8244
30.6605
17.0011
24.8726
22.7717
20.0894
20.1686
24.7715
22.7346
20.3124
26.0742
31.2782
28.5365
25.8407
28.2134
21.2331
24.7993
22.6414
26.1444
29.1369
26.4731
30.8240
26.2595
27.5558
26.8194
32.1262
24.5782
20.2083
29.6528
23.5312
29.5904
24.0827
30.1050
19.8792
24.5481
21.3233
30.9825
18.7322
27.6453
25.7749
25.1346
22.3898
24.2299
26.7233
27.4240
29.2768
29.8063
29.0100
26.3078
25.3866
24.1753
21.0636
21.5891
30.7668
18.6607
24.1638
23.4900
18.3875
24.6743
25.3982
24.0535
20.4957
23.5983
22.8211
23.1289
24.0905
23.4027
23.3129
22.9572
19.3726
30.0550
28.2967
21.3275
27.8929
22.3968
20.0885
23.6629
24.4900
26.7904
26.9964
23.2115
30.0697
32.1730
22.3789
24.8094
22.3179
32.5678
20.5747
20.8407
20.5785
21.5247
19.3529
25.8654
27.2403
25.2513
26.2183
22.1351
19.5838
19.7946
24.7001
21.2030
29.6196
28.5912
27.4894
31.7356
25.1341
28.9462
22.8126
23.3585
25.6533
24.5095
31.6178
20.0780
27.3865
24.0946
20.1344
22.7763
22.7725
20.6001
24.8779
30.9786
26.3406
23.0644
24.2690
24.2595
23.7295
19.4440
21.0232
18.8240
28.5387
20.6391
26.5487
27.5540
22.5038
24.3577
26.6174
25.0012
24.0943
24.5524
23.5519
26.8817
23.0211
20.8799
26.3459
23.1751
22.8795
25.7439
18.5240
19.3574
21.6545
19.8119
20.5844
29.7816
21.9058
20.1213
33.9512
25.3782
20.1663
27.2417
22.0724
28.7922
26.9237
25.1739
26.2880
26.4225
21.7107
16.0788
30.5411
20.4229
21.2684
19.9980
22.1392
25.3577
32.8021
23.8455
23.9932
26.3239
22.4155
21.7501
29.3088
18.8730
22.2102
19.7182
27.9222
33.5476
18.5852
21.7283
28.4076
21.6709
24.1194
21.4700
23.0344
26.4167
26.4558
30.1249
26.0940
25.1763
23.4345
21.2166
28.7675
30.1875
28.2446
17.9017
24.2325
25.3758
27.2814
24.3045
21.8580
25.2372
29.1485
27.6675
21.1143
20.9516
28.7090
30.1919
22.2546
24.9727
33.6436
18.7522
22.0499
28.8950
21.0963
19.8299
25.6545
19.5026
20.8669
23.6123
24.4743
32.6806
19.0890
30.0308
23.3317
21.1756
30.7232
17.6321
21.4607
25.4140
29.7140
28.8657
27.8732
19.1069
30.4095
28.3476
24.4455
22.8166
21.4147
19.0201
23.8511
17.2736
18.8845
27.3108
24.2927
28.4898
25.3148
25.1305
22.4111
21.6406
23.6271
25.9379
23.7886
28.5316
24.3078
24.0367
23.9650
31.9577
29.0518
29.0615
16.4652
33.7983
18.4901
24.9332
22.9024
21.1521
25.1678
25.8902
20.9177
19.4352
23.4160
25.3401
24.7099
21.1724
22.4018
22.5513
19.2064
23.4350
22.2671
21.5957
30.8491
27.6253
30.0149
21.6682
27.4672
26.9422
16.2795
26.5782
26.1801
35.1199
25.4773
22.1825
28.1526
20.9543
24.4964
22.4484
24.1496
30.6839
35.9081
26.4832
16.3393
24.6277
27.8827
19.1632
18.8254
21.1791
24.0568
23.0367
21.4052
28.4165
28.5361
33.0443
27.8463
30.8719
23.3659
17.8810
25.8621
29.4520
32.4797
28.0852
25.5291
25.2800
25.2588
19.0270
21.9628
29.8621
28.7660
23.6552
21.6654
29.0368
31.1041
26.0276
31.9965
24.7878
31.4215
21.9711
20.1816
20.7693
24.0795
26.4708
19.3218
23.8754
25.9045
20.1697
23.3704
26.6729
27.4334
19.6218
29.0467
28.7693
30.6652
17.5414
24.2038
23.8456
30.1305
26.1714
25.8503
30.7550
23.6289
21.9997
19.8057
27.1880
25.7105
23.4438
21.2372
27.2268
22.0536
27.1575
29.0132
26.3747
31.6227
20.3202
18.3820
31.3399
21.2578
35.1081
24.0055
19.1736
20.7892
26.6608
22.2790
19.6162
25.7987
27.6313
31.8025
23.7176
26.9873
27.7630
25.9789
25.6365
20.7934
25.1618
22.5585
32.5678
34.0487
31.2608
20.4573
30.2740
22.7719
27.3906
24.7175
30.4763
19.6012
24.5992
28.0624
25.1049
21.0048
19.2359
24.3788
28.0506
17.1348
21.4957
22.2040
27.6937
24.1452
20.1740
16.4440
24.5915
21.4248
23.0111
21.9821
24.0986
22.8710
27.0760
26.6998
32.8415
25.0044
18.7799
27.4082
24.6854
27.5492
22.8306
22.7020
33.0750
24.7961
32.1651
19.7635
26.3902
19.9651
22.3387
32.7600
18.7462
19.0787
29.3140
21.5456
24.7215
23.4584
29.4281
17.9749
24.7567
22.7646
26.7292
22.4114
20.2370
24.3779
33.0443
28.4419
18.3757
30.3309
22.5003
24.4422
26.0194
19.3399
26.2282
19.2446
32.6547
21.6353
25.4647
26.2907
22.7372
26.3641
27.3677
19.5743
29.3609
23.2927
19.6493
21.4407
24.1672
24.5812
25.8148
18.6860
19.4802
30.0061
27.3995
20.3544
25.7312
21.8118
27.6088
22.7879
22.4828
29.0790
29.9159
21.3137
23.2917
20.1456
28.4631
21.3624
23.0776
30.6153
25.2008
23.0650
25.3649
18.0836
23.1012
20.5219
24.7312
17.8182
27.5073
18.3771
23.8254
29.4226
25.4822
27.8672
24.6524
31.4187
23.6662
19.4544
17.5312
27.7140
23.8429
26.8620
24.5962
32.5769
27.7331
23.9462
31.9471
24.3949
26.0220
26.3673
25.2651
28.0835
30.0947
25.0813
24.8690
25.5964
22.6093
18.2360
22.9030
22.6359
29.1499
19.6992
35.8047
29.4992
21.7921
25.1747
26.4583
25.5502
20.2045
24.3154
26.4222
26.3840
19.5467
22.6300
21.1813
16.9628
22.6492
21.1922
31.3061
32.6540
25.1418
25.0300
28.0865
27.1343
20.4961
28.8080
21.9271
28.0159
19.5579
26.8883
21.9652
20.7576
24.8351
28.7007
28.2763
22.0928
23.3152
24.9667
21.7777
23.1602
28.9846
15.8098
29.7366
28.8887
24.5566
25.4780
30.7959
28.7620
22.8539
27.4096
21.3181
22.4630
21.0673
19.0881
26.8390
29.6914
27.9515
30.8604
24.9102
27.6204
26.4348
25.8836
25.8449
20.6372
18.2721
27.7895
28.2084
20.1169
31.6432
32.5267
30.6118
23.2891
25.2555
29.4817
27.4647
25.0058
24.9550
30.6251
23.6073
31.5157
21.6491
20.2382
18.4040
32.2803
23.2058
33.7687
28.1659
16.7011
22.6361
32.9668
32.1536
27.9603
26.1775
25.9434
29.9936
23.5329
19.9560
23.3746
23.8965
20.8774
24.1019
24.2316
29.1958
25.7145
27.9315
22.6205
28.2227
22.2491
25.9252
26.4221
32.0321
27.6975
19.6583
19.2953
25.0921
23.9111
30.6171
21.9771
24.6813
28.1289
27.2914
24.1015
15.9635
25.7563
28.3654
20.1272
30.5642
23.4376
26.8312
23.3696
19.3010
22.2340
24.6250
33.4413
23.6425
28.3717
19.6053
20.4883
27.1068
20.6833
22.6518
22.9729
25.1757
19.9263
27.6228
28.5030
23.7515
25.8112
25.8583
25.0312
22.3764
21.1226
27.4423
26.6981
28.5532
30.7813
17.9734
28.3575
23.8243
27.3910
17.4232
32.7215
22.1857
20.2981
27.6701
21.8250
20.5752
27.9023
33.5346
26.9229
24.8648
18.7751
25.3522
21.7948
19.0930
30.5255
23.7951
24.2847
32.4799
20.6751
19.6534
19.5082
23.6508
23.9766
18.5582
20.8215
31.6359
26.4566
19.3668
22.8481
22.3332
27.3188
19.6531
23.9204
31.2690
18.7880
24.9789
24.7100
21.4197
25.6860
24.2718
21.7571
24.8071
20.2558
22.6581
23.4508
29.1182
22.4294
18.7842
28.1030
19.6785
24.8796
19.5602
27.0590
26.9876
26.2725
24.1833
28.6357
20.1204
18.5247
20.6847
17.3086
19.1311
30.4961
23.1306
23.8477
26.6256
21.1325
31.1383
22.7534
31.3408
26.1280
27.4246
26.9944
20.9279
19.8271
20.7306
22.2869
29.3827
23.6269
28.6378
31.1097
16.8439
21.8881
18.6922
23.8717
24.4182
29.3418
31.3981
36.5755
30.8672
30.1736
29.0708
31.2325
20.7562
23.8196
22.6208
19.4872
22.6812
22.9511
22.4626
29.0180
23.5634
26.4129
29.3391
19.2247
24.7780
16.3395
32.6956
29.2891
27.5063
25.3686
21.7066
24.9799
22.9412
31.8611
25.9932
22.7497
23.0447
25.0017
24.3745
21.2341
28.8271
29.3428
28.5912
22.2009
28.8042
29.3796
29.9828
27.1115
24.8223
25.0219
20.4213
25.0219
19.0599
19.5049
25.8113
23.3005
22.2430
21.9447
31.2524
19.5688
22.9287
22.4758
25.0640
24.8016
21.0935
24.5754
30.4972
29.5649
30.3275
22.8573
28.4672
26.4439
17.9831
27.4508
21.6540
27.1065
24.3038
25.6799
24.9254
25.4272
33.4658
24.4900
26.1271
23.3603
29.6350
26.5071
25.7397
19.6102
21.4653
22.0339
24.6006
27.9729
18.4175
24.8425
25.3289
20.9871
27.1798
25.5455
29.3684
22.9761
23.5122
23.4449
25.2137
27.0840
22.1146
26.3323
17.4798
28.6904
25.8700
22.9851
24.4717
20.3211
20.0924
21.2202
20.2439
22.4040
19.7281
26.9623
20.5712
20.1308
29.4351
27.9111
23.1980
25.0913
23.9641
25.9806
17.5425
22.1249
21.8070
24.1105
21.5781
21.2801
31.0967
19.0171
22.1897
23.2804
37.5365
28.2896
24.0793
20.6729
23.1529
24.6630
21.7887
24.2230
25.6676
26.7502
25.6601
27.7747
20.0233
22.2226
28.4613
30.8779
18.7838
30.1600
22.0950
18.9054
26.7989
17.2032
25.0511
26.5014
20.9555
21.1297
32.8995
25.7718
27.7286
22.9533
30.2635
18.9117
24.9067
16.4144
25.2898
30.9277
23.6229
27.0416
22.9767
23.0794
23.6531
32.7323
20.2642
25.4168
20.4761
19.9154
24.6841
18.6643
31.7778
21.8358
29.4929
23.6722
31.6537
25.5856
23.8300
22.8219
18.5866
27.7250
22.4374
24.6007
21.7764
29.5505
20.1616
25.8616
31.0776
24.9399
25.9310
21.4048
21.5369
31.5999
24.6425
28.2530
26.3863
35.7164
25.5671
30.7573
30.3713
21.6559
21.4976
21.5011
26.6689
20.9938
22.2207
22.8685
24.6932
25.7766
27.7946
23.9127
37.5026
24.6856
26.8706
26.3893
18.7410
23.4734
32.6075
23.2303
24.0602
22.6759
25.7499
29.8164
19.6715
15.9722
20.1470
26.5131
24.7656
24.1717
25.6704
25.9840
18.1424
20.6290
20.7012
17.3525
24.9004
24.7007
25.4271
22.6960
28.3003
27.6474
25.0999
20.3018
22.7196
23.5732
20.7961
32.2185
25.9374
25.6729
24.6120
22.6388
29.5106
32.0053
21.3725
25.9025
23.3182
20.5297
22.1458
25.6571
24.8516
29.4739
21.5590
23.9158
27.5879
19.3662
22.1119
20.8118
28.8864
23.4732
26.9414
22.6030
27.3410
24.5430
27.3177
23.3271
23.2445
22.8378
27.3282
20.4029
19.1637
34.4501
19.0135
23.7194
19.3848
19.6351
19.8251
28.3565
19.6512
27.1412
26.2405
26.0885
31.0154
25.0926
27.6917
24.0635
28.9658
27.8451
20.5450
18.4055
23.9976
30.9943
32.7604
27.9801
25.7424
21.8024
27.1411
34.9723
20.1355
23.1344
22.0451
24.4318
27.0156
24.4985
22.8754
23.9325
27.2660
18.8293
21.8205
24.5582
20.9456
24.1571
27.6123
23.9154
21.3742
25.3089
27.2936
18.9767
34.0579
22.7006
29.8615
21.1722
16.5304
25.8874
27.4611
18.3955
34.7580
19.4218
30.8452
22.4507
17.3084
18.0424
19.4007
27.4624
23.8844
19.1562
19.5693
23.6603
25.6296
22.1488
25.8198
25.3854
20.2961
26.3546
25.5340
30.1672
28.5968
25.0577
30.8011
30.3046
27.6329
22.7889
19.6211
25.2236
19.0651
22.9649
27.0261
30.0852
19.2801
28.8587
16.1769
20.4745
18.2201
20.4246
22.0724
29.8612
29.6246
20.7083
21.2937
31.0652
23.5108
26.4356
21.9133
27.6283
29.8184
24.0396
29.4535
26.9499
28.4081
31.9391
29.3153
26.6335
23.0760
20.8683
17.1794
18.3168
32.3333
32.3885
21.1078
20.6323
22.0894
24.2892
22.8300
21.9435
30.4886
28.7576
19.7691
29.2301
27.4289
26.0041
23.3209
23.6482
22.3605
22.4566
17.7976
22.7439
24.7994
26.7860
23.9439
34.6986
31.1795
22.1268
29.9455
28.5317
33.5764
19.8624
19.9899
27.7698
20.6122
21.5385
24.7987
27.1528
23.9515
21.9898
20.0111
21.9979
25.0492
31.0049
17.8729
21.3611
19.8537
26.7229
19.3924
18.7250
24.4551
28.2632
23.9087
25.3041
26.0834
27.3700
27.8673
28.4825
22.0340
25.6408
26.5550
25.6974
24.8939
19.1994
29.7579
32.2346
22.3875
20.1085
17.8096
26.4079
24.2558
26.5531
22.2365
22.6647
27.0544
23.4250
24.2185
23.5633
27.3354
25.0529
16.5140
20.2285
18.0104
30.2560
26.0297
26.5182
23.5545
23.4503
22.7367
21.1168
27.7164
22.2755
23.4500
30.4796
25.8664
21.9822
26.4525
23.1980
33.7118
20.0036
18.9499
21.0525
19.7781
25.6264
16.3398
22.4599
21.0473
22.2100
20.6126
18.1543
23.7982
21.2498
30.7106
25.5365
23.7391
25.7342
24.9120
32.1334
29.4240
25.4761
22.1097
23.8643
20.7485
32.3393
27.5158
29.3019
24.2248
18.4506
27.7642
26.2289
18.6828
20.0569
25.5001
32.1336
20.8774
19.1600
18.5304
22.3984
30.3762
23.3718
20.1902
26.6089
21.0275
23.4374
18.3336
31.1779
24.6953
21.5312
26.6630
30.2934
31.5245
24.5807
25.4407
26.6570
18.1281
25.8463
22.4900
32.9302
18.4829
20.3625
23.1989
20.1329
21.2004
28.5735
17.6364
21.4397
25.6404
18.4785
16.9583
20.5998
22.5335
26.0095
23.2935
18.1670
19.9957
20.7824
25.5735
33.5432
26.0278
26.0728
23.4387
30.3130
19.1381
29.5175
23.8528
21.2562
32.1849
26.0647
31.4657
17.9025
24.9645
24.0469
26.2353
22.1418
28.6317
23.3883
26.5133
29.6866
27.6640
18.9962
18.3665
21.2074
29.9154
24.8663
25.9480
22.9142
23.0455
22.7945
23.8510
19.4847
30.4711
25.1865
19.9299
24.0999
22.4748
22.5308
20.5161
25.0929
22.0969
29.4734
28.8251
19.9874
26.9734
17.6942
30.5156
21.4560
20.7604
21.6631
21.1596
29.3927
28.0308
37.9410
25.1534
21.0581
25.6732
28.7426
24.7990
31.8899
33.8273
15.8717
16.3501
25.0716
20.8946
29.6426
19.7929
22.0922
28.7511
24.6747
23.6191
18.5951
30.2180
22.8293
19.9607
30.1766
20.0370
24.8164
25.1741
20.4296
17.6800
25.6039
28.3039
17.9065
20.7984
24.0172
20.5191
22.6623
27.2211
21.8633
27.4775
20.8236
22.2280
24.8877
25.6903
23.6035
22.8242
23.2534
21.5595
24.4678
25.7568
21.5850
21.2945
24.3974
21.5317
24.1673
28.1461
18.5146
28.0827
30.7234
25.8858
28.6427
26.9780
26.5930
21.8264
23.7260
17.3261
21.9254
27.6467
19.8740
25.6659
29.0787
24.7549
34.7266
20.8014
27.6198
27.8300
28.5995
30.2479
21.1920
23.3890
20.7924
22.2836
25.9893
22.3290
19.4308
22.7786
27.7932
31.8060
24.6668
23.2829
24.3978
24.1138
25.3462
20.5836
23.1877
23.5139
23.7519
21.4796
26.4931
31.3659
35.2232
33.6514
22.2143
18.1048
28.2765
22.3433
23.3462
27.0433
23.7730
27.9973
29.6043
19.6419
20.6237
26.1671
17.2691
24.1000
21.1678
30.0041
26.7787
18.6430
27.9319
26.5237
23.8908
24.7944
28.7228
25.5427
21.3163
29.7612
21.5356
25.9947
24.5524
19.9125
29.1396
18.3697
28.2974
17.6127
32.3591
25.0853
17.3517
24.3087
31.8870
22.2933
20.2037
27.4293
24.4330
20.0471
19.8506
18.8514
27.1865
25.2613
18.3266
22.8256
22.6009
18.9513
18.9860
26.8946
28.9042
25.7477
16.5290
26.2869
25.2959
21.5433
30.6329
27.6921
22.7762
26.9180
21.8084
28.7740
21.7409
28.4061
30.9494
25.4334
26.5408
23.6791
21.3457
24.5504
20.3778
31.4818
32.4008
28.4302
29.6585
25.4364
30.6876
16.8325
20.0091
21.5465
28.5446
21.2507
26.6947
34.4089
20.3003
27.6123
30.2922
26.2572
29.2336
19.9428
28.7331
23.2100
23.8266
22.3881
28.3654
24.3052
25.9994
27.4195
24.3792
23.0098
30.4768
18.8864
23.3434
28.2061
19.1136
27.3406
29.5578
23.2716
25.6247
29.8586
21.6862
27.2727
27.1323
22.3468
23.7531
19.9890
27.0994
28.5415
23.1852
28.6979
22.2467
23.3180
19.2036
25.4006
22.0445
21.3222
18.5254
16.2363
30.5110
21.4262
23.9067
27.3266
28.0730
28.7785
27.4785
25.5825
27.6910
26.3189
22.3935
25.1708
18.9316
24.3526
25.9111
19.3257
22.1033
25.8328
21.1612
21.5243
23.3528
25.5873
16.1742
22.5253
20.4939
28.6279
29.5151
17.7485
24.8840
28.3714
21.5649
27.1979
32.5457
24.3624
19.9333
27.8039
20.4784
25.7522
17.6626
23.1947
24.8025
24.8539
27.1054
22.1687
20.9446
23.7318
17.0093
19.4830
20.5804
24.0801
23.7773
20.8556
18.9766
21.9874
24.2764
24.7066
29.4397
24.7289
24.2968
26.8059
25.4369
30.6229
28.0194
25.7734
25.5248
22.7283
19.9322
21.3468
21.1119
30.0640
26.6111
21.0011
26.8414
16.1402
27.1186
29.4159
20.6155
22.2065
36.9548
20.9949
22.3417
22.6969
32.2988
24.4483
23.8984
25.9676
26.4962
18.8390
25.8023
18.0664
28.6813
16.8778
25.3765
25.1695
23.4295
27.6677
26.4371
20.1711
31.4907
21.5360
19.6491
34.4162
27.3772
19.9825
22.5027
23.5160
23.4772
20.6583
27.1728
19.5365
18.6733
24.2802
23.3646
28.1407
16.8457
22.3638
19.2361
22.1022
24.1674
21.0902
29.8314
21.2256
25.5546
21.2177
21.0038
19.5833
28.3133
26.5254
28.7806
29.2374
22.5037
23.2711
26.1424
31.4059
24.7816
25.7980
26.1784
24.5789
27.1591
22.9491
24.9340
30.6508
20.8553
18.0881
17.2246
21.0678
22.2362
27.8688
20.7348
27.2661
26.4280
28.9143
27.6814
26.4428
21.1648
25.2323
28.6799
27.0300
19.7310
32.1891
21.8948
26.6372
18.7240
19.8694
21.0395
24.6939
18.4495
25.5875
28.8623
31.1658
25.1311
29.4967
31.1767
24.3021
22.5272
29.6811
24.3028
27.7945
29.8438
25.7912
24.5073
26.3650
24.3391
31.5059
27.9565
21.4081
26.2154
31.1650
28.7010
22.8203
19.1609
24.2150
28.6882
28.2853
21.7285
22.7101
17.5547
16.8747
19.0776
17.5871
30.1354
17.9868
23.4704
26.7956
22.2277
26.8228
22.1455
21.2988
24.4717
20.1775
29.5018
30.2635
25.2666
22.2507
30.4253
23.0778
26.0274
27.1141
22.9838
30.1534
23.4705
19.8504
20.3315
31.2233
31.1113
29.8478
25.9762
23.6366
23.0670
25.3230
26.7976
27.1657
28.2396
26.0548
21.8314
33.8135
26.3305
27.0240
33.1935
29.2114
26.8802
26.3586
28.7030
27.9497
29.9492
22.4614
30.5963
23.8185
20.0812
24.0185
34.5260
22.3723
31.6100
18.6494
25.5531
21.9543
23.4022
22.2909
23.0316
21.3460
30.5180
27.5690
22.6456
26.7308
33.5610
24.0708
19.1416
24.2306
26.4377
22.4070
19.7330
24.3557
24.1077
26.9780
29.7332
29.3495
25.8319
32.9399
25.0856
25.0024
21.0125
21.4596
20.2393
26.8605
27.1105
17.3377
21.0021
26.9124
26.1666
21.8577
23.8491
31.7601
28.1938
24.5381
25.6265
24.3889
17.2576
25.7751
20.8400
23.3345
31.7688
23.0752
22.8407
27.5822
24.6792
20.9430
21.3417
18.9215
30.4358
24.7140
25.1307
31.6358
24.2878
21.8721
25.6846
23.9570
30.7256
28.9013
31.0528
35.1507
27.8052
26.0140
22.8845
25.1289
27.4266
30.1417
25.0470
27.8550
27.1423
33.4818
28.0407
24.7980
23.5425
22.4813
27.2896
29.2723
28.0597
24.7566
28.4524
23.5847
27.3950
34.3196
20.7114
24.6430
31.8978
21.2647
29.1128
21.5476
22.4116
27.4763
17.7553
26.8269
25.8292
35.5945
31.8761
32.0088
24.7003
22.5105
23.5604
21.3997
19.8417
17.3386
23.1935
18.3407
19.3286
21.3226
25.9948
26.1738
25.9514
23.5676
26.7298
23.8696
26.4106
32.5893
22.8061
30.3085
24.9778
19.5071
24.4858
22.6229
28.5183
26.7694
25.8110
30.0079
33.2023
32.7230
22.9627
20.5185
24.4734
19.2640
26.5032
23.5503
26.4354
19.1501
29.5862
30.6549
28.7230
21.9767
32.1065
23.5975
28.8584
26.6789
27.2004
26.7171
26.3149
26.4898
22.8144
27.3896
20.0814
28.8642
24.9262
30.5092
32.3893
18.7068
28.8273
23.7068
26.1726
24.4234
24.2790
20.2527
26.5596
20.1044
25.9503
16.6612
19.9800
20.7102
23.2124
26.0469
21.3679
21.2354
26.3330
32.0114
20.7626
26.5898
23.5746
18.2262
26.3449
23.6607
16.5244
31.5223
27.8438
22.5569
20.0885
22.9310
36.7960
25.0237
28.2743
23.9588
19.1986
27.6656
29.5484
16.6948
20.2491
29.4763
17.6359
28.2281
17.6898
17.6912
25.6855
27.7717
25.7749
26.0835
22.6235
21.4323
25.4476
18.1720
21.0082
21.0532
26.2484
25.2660
22.9624
22.7687
27.5184
28.7397
18.8294
23.1650
23.1896
22.3533
18.6206
25.3244
34.8380
29.6407
19.6278
22.7605
27.9050
28.8773
29.6918
30.5931
25.5248
24.2915
22.0940
32.1121
23.2055
28.7160
25.3941
20.5083
34.2738
30.1700
20.7096
20.0501
20.9499
22.1997
33.0061
24.2466
16.7580
25.2647
29.4793
23.1125
24.5506
22.5992
26.5548
21.8730
26.0037
23.0935
24.6361
22.0846
20.8771
25.7703
25.2864
27.0656
24.7802
30.8687
18.4457
20.0072
22.6030
22.4036
27.9192
29.5086
27.1093
22.7658
27.0686
17.6102
22.3334
23.1953
23.2221
20.7817
22.6831
27.9201
25.8806
27.1070
21.2045
25.3458
23.0253
26.0082
16.8970
27.2822
27.5471
23.3170
26.2363
30.7868
23.6819
21.9365
27.6725
33.9533
18.9509
27.7911
27.0700
31.5856
23.2283
32.1564
21.5674
28.0876
29.4851
28.7710
26.2015
21.9644
24.2602
17.1884
17.7994
25.7245
24.4078
26.5663
23.8425
30.4185
21.1651
27.6845
27.2973
27.4191
30.7876
27.5775
24.4970
22.8056
29.2730
27.9590
25.7069
25.0770
25.3904
18.6200
22.4914
20.8821
19.7295
33.2550
22.6274
33.0170
22.9611
25.5889
22.8781
21.0810
19.4208
28.2596
28.0758
21.7045
27.2844
23.8467
27.1523
24.6783
26.8472
34.5466
19.1886
25.0127
21.2565
30.9795
24.2749
24.6076
25.6229
27.3143
24.2697
31.7451
27.5657
27.4821
34.0657
30.1485
20.3038
26.2745
18.0329
24.0490
16.6083
24.2943
33.1749
19.8243
17.5774
25.3801
30.5860
22.7296
19.7914
21.9447
24.0150
28.4915
27.8500
19.6917
23.8836
21.8132
22.9734
25.5606
22.3217
24.5534
27.8910
22.7519
29.8008
28.7289
17.6144
24.2790
31.0927
15.3260
18.4439
27.0603
23.1686
22.2516
18.0879
27.2741
22.5980
29.4957
27.1097
33.5691
20.7875
28.1563
25.6101
20.6604
23.5169
27.7336
28.9820
31.4620
24.7257
34.2646
29.7733
21.1461
18.9213
27.6376
28.0835
22.3131
24.8852
28.7083
24.2866
22.1546
21.1547
29.1048
24.4192
16.7023
23.6942
24.8028
26.3534
28.9408
19.0312
19.7538
22.6484
25.3537
21.8302
30.2587
28.9897
29.3577
31.1147
33.8631
21.0431
30.2969
19.1730
29.6081
22.2847
25.4356
25.2643
19.9924
27.3690
31.3816
28.1306
19.9656
24.1049
29.0916
21.5374
20.7005
18.3790
23.5852
27.8235
23.9462
26.6837
25.2320
26.2488
33.3941
25.8248
26.0259
23.8271
19.1451
25.8724
15.8800
20.4382
20.5220
31.8844
25.5878
32.1324
23.1298
20.5883
16.4673
23.5779
29.4599
24.0506
19.2035
21.1721
19.5824
25.2985
21.3751
21.5085
22.5638
23.5061
26.9042
18.1355
24.1407
27.2008
26.6426
23.8881
26.5958
31.0871
24.8402
24.9702
32.6661
23.6879
27.3465
20.9783
26.7088
25.8139
21.6769
26.2458
25.7302
23.8541
23.8632
28.4627
29.8907
20.0001
24.0309
23.2412
23.8199
26.2997
23.4575
29.5675
25.5058
21.5055
23.8613
20.2856
25.5383
22.2980
27.1696
30.3351
30.6655
30.0316
24.6688
35.0060
17.6909
19.6145
37.7944
23.9834
25.5071
22.5239
21.3173
32.3866
19.9400
18.9507
18.2709
26.7929
17.6228
24.8094
26.2071
21.8164
28.1593
20.7949
33.2373
27.2766
23.4663
30.3258
21.2263
26.1005
33.1164
19.7922
19.8535
31.2409
23.5234
28.9700
25.2888
18.4926
26.4815
20.6047
24.0544
20.8211
27.7550
29.8250
30.3718
24.4422
23.0498
19.5730
28.6659
24.8604
33.2208
22.6033
32.8086
25.5657
31.3284
28.3757
29.8096
17.7789
19.8920
37.8348
19.7723
17.5735
31.4764
20.5454
31.5746
19.7099
26.7819
33.5063
24.5196
22.1035
21.0690
25.9235
30.9484
25.1423
22.4337
17.0281
23.7036
28.1320
26.9352
29.3353
22.2253
17.0982
28.4841
25.4205
28.1545
22.1695
27.3508
21.4178
26.2478
27.2026
26.9329
26.7570
23.8958
26.3913
27.8799
23.8330
21.6531
30.7728
29.3639
21.2284
25.9578
27.2492
24.3480
18.0684
23.6198
18.3597
21.6373
25.3055
26.8020
26.4354
21.0162
25.6054
24.2590
20.9342
19.2598
28.0104
30.3057
25.5796
21.8433
23.9118
21.1020
19.9834
30.7618
30.0947
32.2020
25.2298
32.2070
21.1044
17.6071
21.8163
22.8513
21.2975
26.9501
23.8502
31.0743
23.2456
29.2099
28.0109
28.0122
24.5374
26.6991
23.3272
33.7937
31.3993
23.9627
23.6893
26.1331
22.6490
27.2968
30.3885
21.6333
24.4953
22.2224
26.4295
22.5120
29.7296
31.3085
23.4137
25.9919
30.8152
20.7436
33.9950
24.2168
19.4095
18.3704
26.7175
24.7037
23.7238
18.6747
31.6139
27.5228
29.6317
22.8469
26.8669
32.7426
29.3410
22.4460
28.3591
17.3034
18.9127
19.8701
25.4106
22.3788
34.2242
28.7686
24.0000
19.0758
24.8737
25.1910
31.5468
21.0128
18.9681
27.6331
24.8328
26.7859
21.6163
32.7834
22.4395
27.0899
21.7657
27.3100
21.5600
20.8421
30.9152
29.7729
20.0750
27.0898
28.0507
27.7716
27.2346
27.2344
28.4690
14.7987
27.7205
27.9751
32.4445
22.7643
26.3666
25.9493
25.1997
26.4164
25.9431
17.7906
28.1109
25.2959
28.5076
31.7456
31.6212
33.2148
32.2530
20.4357
31.2347
17.7332
27.0959
26.7712
20.1817
28.5744
27.9832
28.6816
24.2137
20.7921
20.1571
32.5745
26.3809
21.0807
27.6388
20.3820
26.2157
24.1095
18.8606
27.5518
22.0475
22.7875
27.2862
33.3733
25.8396
27.4613
18.1580
28.9212
25.3732
21.8039
22.7708
28.6662
26.7688
26.9640
19.6202
25.1752
22.9968
28.7506
28.6761
36.5963
23.7629
25.0114
26.5413
22.1638
21.3888
24.6358
29.7697
26.9756
24.5365
27.5278
27.1769
25.5082
25.0393
25.7721
32.8189
27.3449
17.2805
21.9962
22.5717
32.0004
19.8589
21.9014
28.0453
22.3805
20.0698
28.9352
18.7636
32.5884
32.8511
28.1182
20.8253
29.1130
18.1920
26.3572
26.6187
23.8083
27.6283
24.9160
22.5125
20.6075
24.8727
17.9335
28.3287
15.6395
28.2445
24.5855
31.4888
18.8981
28.7814
21.4053
18.6103
19.0738
24.1735
23.3872
18.8778
23.5646
18.4621
29.9367
24.8616
24.7994
27.5179
26.7919
28.0609
30.9509
23.5135
21.3851
22.2069
26.2962
26.6120
27.4361
27.2088
19.0300
22.9079
23.2373
20.6216
20.3292
23.9815
23.5649
19.2757
22.5232
26.9924
21.1405
20.8102
27.1592
24.9967
28.9649
28.7567
25.3122
18.8340
25.1304
19.0653
24.9732
29.9614
30.6288
22.0918
24.6601
22.1097
26.8009
31.8282
29.3640
28.8929
17.3655
21.5964
24.6886
26.0271
29.0922
28.4744
30.5963
25.9471
27.7483
19.0942
19.8689
21.0343
27.7996
25.5970
21.4885
28.0576
29.6158
19.0393
21.1164
24.2260
23.1863
28.0723
36.7607
21.9320
32.5158
31.3585
20.6372
29.6930
31.2960
22.9260
20.0799
26.6391
26.9871
29.8180
21.7602
28.3014
21.7700
30.3348
18.7705
21.4349
24.4664
24.8881
23.1506
24.8733
22.6232
23.4971
21.6787
26.4765
22.3273
25.0312
19.7862
33.4451
34.2956
22.4163
31.0181
32.5897
17.6763
32.2110
18.2138
26.0619
19.8651
24.2562
26.2570
29.9150
29.4804
28.0353
25.6829
23.1716
23.3612
26.6063
25.0560
29.5893
25.5233
22.7018
24.0349
25.2298
27.0172
21.5370
35.8624
22.4928
23.5517
26.4774
18.6598
26.0908
25.1207
17.8028
34.4739
22.4678
25.7126
31.0362
23.2350
16.7329
28.1492
23.4555
22.3659
21.6791
25.8707
25.2404
25.7078
19.3301
18.4854
22.7820
20.5280
24.5970
19.3559
23.3405
25.9303
24.3726
25.3109
27.9887
31.2320
21.3682
20.5750
29.0097
26.1806
29.3522
24.8766
20.9470
28.0309
24.8883
26.6059
25.9092
26.1647
22.3628
24.9995
22.5726
19.1871
21.7220
24.2830
30.3176
22.9696
28.2281
28.9604
28.9792
28.0964
27.2580
15.9718
19.5689
25.9660
27.8282
18.4100
20.5710
20.3121
19.2125
26.9455
30.0740
27.6876
29.7129
29.9603
21.3527
27.8863
22.0219
19.2145
27.8531
29.0034
20.7791
21.9612
18.9158
22.2596
19.8257
26.9097
17.8417
24.2172
28.6256
25.6693
28.3924
24.8762
25.2500
25.7928
28.3411
25.9326
30.3331
20.0037
28.3892
29.7781
22.2858
21.4075
23.3815
19.6857
23.4413
20.8580
25.3349
21.8198
25.3439
28.7326
26.5147
18.7453
24.3771
26.2620
21.1118
24.7471
24.8701
24.4547
25.3170
27.4909
16.9892
20.6480
22.9186
27.6848
36.0914
28.9659
23.2901
30.9879
26.0283
31.2097
24.6850
21.0121
19.5317
26.7895
22.3150
23.6560
24.7416
26.6720
26.8233
17.4305
24.5861
22.0551
28.3004
28.7492
22.2689
21.8313
17.2900
24.6472
25.4602
27.5582
31.6923
23.9137
19.3389
25.2718
28.0938
26.9659
23.9870
23.6637
27.4595
24.1208
24.2856
23.5610
24.3066
19.2004
22.8448
30.0675
20.7603
22.1014
15.8936
27.6138
24.5237
23.4086
31.8539
28.7629
26.4952
23.5730
27.5471
22.9682
24.8776
24.4027
21.2019
27.4355
22.5682
23.4495
25.3433
26.7606
28.8845
27.9694
31.8531
20.5071
35.4313
20.3198
21.6056
27.8254
25.3412
27.1826
28.8691
33.9185
19.3257
22.4371
23.4857
25.6559
19.9472
19.4252
21.8160
18.6403
21.8671
19.2957
25.4065
24.2082
27.3668
22.5259
30.1989
24.8309
24.3742
22.5415
20.0248
22.9571
19.7388
23.3562
29.8892
23.6553
26.6580
27.3407
25.9236
28.0571
31.5068
27.3757
31.2907
23.1052
21.9852
29.4840
29.8067
24.8341
28.5057
26.5275
25.4602
23.7043
23.0610
22.6434
17.5523
16.7921
30.4894
20.7009
26.8470
26.5536
30.4928
19.0754
20.9026
26.9528
20.7377
23.7723
27.4710
23.2660
27.1565
18.7934
21.5547
31.6309
21.8223
22.9466
23.3542
27.5911
22.3067
25.3853
24.8572
22.1448
26.9398
28.6604
30.7022
23.0836
26.4758
20.0520
22.4792
33.9120
29.1318
20.6072
28.2294
25.1637
22.2655
28.4534
20.5808
16.8066
24.7587
21.9680
23.9585
27.5018
27.8928
22.2463
28.3920
28.6181
21.7991
26.1708
17.8084
28.3438
30.5193
23.1093
30.5907
23.1820
19.2686
20.1874
25.6371
24.5597
21.7219
22.2379
32.9136
31.2599
24.6666
28.1931
31.7617
31.2952
21.4841
22.8191
24.3643
23.7411
21.1022
21.3868
23.6980
17.8087
28.3202
32.8828
28.9917
27.0324
20.4605
24.4466
25.4656
29.7912
17.9620
30.5269
32.0688
29.5480
29.0521
29.1894
35.1216
25.3568
28.3572
23.2629
25.6619
25.7663
24.9277
35.2748
26.0549
24.9426
30.7493
23.8951
24.6550
26.4095
22.4025
21.4423
19.4579
30.6845
20.1664
23.0310
25.4157
17.7386
25.2548
28.0494
26.3095
25.8880
23.5744
19.7187
25.6025
28.0703
28.3378
25.1717
27.7529
25.8403
28.7487
26.3671
28.2460
23.4980
23.8820
30.2041
29.0700
24.9286
23.4287
34.0963
31.9284
22.3578
18.2335
32.6948
21.7746
20.5574
20.9996
24.9147
25.8973
27.2540
27.9991
36.9250
21.8660
20.0269
28.2706
29.4062
27.1177
26.4913
19.7896
23.6825
22.9709
22.4060
37.6909
19.8224
27.7722
17.3639
22.7762
33.1790
20.2003
22.1612
20.3879
30.7208
32.9860
28.0108
17.5512
24.8591
24.0439
20.1833
24.6217
18.5732
22.8521
26.9082
29.4559
27.9970
26.8060
27.2984
22.9344
25.5805
23.3259
29.7464
24.8914
30.2043
19.3065
22.1702
21.1624
20.7312
17.7985
19.7418
19.7256
30.4004
25.8101
25.3069
23.7627
30.0591
29.1390
22.7700
22.4389
30.1888
25.3220
28.9196
32.0220
19.7128
20.1941
22.0716
22.6443
23.9798
30.4480
25.5649
24.0066
26.1611
25.7888
22.6734
18.9279
20.0589
23.2848
23.0118
25.9572
27.1791
26.4526
23.2222
21.5633
28.7803
27.4819
26.1076
24.5898
22.3257
20.2219
30.5847
25.8731
30.3701
21.1922
28.8505
28.6457
29.4314
28.1064
25.0268
24.0324
30.3391
23.1363
17.9461
23.8539
24.6574
22.4080
18.8872
21.0763
29.7511
21.5428
27.2149
20.1884
24.8347
21.4869
25.5238
27.7931
24.2586
26.4739
29.9803
31.7342
16.6379
24.4064
17.4757
21.5417
29.1400
20.8776
21.2470
24.7919
27.0875
28.0646
23.4246
27.0964
21.1006
27.9077
25.8307
22.6293
25.9840
27.3975
20.6677
18.5769
20.7754
24.4631
27.4010
18.6550
19.9186
30.6979
28.0448
28.0159
19.1998
17.7330
29.6891
25.3283
20.4471
31.0256
25.2493
30.5582
24.4838
26.1755
21.0400
18.4127
19.9402
21.1927
27.0098
22.0293
28.1295
24.5925
27.4477
29.6969
29.4505
17.3477
30.4651
22.2992
25.0605
29.4819
23.8377
24.4553
26.9685
20.0876
23.4713
21.2920
28.0569
22.3904
26.6027
26.6238
25.3288
26.4149
29.9955
28.8994
29.2490
24.5156
25.2397
23.8359
21.3222
32.0073
20.2589
21.3088
31.3315
18.7932
24.3857
22.1284
20.5807
29.5503
18.4533
20.8346
22.3288
20.2617
28.7238
20.2246
19.7392
28.8782
19.7761
16.7248
23.0387
30.0415
19.7224
21.7224
23.0181
32.2684
28.5335
21.2378
27.9812
24.2803
25.8983
21.2014
27.1804
18.8348
23.1024
22.7636
15.9283
25.5304
17.0952
24.3286
20.4252
22.1774
28.6594
22.1359
17.6771
26.8202
28.8577
24.4966
32.7752
28.8048
27.4541
27.0450
23.4516
23.3123
22.7874
32.6857
27.3781
23.8336
25.6084
30.3288
24.1025
24.7656
25.8924
20.7558
26.8724
21.8749
24.3650
26.9204
19.9551
24.8488
22.8138
28.4245
21.8941
22.4610
27.4084
23.9820
27.1988
21.1174
33.3097
29.7409
22.5916
20.7623
22.3899
19.7733
21.3845
24.9243
23.7736
20.5823
23.0677
28.4135
21.9231
25.4662
27.3707
24.0247
25.2101
30.2374
23.4466
29.1709
29.0503
24.5418
24.6869
28.9016
21.5137
25.0298
26.9569
22.9867
30.7078
20.9986
18.6127
23.7967
27.7398
27.2663
26.3881
21.2116
18.1042
25.1058
24.7398
34.8558
22.0139
27.1616
19.8548
26.2419
26.4486
23.3353
22.3964
28.4326
25.5882
19.7552
25.2111
28.7234
28.0462
22.3831
20.5001
22.3474
22.7044
22.8899
29.4565
25.0485
26.9814
25.1421
26.8199
28.8361
26.5573
26.9416
31.8703
21.5453
24.6005
25.9291
22.7711
24.0163
20.0436
23.1422
30.2327
24.9089
20.5629
27.0570
21.4781
21.4431
33.1492
23.7922
28.4208
20.8107
28.5950
22.6489
29.6036
24.8289
20.4372
21.7970
19.6304
22.3959
23.9681
20.9074
28.4626
30.6432
27.8960
21.0267
22.9410
28.8488
20.0137
16.7897
25.1181
30.6650
24.9827
21.8560
32.7523
22.4216
20.7547
20.6916
28.6105
21.9903
27.2165
25.5785
25.4466
26.7527
25.8892
25.2445
23.3409
24.9529
19.1269
27.6919
19.3184
24.2494
30.4529
26.3059
21.8871
27.1682
22.9582
30.4874
25.3550
20.3567
25.6329
25.8343
20.2216
20.9046
28.9924
26.5123
25.7808
31.4756
17.6550
18.4127
23.8434
39.6400
28.3920
19.3366
31.5176
31.6011
20.5147
23.0897
25.5573
24.0132
24.2843
25.1364
22.9468
23.4681
26.1098
20.3032
24.7695
27.6315
25.3171
25.8894
23.1690
30.0842
26.3008
21.8213
20.1004
19.6693
18.0841
27.4998
29.9509
28.0974
20.7137
23.0173
21.0618
24.3978
22.0377
15.9604
25.2642
19.2301
31.0070
23.8360
25.7950
21.1720
19.8765
23.1882
26.2858
29.2582
23.0221
26.6398
27.0513
23.3059
18.7833
19.0987
30.1311
27.3434
30.6418
19.0182
19.7840
32.7738
28.9188
25.4287
28.6851
27.6093
16.0267
32.9314
27.5986
29.4688
26.7339
20.9373
31.2784
23.5590
35.9534
19.8538
28.4586
29.1624
21.5979
25.9524
25.3753
32.1063
24.4240
24.4987
29.0358
26.1827
31.5832
26.2762
23.4096
28.0651
28.4391
19.4668
23.3233
23.9232
19.0679
23.9110
24.8844
29.4103
24.7201
34.0254
29.3829
18.9262
20.7389
27.0071
25.7286
24.5036
26.2387
20.0893
22.9964
25.2089
28.2799
20.2129
34.0516
21.0883
23.8724
18.1451
27.5633
23.2028
28.2006
24.0254
22.1216
23.4646
16.7892
30.1138
26.4184
29.9830
26.6344
23.4564
18.7623
23.2226
19.2155
22.1917
22.1409
31.2262
27.9231
20.1656
27.6592
24.5185
32.5085
23.3931
21.7157
25.2637
31.0161
20.7302
31.9498
32.0982
31.3019
30.4734
21.3704
22.9803
25.0421
20.5104
25.4532
21.4276
30.0083
20.7175
21.3465
23.5624
29.6027
21.9560
22.3606
26.9277
30.0472
28.4375
29.5494
21.9772
23.2810
26.0525
31.8479
29.2086
23.7406
20.9096
30.9031
29.3952
25.9650
20.7160
18.4511
21.6040
23.2783
17.0981
24.7609
30.3950
30.7264
30.7504
32.7659
28.3993
24.2145
22.3340
17.5614
29.5308
24.0057
28.9145
31.2286
33.6790
24.4877
29.4670
19.0935
25.1387
18.1863
34.6652
25.3463
32.9576
25.3161
27.5690
25.9280
28.2237
24.5114
25.1289
30.1585
26.7660
25.0483
31.3296
18.4338
23.4345
26.8052
27.5408
17.5706
26.1164
26.9387
33.0420
20.6686
23.2593
29.0164
19.4256
25.3862
16.0298
23.5440
20.2037
17.5594
20.2885
22.0780
27.0379
27.3445
18.9884
23.2275
20.5621
26.7519
31.2008
18.9829
26.2457
20.5268
27.3252
30.4671
19.3116
19.9382
20.5002
19.3211
27.3697
23.3942
24.3353
24.6068
22.6115
18.8233
23.6423
34.0736
27.7262
25.0281
27.1258
23.8624
21.1633
20.6729
24.6602
27.5069
35.1295
25.3763
27.1906
25.3587
29.3620
23.5484
22.5183
29.6811
19.1975
25.7264
19.3613
22.5713
28.6232
26.2333
27.9196
17.6414
24.4408
27.0139
19.5429
25.7284
33.9885
20.5551
17.8690
29.3067
31.0534
29.5504
27.6727
30.1853
21.4332
28.4008
29.4987
29.9524
27.6939
28.8950
17.9284
19.1857
24.7123
23.3306
30.0828
18.8458
22.0841
22.8569
22.2742
25.2016
23.2540
28.8466
23.2805
24.1973
26.1739
23.3253
23.1029
19.0914
26.0984
31.6416
25.8979
32.5672
20.0490
27.9853
25.8242
25.1585
20.7870
25.8726
23.8702
28.8767
27.9502
23.3085
25.0875
21.4470
22.4141
24.9987
27.5879
19.4979
21.6206
21.1003
24.5896
26.1830
26.2197
33.0585
23.6294
20.7319
25.2923
27.3685
31.1078
24.5798
30.0824
17.3081
22.2891
16.8601
23.5569
22.4166
29.6777
26.7424
23.7266
26.4050
29.3143
23.3775
20.6869
21.6010
18.2084
28.7765
27.2060
29.0867
26.8265
18.7483
25.8103
21.5782
24.5092
27.9764
31.2417
20.9998
28.4194
23.7151
26.0742
24.7869
30.2345
22.0473
30.8693
31.8298
25.4401
24.1440
32.0385
27.6840
33.8047
27.1281
30.1892
26.7578
23.0780
22.1332
21.4004
26.1189
23.6612
28.7142
28.2501
22.1214
21.9983
25.0593
32.2720
29.4485
26.0010
24.6635
34.1406
26.7603
22.0438
25.7220
29.9381
24.3125
28.5923
25.5275
29.4681
27.0733
20.0151
26.1825
31.9603
17.3566
22.2221
17.6277
21.9702
23.0171
26.8031
23.6950
20.6368
31.3912
25.9933
28.4988
18.3571
21.1036
30.4372
24.1153
23.0178
25.2195
30.6588
28.4139
27.8949
18.3105
23.8565
30.1292
23.2053
21.0141
22.5148
30.5428
24.8653
25.0673
19.5553
36.3199
19.5426
25.5363
23.9376
24.3703
22.7741
26.8133
19.5450
26.6379
21.3259
31.8800
31.3626
27.0130
22.6426
28.4114
29.6474
27.6083
24.8921
28.4521
28.8792
25.1935
28.8744
19.9011
21.8238
24.7926
