23.8231
32.3928
30.1489
25.7768
27.4337
32.3907
31.3005
23.1672
35.4494
28.2992
24.7974
28.7781
24.8153
31.0177
26.5817
28.7988
35.3982
26.6575
25.4582
34.5781
28.0955
32.3337
28.4850
29.4228
24.5275
23.4226
30.8926
33.2878
27.2983
29.1229
26.2679
26.2982
27.8115
35.7077
27.3291
26.8703
29.7948
38.4626
33.6258
27.7961
25.2759
23.2132
31.4071
32.6530
27.5037
29.7741
27.5221
29.1810
22.3733
32.0716
31.8882
32.3249
27.2367
29.6961
28.1183
32.4445
22.7855
24.6002
30.5708
28.6869
30.1017
30.9916
23.3211
32.5595
23.5756
24.3641
34.3722
28.6717
32.9964
34.5953
28.4435
26.0600
26.6689
28.3468
35.1308
23.5428
26.9028
27.0708
24.2196
30.5372
33.4764
30.3284
26.6958
25.8084
31.3329
29.1397
24.2660
28.9483
36.7629
34.0691
33.0186
29.6271
34.2213
24.5758
34.4114
28.4223
33.7457
30.4712
29.7839
28.4127
29.9936
29.6288
30.0247
25.0714
30.3057
28.8594
28.2355
32.5128
32.9413
31.2601
29.1774
31.6171
34.3187
22.0677
27.8286
27.0451
31.6715
32.5060
29.9434
23.5678
27.3152
26.9723
26.9679
36.2535
30.0489
23.9518
28.7371
32.3523
26.5947
27.2802
31.1501
33.3097
26.1409
30.7547
26.6883
36.6765
23.2988
26.0281
26.3363
29.1219
27.5546
33.6899
31.8115
33.7563
29.4146
25.5763
34.4045
29.7539
30.3349
27.9340
29.9660
28.3568
24.2974
33.2356
30.7006
31.0603
36.1836
32.6656
29.4032
27.8999
25.4018
37.2924
34.2849
29.7131
23.9077
27.4489
33.9283
36.4501
32.0188
30.5582
29.4410
19.7315
28.5187
33.2418
28.4579
29.5705
32.7808
23.8899
33.0624
33.9461
31.0940
32.9539
29.9828
28.1599
26.2446
28.8855
27.6350
31.3701
27.0553
27.2030
35.5041
30.7647
36.7384
31.0967
30.1789
27.6823
24.8240
34.2209
22.2780
29.1804
26.8199
37.7961
26.4778
30.3459
34.2010
31.9774
27.1391
33.5978
34.5071
29.7602
31.0802
25.6473
29.8088
27.8477
30.4699
25.0716
31.2703
28.9547
26.8435
23.5970
31.8105
32.1541
32.0200
31.7747
29.3715
32.1129
27.2006
28.8637
27.1034
27.0090
27.8667
27.3382
31.4748
30.8353
23.3068
28.4142
35.1916
25.3382
29.4153
31.5761
29.2932
32.0301
35.4235
33.6878
28.3275
29.0820
31.7182
29.4733
34.5606
27.1886
31.1215
26.9731
27.4888
29.6029
27.8963
28.2942
33.8015
27.6492
29.2245
28.1617
28.4634
28.3291
27.8613
22.8210
21.3990
29.9881
31.1330
30.7000
33.4011
28.5762
26.8600
28.8895
33.6868
29.3397
24.4949
24.9220
34.9749
30.3414
28.0071
32.7259
30.7951
31.0006
33.4598
29.5896
27.6007
27.4460
29.0334
22.8386
30.3771
33.3200
24.2712
27.0767
27.2852
32.2740
29.8685
35.0168
29.2606
25.6099
25.0454
30.2425
23.3915
32.9606
36.3807
22.9798
27.3130
28.8555
26.8964
26.1577
29.4099
33.4156
31.4553
34.7220
28.7086
33.4653
27.3918
29.7335
32.7514
37.5443
31.6053
32.5971
28.1978
32.9390
27.8021
28.5432
29.2213
23.8696
26.9804
27.1808
28.3981
29.2456
32.2042
29.5766
29.6552
30.1906
32.1471
25.6379
25.9071
27.4404
33.4934
22.6327
31.1920
31.7040
33.5259
22.0098
30.1908
32.7250
32.9394
22.0004
26.4815
27.2743
31.1771
37.7698
27.6170
27.1340
26.1498
26.5103
37.1173
27.1333
33.9547
28.4650
31.6008
27.4681
25.5574
35.0406
34.0355
27.3816
27.9667
26.4768
26.8284
25.4702
28.3265
31.2764
33.1397
27.3365
34.6157
29.9751
28.0980
35.8321
24.2056
22.1262
27.6292
25.6461
24.8262
27.5309
27.9937
20.9509
30.0789
37.4525
32.7715
30.0378
34.1711
28.3035
31.8340
30.3369
31.1417
26.5637
29.3072
32.1572
23.0618
32.8822
28.6243
29.4418
23.0858
30.2743
32.5245
27.4044
31.2900
26.4471
28.0062
24.9252
30.8766
25.5613
33.7927
30.1566
25.3381
24.4133
29.2423
31.7656
28.2601
28.3528
22.9300
30.2336
34.9637
33.4657
33.6515
24.3436
34.0049
27.2098
25.0653
25.7717
24.2472
28.4658
28.6295
22.9250
25.9321
34.3838
30.0948
23.2370
30.1941
23.8991
28.2928
31.8844
32.4806
25.9604
28.7371
30.0628
25.9434
25.1428
27.0969
34.1278
27.4518
32.8495
30.8276
29.1631
23.8456
26.2260
26.4659
26.7288
32.4897
27.7173
27.9385
26.7770
31.0900
32.7419
36.4914
33.8675
28.0432
27.6402
30.3332
27.6607
32.9070
29.9789
28.5314
26.5826
31.7328
29.7494
26.9956
28.2758
25.6272
32.4783
24.6770
29.9582
31.3562
30.4240
27.8865
28.8657
27.9414
22.5269
32.3312
26.9653
38.6151
27.0778
31.0392
25.9437
25.6237
30.3240
30.9494
23.9503
25.9068
21.2035
29.1042
34.5874
33.4229
31.5934
37.4970
31.2902
30.5176
28.1228
28.5615
28.3274
28.0787
27.6703
31.7821
29.7369
27.0036
30.6193
33.4628
28.0472
31.6326
31.7508
25.3518
28.4857
25.6285
26.2746
27.4547
28.0127
35.3254
26.6591
30.4083
26.9828
31.7093
28.8363
33.5460
26.2330
31.7680
28.9107
31.4395
29.2976
28.3014
27.4272
27.9317
27.2335
31.1326
25.8906
26.5957
34.0637
33.0257
29.4750
30.4640
38.1034
33.9895
34.0862
24.9694
29.5188
26.3530
24.4666
29.3914
29.9703
30.9442
26.9121
28.2569
30.2687
28.1912
34.3430
35.5562
31.1374
26.0522
30.4472
24.3615
25.7061
34.4619
25.5830
26.8895
33.1916
33.2149
25.4107
27.7064
34.0492
30.8523
37.4627
24.5885
24.1244
26.1737
26.0027
30.4314
24.4654
32.5305
21.5756
26.8942
26.7285
27.2753
27.4630
24.6978
30.6435
24.6020
33.6307
28.8963
28.6626
31.1228
29.2614
29.2254
25.1837
33.8938
31.0095
28.6727
24.7137
29.8750
34.2142
32.8526
29.1643
28.8121
28.0572
30.4388
26.7551
29.4103
27.5209
25.3595
27.6536
31.6662
28.0601
29.9301
27.8751
26.7243
28.7082
25.2824
19.6455
34.9755
25.5789
29.9064
30.8600
26.8166
31.8127
29.9991
32.1713
25.0931
35.2339
31.5506
30.0630
36.7045
31.4402
30.3626
28.6461
29.6240
30.9417
26.8387
25.9468
30.3055
25.4602
23.5440
26.9601
30.2788
26.4221
27.1086
27.1648
32.7049
28.0606
29.0816
25.8411
27.9006
33.3866
26.4913
34.2076
30.7728
29.5033
32.0170
25.3597
29.1905
26.6713
31.8151
26.8324
26.3413
27.4068
27.1434
35.8374
30.6649
27.3513
26.6997
24.9104
29.2882
24.6067
33.3175
30.0371
37.4093
28.0945
29.5683
31.9363
33.3974
27.0236
22.3315
32.9309
34.5092
26.1845
28.3461
31.9468
31.9562
28.2015
25.1335
27.7779
34.2901
26.0388
31.3576
30.0267
28.0299
38.8421
29.1366
26.0214
28.5576
32.9209
26.0042
26.5348
32.1331
30.0432
26.1669
24.5156
21.3670
24.8131
22.4828
29.3262
30.4240
30.6397
33.5956
31.4841
27.3962
29.9203
25.2723
26.8355
26.1447
29.9571
27.3672
33.9647
25.5051
27.2488
30.0743
27.4213
26.2866
35.5237
34.9027
30.0687
27.1148
31.5807
22.9995
30.1796
25.3244
35.9992
32.1137
32.6976
31.9540
25.7348
29.1574
30.7649
34.1560
28.5758
31.8812
26.5785
27.0020
29.9246
27.2724
34.6214
30.4461
23.3930
27.3922
26.7482
27.0242
27.8415
30.3758
23.8169
32.7326
24.7985
36.1897
27.0903
28.1414
25.6150
28.1931
30.7512
25.4171
26.0428
30.4313
26.8592
32.5273
26.9043
28.5871
27.7834
27.6982
27.4020
33.7068
30.8213
35.8672
37.2977
31.8340
30.6866
24.2095
34.5364
26.8437
31.8495
29.1813
29.4844
23.8578
30.1796
31.8902
30.3818
30.0889
26.6671
28.4225
32.3110
32.5078
33.0374
25.9587
26.2160
35.2004
28.8480
29.3647
29.0325
23.9498
32.7214
35.9649
33.2468
32.4787
29.0036
24.0515
30.4684
24.1627
30.9882
30.4009
32.5243
24.5346
26.1709
25.5874
27.3359
30.3815
25.5746
31.7450
26.0614
31.7329
31.5452
27.2755
37.8463
32.5919
32.6410
26.7745
29.2831
29.1865
27.8043
25.5167
32.9018
28.0843
31.5264
28.9541
27.3844
23.1983
25.2287
27.6886
30.7148
30.3497
25.8107
28.5031
30.0466
24.5367
26.0526
31.6871
21.7183
24.9685
26.1539
29.2376
26.3167
27.8103
30.5440
33.4750
30.0762
37.3853
29.0279
31.9937
26.5011
34.2672
24.5048
33.9232
36.1175
24.6692
24.3855
32.4139
24.2737
22.8438
24.4242
30.1897
29.4345
29.8770
32.9070
30.5870
25.9873
31.7078
30.9165
32.3317
34.0950
26.9444
34.9277
27.6727
30.2333
29.2972
27.7556
30.8550
28.4878
31.5628
28.9073
24.2115
25.0025
29.5749
32.3335
25.6990
30.0386
33.0041
36.4651
28.6758
31.5119
28.1720
32.1743
21.2655
27.1062
23.4923
32.3095
24.1815
25.4454
29.1444
36.7700
27.4146
34.6700
32.5533
32.4678
33.9488
28.1276
30.6618
28.0656
29.6582
23.6471
30.3526
27.3193
26.9462
27.8728
28.2148
32.1563
29.4278
31.4712
28.7672
28.0698
30.0531
24.4277
28.7040
27.6318
20.1280
29.7013
30.8197
30.8264
28.6485
31.3832
25.9387
29.5306
33.4957
26.0723
27.7717
30.5692
27.1963
30.1955
35.0835
29.0718
30.6324
32.3387
28.7444
30.2810
30.0991
32.3204
31.2290
32.0373
26.6871
27.5065
30.2082
32.9651
36.5722
33.2230
28.7536
27.9959
27.6304
30.9471
25.7978
33.2599
28.7929
31.2028
27.4457
25.7176
30.1661
25.0048
22.9039
28.3282
25.9758
30.2724
30.9242
26.4197
32.5778
31.4755
36.9329
29.2909
28.8017
29.0529
33.2893
29.1427
25.0228
28.3407
24.5930
27.3136
26.4328
28.7893
27.1188
22.8635
29.2426
29.7452
30.2905
32.0205
35.4943
24.9819
31.3465
28.5370
32.5587
34.6910
27.8764
33.6792
23.3746
26.4452
30.3209
30.7878
36.0026
34.7030
30.5280
27.6655
26.8595
35.0706
33.2686
37.1836
30.7528
29.4355
22.3776
31.1754
31.4007
23.3450
32.8991
29.5724
25.7517
29.7874
28.0439
29.3525
27.5708
24.9318
32.1879
28.8506
29.7403
29.2813
24.4786
25.7420
33.1788
28.7831
31.7624
29.4311
31.7633
32.6590
33.1669
35.5320
24.8527
37.9083
29.4502
24.9974
33.3756
26.6444
30.3636
29.8108
27.1458
30.0985
31.3176
30.7811
28.4927
33.5563
24.4396
28.2786
24.0186
27.5910
29.7709
27.2431
34.1095
36.5700
26.5033
27.7361
31.7987
28.1835
26.1311
24.2262
27.3529
33.1794
30.7215
25.4452
31.5930
30.4302
23.0112
37.6356
30.9124
35.4034
27.5186
35.9054
31.5734
26.0184
26.3340
34.8099
25.0028
25.9063
19.9540
26.8482
27.9829
28.5301
24.0720
29.6155
23.3334
31.9180
30.7526
32.7784
29.3665
23.2167
27.7715
28.5339
26.4804
30.3643
26.3868
32.0705
30.0502
27.7019
31.1877
32.8234
31.1230
31.3418
30.0730
29.9028
30.5817
28.2269
26.5608
29.5640
28.2836
30.8672
29.7485
29.1475
30.8568
34.9395
23.9892
28.9173
32.4803
30.6376
31.8209
36.5544
29.4205
28.3404
25.2886
27.4701
25.9268
25.0689
33.6786
26.8435
29.2052
26.7093
26.8397
21.8952
30.2792
25.7252
31.5738
30.9899
23.1592
24.2466
29.3557
33.5147
24.0672
25.1018
32.0041
33.1852
32.5556
30.3660
27.7427
29.7437
31.1249
29.7553
28.4514
30.3190
32.5257
30.3597
32.0372
33.7094
31.3453
23.9161
29.8402
30.1832
27.1033
31.7084
29.0907
25.8628
33.8187
33.3103
30.8098
26.0979
35.2417
30.4842
25.8234
26.8484
25.2601
32.1160
26.8655
28.2327
27.0788
26.3309
26.2250
34.7525
29.7073
38.4210
28.0163
27.2236
27.2705
30.3712
34.8929
28.8840
24.1728
25.8441
23.8299
31.3484
31.0715
32.5970
23.7157
27.9172
33.7110
27.9381
30.9294
33.0858
26.2863
29.5191
27.3381
19.5252
28.7532
23.9727
23.0330
24.6906
32.0558
33.2037
30.5524
28.4567
29.2830
32.4954
31.7151
33.4369
27.3865
26.6686
32.1760
34.9727
28.2769
25.8988
23.0014
26.5791
29.8779
32.2136
34.5116
29.4666
32.9880
28.1952
27.6983
23.4363
37.7127
27.7216
26.7012
32.7293
30.6296
32.2254
31.7477
26.6941
33.9754
28.1099
29.2183
33.4219
29.3791
29.5428
31.6642
31.6422
26.3113
33.1703
32.5182
22.2441
30.1471
36.0068
26.1620
31.6978
29.9071
25.4085
33.4591
23.3502
31.9542
32.6027
29.9001
31.1773
33.0794
34.7439
31.6238
34.5364
30.8097
28.0032
32.5923
29.7338
28.2603
24.8816
31.3377
23.5117
31.4485
27.5918
28.8008
25.2172
23.4191
29.4226
28.6600
29.4209
23.3421
28.3453
29.0654
27.4753
27.6507
34.1064
27.8375
26.7657
29.3110
26.3247
25.7599
36.4009
34.0782
29.3648
34.0366
32.5396
29.2176
22.6731
26.2445
34.9071
27.2140
29.3410
21.7721
26.1161
28.5026
35.4205
27.4655
30.7270
29.5319
25.5926
28.0472
31.8705
35.6049
33.5440
36.9038
29.1245
29.6095
29.4664
26.1744
26.0140
30.7760
33.7054
29.9249
27.3479
31.6741
33.6120
23.8274
28.2864
34.9916
35.0931
27.9101
27.7958
32.0664
24.6102
32.5434
32.0353
37.7852
31.9398
30.1054
29.0264
23.0899
21.8292
28.4532
29.7916
32.5265
29.0459
28.0467
28.4851
24.0922
25.9537
30.5633
28.8090
28.0083
28.4156
31.1981
28.0798
24.1998
32.0229
33.6703
31.6656
33.8287
35.1213
29.1433
28.5204
28.6550
25.9013
31.2773
29.3170
26.2053
27.9052
26.8760
30.9677
32.6028
36.3200
27.2850
27.6442
26.3837
29.6202
24.5109
26.7132
28.3869
27.0402
33.5653
30.1182
29.3043
26.3133
37.5588
29.4428
36.3626
31.4309
31.7005
26.5504
31.1333
29.5394
34.3009
33.6110
30.4885
26.4966
28.6269
32.9064
30.8302
31.8729
31.6205
23.7721
34.4427
32.6500
36.6020
26.1879
23.6979
24.8966
26.8411
30.7004
25.8233
25.3366
31.8036
27.7929
31.0709
32.2789
26.1647
31.1924
28.4024
24.2271
26.0091
33.4408
34.3886
27.3157
32.1003
34.9392
31.9575
32.6659
32.2364
33.9881
33.3828
30.8357
25.9703
26.9818
31.4204
29.4866
33.2883
28.0174
29.6452
26.4269
29.6996
31.3703
34.7307
25.6240
31.3559
31.0329
22.0559
31.8537
26.7181
28.0635
27.7081
29.9185
26.2568
30.8524
27.8830
26.1435
31.2522
31.6337
23.1513
23.5959
32.9127
31.5687
29.2562
33.3628
32.0659
26.9425
25.8288
29.9097
27.9296
24.6149
29.0830
30.5107
28.2780
32.6348
28.9844
26.1975
19.0574
27.2867
26.4688
33.7704
26.0520
33.8854
27.0223
25.0272
30.1331
23.6442
35.0521
21.7020
29.7492
26.6989
27.0571
27.5494
20.8458
29.3878
25.3379
28.7047
25.4526
29.1786
32.1697
30.8334
22.8938
25.2194
29.3877
34.4489
30.4473
30.9958
25.2859
27.7007
26.8936
27.2561
26.1851
27.4701
24.8375
31.0419
23.9158
23.1899
32.1010
27.5762
30.0502
25.2985
23.8069
27.4295
34.1055
19.8899
35.9398
31.8015
27.8816
30.2355
25.2480
25.1704
31.4071
32.7394
32.2564
24.8823
33.3565
27.1240
31.0113
33.2006
30.9173
31.0931
27.8273
28.7784
28.1938
24.3938
31.2305
26.6330
26.6062
31.6553
25.8164
27.3793
30.6411
22.7127
30.4135
27.1138
29.1565
32.7740
34.6932
31.8778
27.8116
27.8688
34.8662
26.4416
30.1685
24.4860
30.4067
35.2717
22.8749
34.9890
33.0589
32.5765
25.9854
28.8080
29.3228
27.6445
31.1220
28.2869
32.9000
26.7568
33.9684
33.6542
37.2999
31.6262
34.1385
24.7019
30.0386
30.1445
29.9799
28.1973
27.6698
28.8392
31.8631
27.5269
33.7446
31.0205
25.6946
26.3568
33.1512
27.2431
35.6696
26.2918
29.5540
24.8401
27.2968
26.1954
30.9672
31.7368
28.6495
24.9682
31.2567
21.7462
24.8502
29.0438
32.5720
35.2726
24.9574
29.4694
28.0395
37.3582
34.7613
28.5231
32.8130
31.4011
34.0649
33.4551
31.7637
27.2494
35.3492
27.6011
34.3270
30.5751
31.0341
32.6118
27.8555
25.1974
30.6809
28.8672
30.5339
18.4586
28.7872
29.2259
32.0357
30.4677
32.1725
27.3940
31.4586
29.6983
30.4220
29.3766
32.2371
20.1546
27.8256
30.2759
29.3234
28.3953
28.2555
32.0382
30.0287
23.8427
34.4638
34.4804
23.6231
32.6223
28.9592
25.0239
30.3549
34.3065
29.6481
31.8083
28.0566
29.1537
30.7546
32.3016
25.8403
23.6880
28.3811
24.3680
27.7491
28.5902
32.5812
26.3965
30.2768
28.0419
27.7122
35.0231
25.3299
29.1799
32.9902
36.3519
33.6474
29.5826
27.0103
25.8550
31.2423
33.0566
28.7130
35.1029
22.8600
24.5369
32.8793
29.0571
33.8872
33.9912
36.6319
28.9281
30.2735
26.2755
29.2990
24.1926
30.4581
25.6646
31.0771
30.6158
27.1919
29.7859
27.7152
25.7523
33.4635
28.2866
26.3399
33.9176
28.0267
28.8719
28.9428
30.5856
26.8599
30.3258
22.9458
28.7443
35.0513
33.0954
32.5109
20.9698
23.0523
32.3381
24.9120
32.3815
33.8404
32.2869
29.7138
34.4865
32.0972
34.6450
35.9886
31.0516
35.1782
31.9179
32.3526
28.6649
28.3387
25.7332
31.3574
29.4753
34.3201
31.1404
27.8697
34.9550
21.1493
26.4168
24.5667
32.0169
30.6168
22.6411
31.4510
33.9239
33.1750
37.2239
39.0604
29.2474
29.5614
31.4689
29.4233
26.7972
29.6732
32.1941
32.2042
32.3986
27.9078
30.9634
30.7615
24.1637
28.0770
24.8427
28.8867
28.7184
34.5026
32.2478
32.9481
23.7382
25.9338
34.1962
23.2354
27.0364
31.8939
26.8588
25.3303
23.3032
29.8715
34.0878
32.1997
25.8221
29.5462
32.3045
31.0646
30.6392
35.7290
27.3653
29.4345
28.0673
29.4299
29.0719
24.9278
27.9153
27.2011
31.6056
32.5595
29.7676
27.1901
29.8847
30.4005
22.7074
34.4392
22.1383
31.1495
31.3842
24.6334
32.8880
27.4926
29.6178
25.0362
33.3946
31.7093
34.2466
27.3141
34.2912
27.8359
30.7978
28.0045
31.9682
26.7233
30.9862
27.4996
31.0655
29.7631
31.1867
30.6881
28.4346
30.4969
28.3648
33.3236
25.6278
29.5093
23.5740
32.7874
28.5312
24.8964
28.3073
27.7094
32.1260
37.0738
28.7927
27.5922
32.1317
25.3024
25.1435
27.0736
31.8960
29.7466
29.6272
33.4783
28.6241
29.1182
23.5004
29.6384
36.6054
27.1348
25.6978
27.0156
32.3003
25.9419
28.3856
28.1027
25.2474
33.9364
30.0348
35.4396
31.6552
25.9458
31.6386
22.2401
27.1853
28.8962
36.6456
31.7248
30.7523
32.9857
29.7090
29.8165
32.6047
27.6210
30.1275
32.9427
29.3078
25.3835
26.0299
30.1153
29.7913
30.3087
34.8807
29.1575
32.9972
21.1272
25.1381
35.7756
29.8056
23.2429
28.0741
37.6859
30.3218
28.4285
33.3423
28.7432
30.8458
34.6603
30.7068
30.5196
27.5967
34.0181
29.5182
31.5749
31.0553
23.0124
30.4326
25.0488
24.5812
29.9818
27.2535
25.1597
31.0498
32.4607
35.0231
34.9822
37.0373
28.6803
33.6699
32.9498
25.7060
23.3483
24.5064
29.5633
32.3931
25.5411
27.8724
33.0045
23.3288
22.5576
27.7471
27.7335
34.8795
30.4422
28.1049
24.6325
27.4943
26.4733
31.1434
25.6910
22.2484
34.3540
31.1843
31.3012
34.3199
29.6013
28.1818
28.9837
23.0790
27.5289
21.0574
29.2472
30.6993
26.7035
32.3519
24.9992
36.8532
25.0411
30.4750
27.2270
35.2213
30.7964
25.0304
29.5305
26.2374
31.3538
34.3001
31.0330
33.0660
31.9950
34.6111
27.1407
30.7937
32.2948
25.7119
30.6738
28.2643
34.7592
29.4191
33.7515
34.7564
28.3655
28.3036
26.1981
21.9786
31.5918
24.7320
31.8044
30.2271
31.6806
36.3000
25.2539
33.8343
26.1523
35.9812
31.7244
31.6230
25.3492
32.5443
35.0015
32.2886
29.3576
25.7196
27.9630
34.0448
36.8046
26.1608
26.8595
26.5401
28.2094
34.2802
30.4486
32.0488
24.8201
23.0931
24.8373
29.2047
24.8569
32.7140
28.7559
21.7787
26.2078
28.5290
32.5829
23.6187
22.7278
31.0919
27.5681
27.7067
25.3065
30.8583
28.9581
35.1818
32.6377
30.6458
28.1704
25.3654
31.9081
33.9772
31.0780
28.0900
28.5154
29.1008
32.9306
25.4840
24.9912
23.0923
26.1436
31.6000
27.4029
27.7338
32.1189
29.9349
24.6436
33.0775
28.6650
30.4061
27.1418
30.4362
25.6372
30.4556
31.5912
25.7213
28.8195
33.2423
27.2672
29.7839
30.8577
29.5090
33.7707
27.4820
29.7214
27.7680
32.8509
26.2748
32.9294
28.0341
29.2644
24.7461
34.8608
27.2630
34.8378
27.7006
27.8921
28.6819
35.0661
31.6508
32.8060
28.8155
31.1775
27.1548
25.7483
33.5467
25.7975
31.7449
30.4702
29.7855
30.1416
29.7392
30.4395
34.3477
26.1113
29.4421
28.3095
27.8582
24.5891
23.8008
26.5087
31.6322
33.1692
32.0182
24.9408
26.7445
29.9800
30.2004
30.9856
31.8756
28.1999
24.7877
29.5591
27.2033
25.9274
28.9733
30.1497
29.9484
30.5826
29.3185
27.6608
26.4944
30.5411
28.2626
31.0331
32.7020
32.7297
25.7572
32.0771
20.9117
28.5664
30.9614
24.2075
28.2555
29.8581
25.0051
35.3275
24.0975
33.7969
34.2445
31.2286
27.7160
22.5776
29.3559
32.0893
31.4535
24.8256
27.0902
32.6078
31.4465
29.7181
26.9886
29.5418
28.6684
30.2595
24.5220
32.4074
27.7826
29.2478
33.6597
34.3470
28.3532
31.0966
32.8324
28.4286
25.4760
32.8147
26.1746
30.8059
32.3920
29.5097
33.4787
27.7673
25.2201
24.1993
28.7138
29.4818
34.4870
25.7984
31.0577
29.6387
27.1246
25.5175
29.2188
26.1462
29.0521
28.8240
22.9888
29.8032
34.2125
30.1543
34.3306
32.2555
25.8797
23.5999
28.7249
30.6471
22.7583
34.7040
26.7839
25.9756
32.2044
30.6917
29.3755
28.0178
25.7598
32.9658
25.0473
29.1830
31.6752
28.7001
29.2629
30.7764
26.7821
30.6688
34.2924
26.2179
22.2692
29.4436
27.2691
27.6632
20.0393
34.1590
28.4275
34.2119
31.7389
31.3263
36.8066
25.5213
29.6951
34.3690
29.6463
33.2814
27.8682
25.8337
27.9363
29.9158
26.0358
28.5974
23.8225
31.8020
30.4743
34.0529
29.2430
32.8162
24.3247
22.1963
27.2054
31.3245
23.2909
30.4961
28.7482
28.7079
30.7426
30.1399
32.3923
32.8272
31.2924
30.2819
26.9750
29.8736
29.6844
30.6294
28.4516
29.7697
33.6758
30.9047
25.8034
26.0726
34.0759
22.5652
25.6771
28.9946
27.6179
33.9322
24.0757
30.9965
29.4469
22.5667
32.3251
29.6387
27.8983
26.7465
30.6004
27.3061
27.4897
31.6715
31.2229
30.1213
34.8508
29.8221
23.6276
25.7365
32.4267
29.6068
36.9464
24.0085
28.4322
34.1917
29.6300
30.1845
32.7294
29.2599
24.6872
35.6682
31.1444
28.9230
32.7085
33.8247
35.1326
28.0012
23.2360
23.0718
27.6621
31.0174
35.2319
30.5199
31.6009
25.4249
29.7147
19.7006
27.6535
29.6675
28.3686
29.8519
39.4278
25.3329
31.6635
27.7224
26.8263
32.8556
26.2446
25.8924
28.2392
27.9636
32.6217
29.2249
28.5493
31.1896
40.8064
28.7604
26.8736
27.1501
33.0397
28.2196
33.8565
36.2665
25.8829
31.1547
25.6875
29.9416
29.8673
26.1890
29.0277
33.1038
35.6684
29.5236
23.2218
31.4031
37.4581
31.8459
26.5721
27.5696
28.8347
32.1736
30.2403
29.4532
26.4176
26.2821
31.0476
35.8357
34.8079
28.0073
33.6767
30.8858
35.7735
26.1412
28.6082
22.6553
21.8976
25.3021
28.1553
32.7598
24.4559
24.6206
31.6917
33.6960
29.7639
31.4456
23.2956
25.9823
25.9456
28.7400
30.1540
23.7683
30.3925
30.2039
30.6360
30.4382
32.9576
30.7932
30.6790
26.5225
21.9231
26.7478
35.1432
33.8071
24.9605
29.3029
27.8042
28.9194
28.8412
30.7075
33.3798
33.6175
28.8260
30.3110
32.5577
38.5552
30.6864
33.0893
32.8272
24.8161
30.3266
32.1402
24.1084
30.2334
26.8525
27.8000
28.5666
30.2392
26.0856
28.6056
27.7057
26.0709
31.6393
27.1043
28.0487
23.0314
35.9712
27.9841
22.7499
28.0891
25.0558
30.9744
29.7584
25.5978
25.7097
30.9435
28.1203
27.8918
27.6510
29.6857
32.4699
31.1003
25.9805
20.2069
29.8865
21.8351
29.3626
33.1827
32.1588
34.6155
30.8204
37.3808
26.3222
29.6162
29.0070
34.5968
29.3737
29.7809
26.4769
30.0640
30.8638
30.7556
27.9527
25.7282
32.5134
29.7188
34.3377
25.7715
30.9394
31.6092
29.8104
30.6657
31.5591
32.0500
28.4972
29.6280
26.8844
31.8872
35.0264
25.9942
31.1098
35.4350
32.2646
31.8593
33.6507
31.3040
25.8666
28.1145
30.6106
26.3869
23.5897
26.5934
23.3625
31.3208
26.9748
26.5573
27.5112
31.8876
33.2173
34.4839
30.9819
34.3087
28.5675
29.1347
36.8391
24.5307
29.4147
35.0378
24.5182
29.4759
31.4918
26.2373
32.5284
28.3366
34.0698
31.5557
31.5633
27.5309
36.5721
32.1638
35.5332
30.7181
27.5818
26.9517
34.6230
31.2074
31.3725
29.2144
24.7128
31.4078
32.2518
29.2243
27.8000
26.4451
32.7249
31.9639
29.6293
26.4999
25.0870
30.6964
27.2439
27.5061
35.8702
31.1554
19.2080
24.5322
27.9056
24.4997
29.2847
26.0838
27.3965
28.2130
28.2811
31.7961
27.1630
29.4671
32.8351
28.7853
28.7737
29.8221
29.5663
27.3326
29.4429
29.4613
31.8020
23.7025
26.2565
28.8918
30.0974
33.7047
27.2667
28.8156
31.1565
29.6873
30.3911
22.6710
26.2165
39.7699
30.9614
29.4661
26.3537
30.0292
27.0612
32.7364
26.9472
37.4280
21.6785
29.7393
26.7810
25.6149
28.4857
27.6879
26.7833
29.4662
30.0412
19.4643
28.5282
29.3454
29.3256
31.1909
37.5211
27.8150
31.1809
26.0872
29.3555
23.1282
28.9387
26.1122
31.0456
31.6159
31.9409
28.2810
27.1076
22.4456
29.1597
24.1193
27.9076
32.2594
36.6144
30.8811
27.4986
26.9133
32.1538
28.5851
30.1776
25.3265
32.7013
27.2470
27.3676
32.1123
37.6305
27.4840
29.5708
31.5908
32.6174
35.6606
23.8455
30.0474
31.7055
27.2065
27.8701
27.7926
30.0998
26.2746
29.3834
29.7218
33.4806
28.9287
32.4482
23.3239
25.9267
27.5734
31.6322
32.0167
31.0560
31.5001
30.0779
25.3215
26.7659
33.9839
28.0822
23.9298
27.5927
30.0455
23.3686
26.5396
27.2028
27.8264
26.9910
33.6586
21.2575
25.3148
32.5219
28.4535
29.9908
27.2550
31.5982
30.7111
25.1521
25.7119
30.1362
32.5490
29.5169
28.9239
31.1354
26.3175
31.8743
28.8852
29.0424
31.4124
27.6311
32.1567
25.7408
37.6178
24.0786
27.0880
28.1480
30.3190
26.2374
24.4999
29.0165
27.1726
26.3941
25.8818
25.8471
29.1883
28.3619
26.0447
29.9196
34.2765
29.1192
31.5367
29.2582
24.8612
28.9999
25.8056
28.4725
24.1216
33.5541
25.7314
34.7941
32.3106
31.6192
25.7081
32.4199
34.9282
34.1343
34.9201
33.3077
32.0586
28.6775
29.3979
28.9477
26.1435
29.0934
27.3843
27.4785
30.7666
25.1032
30.1470
35.1244
33.4822
27.6491
26.6097
30.1241
34.1394
33.5572
25.7868
28.8683
21.5666
31.8608
23.9384
36.6461
26.7780
29.3517
36.3306
24.4456
28.0453
31.0406
29.1297
29.5116
28.3969
25.4304
25.2143
25.9868
30.9291
29.0096
28.1370
31.5015
26.6141
34.3462
31.3712
26.3778
25.4447
29.6510
25.4607
22.5696
27.4641
26.2590
29.0520
25.5907
33.6864
23.0126
27.7033
28.0684
21.4989
34.9242
25.5978
32.0635
31.3764
30.6500
31.7310
32.4594
30.6368
35.8004
35.0183
26.1137
29.9429
27.9150
32.2515
28.4435
24.8274
24.8345
30.1426
29.8207
29.9648
29.1525
25.0621
30.9068
31.0878
27.4909
23.3272
27.3135
32.6779
33.7325
31.6807
34.6244
25.3027
27.9319
36.7279
39.7798
29.8316
27.2845
26.4137
25.0848
26.2706
37.4229
31.0624
27.9973
23.9040
30.6276
27.2706
33.6968
31.1850
27.5727
26.6232
35.9798
31.2276
36.4971
34.2700
34.9289
32.0207
29.0236
33.7071
36.2994
28.6417
29.8005
27.1690
29.6352
31.9203
26.8760
31.8729
31.5057
23.8533
28.5379
24.7227
29.0261
30.2842
27.1167
27.9863
24.5117
32.2878
35.7118
27.4409
30.0497
25.4258
29.7111
29.2730
23.0761
24.4284
33.5970
28.9496
30.2507
30.5099
31.5260
31.8708
29.5302
32.6124
37.1668
33.5176
26.7396
31.0762
26.0130
36.5447
19.7138
29.1514
28.6271
28.5523
29.3172
28.0350
27.5302
32.4733
28.9357
28.6626
34.5189
31.2289
31.5516
26.9936
23.9691
27.5487
29.0037
29.4310
31.5710
24.2594
34.2597
33.5395
29.7527
34.2188
32.5098
30.3143
29.7766
26.9615
30.3609
26.5189
31.4632
27.7267
26.5726
25.8408
25.0007
25.2605
31.4158
33.1964
33.2760
30.9915
29.2488
24.5788
34.1837
29.6251
27.6449
29.8891
27.9772
31.8633
30.4523
26.7813
28.3960
34.7935
31.3307
30.9688
24.3657
29.6635
29.9128
33.5294
30.8532
25.6891
32.6712
22.8287
27.6173
26.7057
34.1907
27.0955
31.9966
24.0083
34.0676
33.2216
24.8563
31.9386
33.5445
34.3082
31.2125
28.1576
30.6105
24.2264
34.5115
26.0204
25.8623
23.5477
26.9066
33.6220
26.7876
24.4393
28.7063
31.1902
24.9866
33.4890
29.6801
27.9346
29.9622
27.5578
28.9628
28.0434
37.9284
32.0232
29.0538
38.8727
32.0423
32.8455
28.4974
26.8313
30.5854
29.7733
27.9264
26.4905
27.3456
30.5462
30.0734
29.4258
28.3237
31.2245
26.6134
34.1895
25.5093
31.1661
29.9211
30.4911
27.1933
22.6165
25.5560
22.6666
35.1031
28.5223
31.9110
29.2983
29.7346
27.6669
34.1215
28.1788
28.4298
27.7236
26.7531
33.1815
28.9501
32.1460
22.5032
23.8272
27.1816
31.7894
29.3153
25.5099
37.7479
32.9978
33.5140
27.7415
27.8498
29.4104
25.8156
33.4398
25.4266
23.7077
29.2312
27.2925
33.5052
25.3352
30.5191
31.6963
26.9334
31.9159
32.2690
31.5347
31.3503
33.5904
27.7175
30.2923
31.7536
28.9815
32.9454
32.5947
29.7770
29.8009
39.6781
32.2252
25.4253
27.3053
21.7758
34.1149
32.5962
30.9918
37.1833
29.6296
31.8871
25.7151
28.6772
25.9344
22.9836
28.6881
30.0978
30.6958
32.2384
37.7978
27.8336
28.4164
28.3597
32.6396
27.3979
28.2961
29.5055
31.0174
28.5583
28.3321
32.5802
27.4634
28.7979
25.1617
34.2675
29.4701
28.5340
28.8032
30.8865
34.1949
28.9411
32.8287
22.9026
27.3957
24.2097
27.5803
29.0757
32.4585
22.8644
35.5550
29.3540
33.4982
29.3159
23.2770
25.8835
28.0920
32.1681
29.7257
27.1837
25.2391
38.4011
34.0098
33.8891
31.0353
32.2208
27.1690
26.0852
31.5445
27.9072
22.9895
27.5710
35.4416
23.4574
33.0757
32.0900
29.5979
34.0764
34.2745
32.4084
21.3114
32.7325
30.7150
31.9417
29.8737
24.1030
30.6471
33.2292
29.0535
29.9818
36.3279
25.0988
29.9345
30.2613
30.5594
24.1600
28.2893
27.6376
27.0200
30.8706
28.9805
26.2651
33.6953
26.0982
28.8274
30.3938
32.4090
31.6317
34.3360
31.5402
34.7141
34.3670
32.9760
29.4398
28.8095
30.6173
28.9884
23.7383
27.5438
31.1000
29.6936
33.0114
29.5581
26.5584
32.7199
29.8316
24.0933
30.2711
33.3000
32.6629
32.0430
27.2420
33.7778
28.1911
30.5158
29.3672
29.0041
33.3875
24.2479
27.7843
30.7078
23.8076
22.8251
32.3408
30.0091
25.8230
27.4562
35.8382
28.0161
24.5783
22.8533
27.5098
26.3892
29.0565
32.5748
31.4717
28.2768
27.1924
32.4866
33.8609
27.6003
27.4220
28.5499
28.7287
26.1999
34.9624
32.6609
26.9800
28.8852
32.4223
34.6270
27.4315
25.1146
24.5653
26.0717
28.5343
30.2223
31.4083
25.4452
38.5322
21.7378
25.7424
31.6429
27.9120
29.8268
34.6581
34.4122
24.3729
35.5910
29.4587
27.3846
29.4780
29.1621
33.4939
27.4380
27.0383
27.4173
30.7387
31.4414
31.4799
27.0527
26.9909
28.8442
33.4720
32.2563
29.5671
27.2325
32.5512
33.6163
34.2323
27.4932
29.1952
24.3948
26.4510
25.9765
32.0132
25.1293
30.3544
31.3047
32.1037
30.4383
33.2191
29.7385
28.3038
30.7158
34.9654
29.4015
24.4959
27.8342
32.0257
26.9393
28.9931
34.3446
22.2321
27.7502
26.9531
23.8005
25.9414
27.2658
32.8439
28.6960
30.7968
29.6763
27.2167
35.2376
29.8627
33.3675
28.4689
29.2247
28.5083
27.7567
36.6323
36.5496
33.7990
31.9134
34.7949
27.5538
23.0708
21.3647
32.8191
31.8747
33.2674
29.8871
32.9394
20.7206
30.1709
31.8385
31.3338
30.1115
30.4858
26.1696
33.9565
32.8165
26.9203
31.2980
27.4019
34.6077
27.2980
26.1107
29.9956
31.6188
27.8454
29.8975
30.4008
29.9100
34.0279
34.5694
23.5114
29.8225
29.5238
29.4929
27.6743
24.6292
31.3040
32.8122
34.0234
34.3599
28.2972
31.0097
30.3207
30.0253
23.9854
34.2958
29.9261
28.8230
28.7561
27.4878
28.7406
28.6894
30.2949
30.7690
24.4156
29.6103
31.4661
33.7581
33.7995
30.5255
26.9859
26.9652
28.1780
23.3049
28.3659
34.1473
31.7511
27.9134
32.3326
26.5857
30.6268
33.7180
29.8975
34.7669
30.2138
28.9973
35.2807
33.6933
31.1367
35.4821
27.2766
27.2551
24.6272
32.4914
40.3023
31.9226
31.2512
21.1021
27.2537
25.8973
24.0202
33.7495
27.0414
26.6688
30.4947
26.9130
26.5170
33.4395
27.4841
30.2995
27.0098
31.5881
26.3480
40.5943
24.4362
30.8155
30.1158
34.9075
29.1880
32.2263
28.6836
18.7763
27.2144
27.7093
29.9522
25.0485
31.7185
34.3436
35.7965
31.0673
29.3606
27.4030
27.5726
35.2199
28.4394
30.3298
31.2319
37.1085
26.5770
28.6234
28.0411
28.1366
33.2702
25.7477
32.0629
26.4955
26.3339
29.0680
31.5081
29.5512
22.8602
28.3568
28.7142
28.3357
29.9974
27.0600
25.6081
32.0499
31.2595
28.8243
28.5409
28.1621
29.6111
35.9232
31.1015
28.8969
31.2123
22.0261
29.2844
31.5711
28.4507
31.4975
27.5787
27.9907
33.4566
29.9939
27.2449
30.0815
27.4040
23.5380
25.7844
26.0443
31.7117
29.8027
23.2466
30.5227
34.7090
22.7550
23.9462
30.5821
32.5986
29.8726
24.8663
26.6477
32.1295
24.0218
28.3543
23.6789
33.9338
33.9204
30.8841
32.5768
29.3901
25.6058
35.2719
27.4280
24.2377
31.2358
21.4464
31.7133
25.9652
30.1205
35.5247
23.9134
31.3073
31.6311
22.3392
33.0787
24.5942
26.4065
25.6583
31.0011
25.7518
30.2060
25.5712
23.6622
27.8661
22.9174
29.7091
30.0875
31.8774
30.6715
24.9722
28.3701
33.5185
28.9953
26.0744
24.2828
29.9411
28.9707
24.7081
25.5220
31.2426
25.9142
28.9318
34.6035
24.1659
26.2250
22.7856
34.0576
35.2102
20.9493
32.2283
29.8651
24.3993
35.0932
32.0310
27.5469
34.6505
25.1422
33.6767
35.3189
30.0263
31.5650
28.4189
27.0160
22.9054
26.9162
28.9930
32.3957
30.9328
30.8126
29.5864
22.6734
23.6165
22.7781
31.7342
31.2501
31.9994
24.2372
31.5801
29.7785
29.9144
30.0473
26.5851
33.1053
33.3781
25.1407
30.1255
33.2470
30.8120
21.6986
23.0969
30.2279
30.6622
31.8115
28.5502
32.9091
29.7768
24.0048
30.4734
31.8171
33.6623
23.8261
25.3843
32.1671
27.3298
32.8877
26.1173
27.9171
27.3529
37.8990
27.0928
32.2347
31.2204
31.7073
29.6159
27.2187
31.9852
27.5601
32.7218
32.8161
29.9571
31.4319
35.2877
28.4449
33.1149
23.4983
25.2479
26.1587
33.5448
33.3783
31.6118
40.5291
29.2351
30.5931
38.1733
28.6153
33.0764
26.2060
29.0395
33.7516
28.8069
27.5313
30.6917
28.7734
27.4431
30.1646
28.4097
29.1959
27.6467
29.4008
26.8297
29.6687
27.3522
33.2923
29.5192
34.2476
27.7904
25.1327
22.8914
30.4903
29.3298
32.9811
29.2290
30.4062
29.7732
30.9173
32.3456
32.9102
32.2770
28.5453
35.8356
26.8907
37.3151
27.0546
30.8548
29.0668
32.3598
26.8898
30.6901
31.4760
27.9599
24.8234
33.6001
34.7958
29.2723
32.2297
33.0353
32.8771
34.6958
27.8012
23.5853
34.1203
28.8997
28.8179
28.8939
33.2463
31.2723
28.3278
27.8770
32.9938
35.4770
27.2868
25.8764
29.8733
26.0704
26.8618
34.0451
30.4702
30.5985
26.6979
30.2378
34.2867
24.5396
27.6156
27.1875
32.3656
28.9698
34.8882
28.2428
25.6127
28.2549
29.9403
25.2345
25.4324
29.3576
28.8972
29.9342
29.6863
27.4618
29.4155
31.7733
33.3712
32.3561
32.1023
27.4060
29.4331
31.2939
27.4426
24.9194
26.9630
25.5028
31.3566
30.4605
30.0053
35.6474
33.7377
28.4986
23.5644
24.8068
29.2933
27.2871
28.8435
30.3829
28.1819
25.9720
31.3181
37.9250
32.8104
26.5075
26.8286
30.2328
23.2503
27.0637
28.7192
30.7834
32.9017
26.8548
24.3527
26.4501
31.5998
32.8627
29.8672
25.7826
30.9477
32.0780
24.0412
31.5546
24.0744
24.5412
34.1193
27.1826
38.7579
25.7963
32.4816
31.1393
27.9780
25.8230
27.4436
31.1000
35.3616
22.7298
19.9715
32.4844
22.1815
26.4897
31.8844
30.1211
24.7436
27.6273
33.5836
29.1827
23.6404
28.8784
22.6150
24.5929
26.4731
34.3251
25.3163
29.7892
36.6986
29.1077
28.7251
30.3068
29.5983
29.1236
25.6936
31.5404
24.7241
32.0815
31.7203
32.9993
31.3026
33.1767
32.9866
33.0595
33.7830
28.0685
26.7422
32.0282
24.7883
30.4217
32.7737
28.5257
32.6070
23.6484
25.9050
23.5683
25.1297
29.0490
32.3845
34.4803
30.9576
28.2240
35.2659
26.0481
23.3411
30.8258
35.4926
25.3248
25.0684
34.2587
31.6284
33.8288
27.9748
28.8192
28.7918
27.5046
32.1032
28.1216
31.7031
32.6297
30.7686
28.7749
34.3199
23.6509
27.4182
30.7006
27.8365
29.0127
32.0865
22.1989
30.5045
35.7580
30.9763
26.2908
29.3175
33.4170
33.2266
27.2353
31.9230
27.7489
30.6469
26.1170
33.6619
29.7981
30.9202
35.4471
20.8913
23.1069
34.4065
29.4019
30.8832
25.2309
34.0148
27.4486
30.9812
35.0271
34.1918
36.3486
32.3888
32.6403
25.2354
27.0934
29.2608
33.9084
24.5750
32.9994
32.1608
30.2541
34.9440
31.5045
25.9960
23.2620
23.9534
34.7251
29.8936
33.6600
33.8566
25.7368
31.0323
27.6295
36.0942
26.5401
22.5291
31.0535
28.1946
25.3677
25.2210
32.6535
34.6365
32.5851
27.5866
26.3656
30.2405
32.8136
29.5071
27.9021
30.9943
29.9109
30.0873
23.2418
32.2812
31.1827
25.4954
24.3757
25.7666
21.5890
27.5307
33.9897
30.5417
25.8188
34.2691
31.1615
29.3196
29.3645
24.0898
25.5135
30.0556
29.9011
34.0330
35.7832
30.3011
34.1752
29.4931
23.5758
24.3278
22.8027
25.3683
32.9771
30.3562
26.8140
26.7526
35.8101
30.9355
28.9903
21.6970
24.9080
23.2689
29.0279
28.4921
29.3840
26.9347
26.6614
23.7838
33.8469
28.3000
35.8968
28.5621
28.3240
30.7737
33.7382
28.6890
31.4596
30.8042
30.1719
35.2666
29.2385
30.1214
30.4864
26.7773
29.5677
32.3262
29.5503
32.8087
29.7814
29.3151
26.0617
27.1199
30.4145
35.0700
29.2997
35.6199
36.8962
25.6533
31.3024
35.8300
24.4328
29.9461
28.9138
28.7968
26.9145
30.0167
31.8941
28.3556
27.3577
25.1624
30.6378
36.1236
37.9857
29.4811
36.0834
30.7523
23.2892
27.7358
37.5737
27.6253
24.6818
33.3031
28.8793
31.5081
31.2970
31.6821
26.4029
30.2117
31.5329
33.3209
30.9794
34.9544
30.5870
30.4932
32.1116
34.1797
28.7067
31.0815
31.3997
30.2392
29.7357
30.5768
23.9829
28.2199
29.5814
26.9228
30.8373
28.6293
28.1175
35.7479
32.6908
31.5235
31.1678
33.4216
32.9019
29.0306
27.2189
30.6693
28.0501
29.4204
29.8548
28.1536
29.1949
28.7914
29.4607
35.4156
34.2303
32.9955
25.4130
20.4024
29.6922
33.9673
31.8187
33.9686
34.3953
34.2457
26.0115
32.1720
33.9310
30.7652
28.9078
27.3760
33.3118
24.5547
27.1422
30.0165
24.7696
33.9897
33.0955
31.8622
29.8070
29.2849
26.6520
34.3480
26.1675
30.3675
27.9382
26.0325
33.0261
28.3239
22.6704
27.2663
27.1357
24.1974
27.0826
29.0257
27.7643
18.1285
28.6792
35.8247
32.1707
34.4578
28.5687
30.8556
30.6048
28.6407
28.5425
27.3422
30.6767
29.1122
29.2052
29.8765
33.1115
36.4817
29.7236
27.4279
28.3366
23.3861
27.2108
27.8741
30.5719
37.7375
26.6389
28.0842
29.3590
31.9329
26.3533
29.7339
29.6485
29.7075
25.0484
26.3301
29.8266
26.5107
30.5631
29.9651
32.1580
24.3209
32.4449
31.3876
26.7003
29.1971
30.8330
33.6144
32.4389
30.7686
33.2589
23.8248
23.6457
28.0037
30.1160
29.5451
26.6736
26.5919
30.9616
32.3271
30.4761
27.6825
33.3210
34.5660
28.0031
34.0364
28.8840
31.6426
28.9850
22.2259
24.8894
23.4487
31.9037
26.2937
34.1721
29.3878
26.6767
28.7538
28.1715
31.3722
23.5098
26.9015
20.5410
27.1687
24.5887
31.4722
27.7193
28.5909
27.8839
29.5016
32.5891
25.7697
30.5193
26.6146
33.2286
35.9922
31.7385
29.8897
28.2791
27.9654
27.5901
21.7895
30.5327
32.5829
27.8722
25.7584
27.8900
31.0159
32.6760
29.4949
28.8360
26.0374
31.8698
30.7476
29.7013
26.4941
27.7063
31.2983
34.1440
28.7435
28.3923
31.5712
27.2271
23.0334
33.3238
28.6047
25.9376
27.8213
33.9069
24.0414
28.9822
33.5101
24.9312
25.2473
31.9716
29.6367
30.4174
31.9628
26.1118
29.7440
32.9183
30.1629
27.9728
37.5999
28.0147
30.8573
30.7174
28.8660
28.4300
25.8309
33.7589
22.9220
31.6256
27.4237
27.5618
35.5930
26.9363
35.7925
30.7696
29.5913
30.0049
27.7089
37.2370
24.1354
27.8277
29.8670
28.9872
30.4220
32.4129
30.0730
33.4783
30.8699
31.4675
32.6969
29.8211
29.0797
28.0606
21.7995
33.1105
27.3833
32.9915
29.9269
32.8097
26.8227
25.1266
31.1054
24.2603
30.3426
25.4585
25.9023
26.1920
30.0964
33.1168
30.4409
30.3532
30.0203
30.9316
25.7055
26.1390
30.2766
28.3927
29.6279
20.8767
23.6319
27.1902
30.5727
20.8182
27.1758
26.9049
24.3795
25.8464
25.2601
29.0900
22.7972
26.0525
28.4027
26.5038
25.3359
24.2393
32.6588
29.5766
31.9544
26.1731
25.8686
36.0648
36.5405
30.3735
26.6241
26.5808
26.6641
28.8229
29.4150
22.8259
31.3477
28.0068
26.1515
28.9237
30.2770
29.1900
29.6374
30.6376
28.4921
29.1930
29.2120
33.4914
30.4885
28.3471
24.2783
32.1426
37.4975
25.3781
32.0292
26.5600
29.6648
32.7311
29.4876
30.4806
32.0821
27.1319
30.4117
21.9405
30.8406
36.0018
24.1656
32.2897
34.7513
27.6458
34.9766
29.0520
23.3184
26.8724
26.8508
25.9582
22.3915
21.9197
26.3073
26.8657
28.7404
26.6062
34.2095
32.7855
31.6038
35.8006
31.4055
25.9218
37.3538
26.7477
31.7517
34.8274
32.0485
30.8821
32.7002
30.0031
33.7659
25.9982
28.9661
25.6427
25.4344
26.0803
29.8256
26.8908
26.8271
34.1491
30.8155
26.8238
34.7212
30.9799
29.4919
22.6156
25.9509
29.6070
28.7138
26.9857
33.8068
34.4902
23.2460
24.3489
26.8132
29.5280
31.3785
33.4961
29.2513
25.1926
27.6329
29.8925
34.3619
33.9185
35.4524
32.4309
32.6457
31.0289
35.8747
33.0067
33.1375
35.9276
35.8061
28.3864
29.8995
35.0879
28.1949
23.1737
28.3564
28.5767
27.7387
22.4028
33.4121
27.7325
31.9177
33.0081
29.5402
32.4498
28.8966
34.2643
24.1488
23.5955
31.2461
31.5679
29.6800
31.0685
29.4903
36.8947
28.8319
29.0119
34.3473
30.6716
24.4206
26.8569
27.0717
21.1777
24.7995
32.0285
26.7268
25.8187
31.2711
35.1911
30.8317
29.5022
28.8078
35.4225
31.1346
32.8473
25.1691
32.3918
29.2120
28.2887
30.9339
39.8981
29.1947
25.1980
34.1364
35.0807
33.0732
26.2577
29.1981
29.6009
31.4709
27.4935
33.8997
25.6302
29.0904
26.7306
35.2972
34.6753
27.4756
33.5415
28.0649
26.5714
31.6836
26.1389
21.7642
26.3409
33.5310
35.3461
32.6440
28.1469
22.7043
35.8843
33.9572
32.0919
31.3947
31.6175
28.5804
30.4107
29.0965
31.3957
35.6975
29.0863
26.8658
29.8231
28.3353
29.7402
31.7342
29.8689
28.9554
25.1618
31.1347
31.4663
32.9483
25.2837
31.0493
33.1282
33.1004
35.4252
29.9919
29.9411
30.1247
35.1895
28.8189
31.7447
28.3889
28.1098
28.5376
23.8662
32.6694
29.9759
24.3588
24.6728
28.9101
31.6005
28.2652
35.1424
30.6139
27.4255
31.4089
34.8659
34.9207
26.1655
23.4313
32.0846
29.0815
26.0154
34.6711
29.2216
30.2098
27.0435
32.0684
24.8595
32.2897
30.5148
24.5443
24.5937
33.4149
25.1576
24.7605
27.5821
33.4305
33.3377
35.6673
31.7048
24.8474
33.0322
33.8117
25.9601
38.9014
26.2399
33.2259
26.4629
26.3773
33.0212
33.6852
26.7439
27.8243
32.9150
33.3417
28.7498
26.4103
23.0361
31.5027
26.4085
30.0868
27.9637
29.3807
28.4731
32.7279
27.6327
32.4653
34.5324
30.8877
24.8995
28.1673
30.4755
31.3455
35.1106
27.3069
31.4028
33.1739
24.2546
22.5889
22.8943
22.6421
27.4381
33.8345
28.2223
30.3741
27.5929
25.5211
28.6245
31.2673
30.1306
23.6719
30.0427
32.3303
31.2146
32.1271
30.3745
26.6315
25.5279
26.3567
25.2425
27.3102
27.8074
28.8053
32.5161
25.4359
32.4858
27.3646
33.0562
33.9154
26.1598
33.6856
31.3264
27.3298
27.8387
29.0453
30.4321
36.7544
30.8443
35.7058
28.2025
23.8214
31.2157
26.4228
22.4783
28.3328
34.2499
29.4553
28.4811
30.5382
33.1002
29.5760
28.7431
36.6766
21.8396
29.1831
30.0158
27.0228
38.2477
35.1615
26.9265
27.9217
26.1201
31.9410
30.8588
36.9277
31.0102
34.3258
29.1845
32.7713
26.5046
30.4419
25.3935
31.8224
25.1309
27.1697
30.8169
33.6810
25.6877
30.7197
26.4916
26.4233
22.7610
25.6996
31.7255
33.4146
28.4613
26.3431
29.7868
22.5953
27.1304
27.8312
36.1175
23.2057
31.3190
29.6709
31.4480
29.9824
23.2765
27.1865
32.4276
30.2831
31.6000
27.3072
28.6104
30.2051
26.2663
27.2438
31.8475
28.4666
27.9734
28.9186
26.2032
30.2815
30.9360
24.5678
29.5138
31.3791
31.7286
33.0460
23.1041
32.4595
32.5246
33.6851
32.3554
26.0689
30.6394
30.1215
28.3306
30.1059
32.1191
24.6696
34.8521
31.8863
27.4397
29.3105
32.4106
27.0763
28.1194
27.0968
31.6473
30.2879
23.6110
29.8318
21.2653
31.1065
28.2877
23.5416
24.5959
26.2624
24.9776
28.5292
27.5128
29.3186
29.7822
32.0083
31.7873
26.1190
27.4228
31.8546
28.6971
24.3136
32.0096
27.0114
34.4363
27.9660
34.0129
31.6074
30.1638
32.7230
29.6353
23.9092
22.2847
28.2091
29.0364
32.9515
33.8266
23.6435
34.3395
27.4450
21.9760
27.6871
34.6761
34.4941
24.2828
29.2270
34.2233
34.7302
24.9121
26.0628
28.7640
32.0838
26.7939
31.3450
24.1141
28.7655
29.8834
34.7674
29.1105
27.6364
27.5723
28.6797
28.3595
26.5574
24.8559
29.2860
28.9431
30.7396
30.4788
28.2124
28.1891
28.9745
34.1136
33.6891
31.8700
30.3773
28.8514
31.3069
30.4044
33.5318
25.7766
32.5799
26.1406
28.0900
33.6154
30.8379
32.8200
30.7093
27.4983
29.9729
26.2594
31.5721
26.2894
23.5393
25.6844
37.2436
21.1622
28.5998
31.1131
32.9219
33.3321
34.5796
29.4789
29.0604
24.1167
35.1746
32.1721
29.2697
33.9397
29.6786
32.7879
32.0719
25.9247
26.2598
30.2124
35.5790
35.2135
29.3136
21.0773
34.6422
28.7846
34.1825
23.0186
27.4163
29.1989
25.1969
29.0637
33.7304
25.4013
29.9419
30.0847
30.3947
23.8151
24.9509
33.7873
31.6741
29.2650
34.4254
26.4133
31.9570
34.0867
33.5102
27.0271
25.2372
32.1980
30.0665
32.7186
35.4271
28.7764
32.7149
31.3252
32.4275
27.8290
26.2455
25.8623
36.3647
26.3887
30.6320
31.1258
29.7343
29.1675
27.1770
32.3868
31.1170
34.1933
26.2583
28.9171
23.5694
36.9612
27.4474
28.8784
25.2687
27.3217
32.2685
31.5267
31.4946
26.0923
26.2005
29.1419
27.4113
32.7513
30.9236
27.2143
29.2205
31.2932
29.7304
26.9011
23.8483
30.1253
32.1714
21.2507
24.5347
28.4699
33.8407
30.6712
30.8727
27.6604
27.3921
30.5768
30.3136
30.3527
32.1106
25.7141
27.8680
31.7624
24.8955
28.3696
26.3405
24.3385
37.3661
32.8856
36.5112
32.9382
36.0124
26.5405
33.8780
29.0696
28.4297
31.1029
26.2971
27.6218
27.1613
30.7994
32.1333
34.4426
30.6448
31.9991
26.1138
36.7202
35.2308
34.1931
32.5017
29.0412
27.0880
34.2366
23.9234
26.5232
28.8397
34.7367
25.2205
28.3583
36.5954
33.0609
33.9579
26.1626
28.0698
27.4283
24.9249
33.7923
35.9050
25.5851
30.4301
25.8261
34.8687
22.0802
31.7017
34.9529
32.6054
31.6969
25.8595
30.4262
33.3533
30.1293
26.0188
33.5880
25.9429
26.0774
34.1073
29.1093
32.8171
27.8771
25.9022
23.9529
32.2631
29.3193
29.5221
36.5526
34.8503
33.7981
27.4044
26.7765
24.7541
32.4742
26.7154
27.7216
22.0918
30.7070
25.0314
28.1329
33.3821
27.2369
30.9076
26.1730
31.4081
31.2607
27.2389
22.6693
24.1114
31.1047
29.6347
33.0649
28.7872
28.6016
26.7413
32.9104
29.4765
27.8927
29.9750
30.5412
32.5999
31.4692
19.7325
24.6214
34.7141
28.3699
29.0017
31.0031
30.8934
26.5363
29.9747
28.3831
25.7034
34.8788
34.8518
27.2382
29.2687
26.6187
26.9523
33.9911
24.9477
19.9782
20.7183
21.1900
28.0448
27.3616
30.9303
29.0524
26.4957
34.8494
33.0190
33.9154
28.1974
29.0277
30.5617
27.8933
26.1668
36.0691
31.9195
25.5772
23.0867
25.0791
28.1184
34.0352
30.4372
30.4904
21.4581
27.5483
27.9160
28.0943
24.4089
36.1581
30.7074
29.0331
25.4254
21.1303
30.2467
29.3367
22.3491
25.1327
28.6234
29.6312
29.9108
34.8496
30.5538
31.4584
21.2669
28.9116
31.6040
28.5465
28.6355
27.2035
36.5404
25.3417
34.9538
29.6528
27.2586
29.0924
22.4044
32.6319
25.7886
27.9786
31.5207
31.4104
32.3866
25.3109
32.4190
31.1201
30.8771
27.4471
32.7570
30.8545
25.9094
27.2001
26.1342
25.1331
26.4989
31.4547
22.3136
28.4199
31.6749
32.2460
31.1343
35.2666
27.2959
31.0583
29.3106
24.6785
31.1582
35.8688
26.0207
27.1565
32.3207
37.0330
23.9326
33.5381
35.9281
32.1922
34.0324
22.7185
31.8832
29.9215
23.5276
28.5206
31.0592
27.6638
28.3770
26.8515
30.8146
35.9531
37.3235
29.9274
28.4658
27.0447
30.4814
28.5682
27.3312
22.5310
31.7157
23.0777
34.9900
27.8551
24.8627
24.9243
36.1904
23.7993
27.7354
27.6288
27.9900
32.6619
28.7169
27.3639
32.8158
28.3288
28.2512
25.7515
25.7970
29.8101
30.7343
20.9532
35.8310
24.8135
24.3172
26.5791
33.0885
24.8121
27.0817
28.7504
28.0914
31.0993
31.9361
23.7688
29.5729
29.0548
27.4893
24.8072
32.7171
30.3521
28.5220
36.2861
23.5548
21.5841
30.5088
31.2264
25.0733
28.7122
31.1294
29.8377
28.8792
31.3472
27.9410
22.8254
25.6985
33.4205
33.6996
29.2220
25.4712
35.8526
28.4963
30.1736
24.8629
27.7858
28.5856
35.0641
31.4349
25.6447
31.6365
28.3695
26.8980
27.8828
36.4201
31.5752
32.5869
29.9910
29.0536
24.4162
32.3703
30.3145
21.4184
31.3486
31.1494
35.9247
30.5248
24.5835
26.5685
23.7183
28.1597
33.5245
31.0913
25.1261
25.4619
31.4559
27.4582
36.2071
24.1007
33.6110
31.2008
36.7280
25.9541
23.5474
29.9704
31.4304
23.6345
26.4322
34.3225
29.0695
31.3895
31.9684
32.8943
31.6724
28.2639
27.0859
29.5148
31.9039
35.6098
29.6052
28.6784
24.7922
32.2667
34.1842
26.7437
29.8983
29.5933
29.9921
27.6661
28.9704
31.4328
31.5845
32.2180
29.6076
25.8652
21.7842
29.0537
27.1981
32.4147
30.3260
31.7524
28.4979
37.1840
29.1449
35.5834
26.1366
32.9392
24.8393
25.9437
26.5567
30.3380
23.3839
29.6642
33.6095
25.8108
25.0783
28.9639
33.3870
30.5612
33.8849
32.2327
31.9460
24.4999
30.1932
26.4848
32.2529
31.8626
28.2588
30.1668
35.3713
27.0634
26.0573
31.7541
31.7373
28.3071
28.0394
26.5876
30.9810
29.4352
24.3125
26.6048
29.0758
32.1358
28.7993
24.9256
35.6766
30.5636
27.0000
30.7826
29.9812
26.6661
24.8587
27.2906
34.6111
32.3476
31.7058
33.8132
29.6101
33.8695
37.0876
32.4152
27.1479
32.4061
27.7792
31.8388
28.2093
31.4686
28.5424
28.7222
33.8382
31.5012
32.3670
29.0551
29.5315
23.8342
30.2528
31.6156
27.6707
31.7372
32.1092
22.2129
32.1862
27.3028
31.9475
28.9391
29.8838
30.6370
32.5462
30.3033
27.9786
25.4229
25.9459
26.2953
31.6773
33.0743
28.8254
25.0929
35.6220
31.3096
32.6796
26.5745
28.2975
25.4261
27.8270
30.3669
29.5440
29.1600
31.0923
32.9255
34.0826
27.4758
33.3627
30.0855
29.2801
31.5354
21.3081
33.5358
27.0077
30.7000
35.6556
25.7836
31.7945
27.7895
29.0555
30.4757
28.5818
30.6067
32.8853
31.4190
22.2061
31.0027
29.5913
28.9143
26.4098
29.2294
22.5608
32.8476
26.8609
29.8440
28.7142
26.7702
28.1283
24.5199
31.2090
31.5078
30.1073
31.9479
32.3039
26.8086
31.3876
26.2541
26.1529
30.2689
24.6338
22.0357
29.2123
31.6772
30.4939
31.2409
35.4455
34.0723
32.9374
33.2679
34.5443
31.1257
26.4004
32.9891
25.2679
26.0110
28.3796
32.4454
29.1621
30.7805
22.5583
26.6739
35.5500
36.0393
24.9150
23.0558
22.9993
26.5037
29.5118
26.8718
26.8196
27.2317
28.3631
28.9853
28.4898
24.9509
29.1750
29.5970
29.4723
27.0519
23.3159
29.3578
33.9215
30.1499
32.3584
29.0121
29.8328
27.1143
26.0062
28.9528
39.4894
28.0464
36.3521
26.7605
19.7694
29.3867
25.1764
30.4982
31.4040
31.3664
32.2636
31.8090
32.6518
24.0995
29.5835
25.8757
34.8895
28.7892
25.4488
27.1433
27.3816
34.1646
35.4021
26.6128
34.2166
24.3124
29.4893
29.6836
28.6317
22.5307
22.6260
32.6846
28.4345
25.8035
28.3838
32.6512
30.4429
27.7131
23.5241
24.6430
23.3811
26.2124
32.7395
36.1514
27.2708
27.2614
31.6738
36.6791
27.4765
33.5955
28.5539
31.1105
21.0989
26.6844
27.5068
31.7945
30.4905
26.0580
25.8683
22.6637
28.2383
33.6878
30.9008
28.2817
30.5435
29.2882
29.7805
22.9403
26.9743
33.1866
32.3788
33.1552
32.9071
31.0347
35.3535
30.7019
36.3798
26.4935
32.8764
31.9428
36.0965
35.4652
27.0941
28.2041
34.6159
31.7626
35.4398
34.6363
29.7806
30.8755
30.6044
22.9490
27.1789
33.4613
34.6826
25.8894
32.3667
32.4094
27.4971
32.7931
35.2742
26.2972
36.8255
35.0649
29.0206
30.2931
31.6595
34.7463
30.2478
30.3957
33.2419
25.2992
27.3460
23.5852
28.1771
31.5769
23.8424
28.1352
29.6672
33.3700
28.2012
33.4039
29.4250
26.5626
24.8697
29.6556
29.4819
28.2932
35.3982
31.0040
27.1983
26.6791
29.9966
29.7150
26.0383
32.1271
34.1574
30.6418
26.6826
32.3825
24.0715
22.9643
34.6768
25.4669
25.1833
29.2341
27.9382
37.5819
21.8878
32.1219
31.2687
31.2862
35.0990
29.2574
23.6611
29.8464
29.3346
35.1301
35.0322
28.8278
28.7639
30.1764
26.8920
31.7395
23.5113
34.6064
26.7000
27.4280
27.9231
30.6217
27.9003
30.9190
23.4215
27.2089
30.8026
26.6302
28.8773
29.9080
23.3678
27.3899
32.3435
31.0935
27.9534
31.5175
31.0007
28.7678
29.6420
29.5319
30.9847
26.2453
22.2453
32.7741
25.9012
32.0010
34.8841
33.9074
24.1693
27.9282
27.3222
29.4766
27.9804
25.9802
32.8960
35.4313
33.8585
29.0696
31.9950
31.6519
30.0031
24.8550
36.6629
27.6088
33.3672
28.6785
34.0433
27.1361
27.2427
32.9357
36.3963
33.1332
32.6658
33.7301
26.9206
29.9814
31.2728
32.8078
31.1232
31.2418
31.5279
29.3237
26.5221
32.5422
30.0328
26.9666
22.7345
26.6746
27.4411
27.6095
31.0481
29.6852
28.9156
32.5967
30.4009
26.5938
30.2254
29.7919
29.5927
26.4418
24.0108
25.4317
27.3726
31.6523
29.5655
24.5454
32.1456
31.4847
30.5322
30.9434
24.8557
31.8554
29.7661
29.5221
29.7806
32.4083
34.4570
25.7285
29.3989
35.9969
27.9831
28.2675
20.3671
25.9068
31.2514
30.0489
29.3242
31.4197
22.8109
29.8836
25.8864
33.6899
34.3510
25.8543
29.3430
30.0773
34.2596
30.0726
21.8924
28.0012
34.6847
24.0152
31.9462
30.8936
30.2639
28.7582
26.6460
27.7466
28.7780
25.6698
35.9065
31.0518
30.3116
26.7863
27.6533
29.9018
32.6460
36.7020
32.7514
25.0350
35.9040
28.6799
21.0240
35.5553
30.7510
26.4504
19.9817
27.5375
34.9796
30.8302
30.5402
33.0919
29.3531
27.4642
32.8660
32.3489
25.2772
29.0479
31.2958
25.7804
33.9148
32.3243
34.2295
29.5086
28.1961
24.1796
28.0242
31.4780
28.3330
28.0041
26.7435
35.4705
26.6957
29.6944
31.9307
35.7308
35.5739
29.1369
32.9067
29.9902
32.6709
34.1163
33.4871
29.2319
29.7291
30.8170
27.2474
29.3521
25.9706
28.5920
34.7753
29.5055
27.8215
22.1188
23.9664
29.5611
29.7732
26.6436
27.1498
29.7268
28.8958
26.7005
25.4373
33.4104
32.1452
33.8621
35.1152
28.9638
26.8735
28.4434
30.7286
34.5866
31.9086
31.6149
29.9446
29.9052
33.4970
30.5630
28.3790
24.3182
28.6278
25.7133
28.5731
25.0569
26.9494
34.7428
27.6513
33.5520
24.9722
28.7130
27.7613
21.6634
25.5591
29.6459
31.8579
27.6216
32.1526
29.0352
28.6760
32.1675
28.3282
24.7991
30.3888
30.5519
34.1108
25.8251
26.7818
31.4070
20.4349
23.9656
34.4770
27.5761
25.1477
31.1526
31.3745
29.4122
23.1376
23.4488
26.3399
26.5765
28.7254
25.7598
32.3054
30.2482
24.5456
24.4346
32.1885
25.7162
32.5318
34.0671
29.0590
32.0726
32.5952
35.1018
33.3640
33.2653
27.0029
25.0738
31.0877
27.8767
34.1102
29.6075
32.1503
29.0937
33.5690
32.5971
30.7032
27.6972
32.1844
27.5483
24.7834
34.6131
28.5129
27.0702
26.5932
22.3700
29.0449
23.3285
26.7627
29.1088
30.4724
27.3483
28.1717
30.6149
39.1342
26.8084
28.1913
32.0519
22.1338
26.6846
24.1491
28.0706
31.9873
31.4901
27.5505
32.4781
27.2242
31.6844
33.2102
25.7595
28.3017
32.9866
32.7629
31.4548
33.7758
26.9644
32.7467
27.2763
30.0436
25.4274
29.5025
29.4629
29.6912
22.9659
26.9235
26.5280
25.1435
29.8979
26.0685
31.8915
32.4462
32.5343
31.3276
18.0536
29.7595
24.6120
27.6932
31.0724
30.9068
28.6706
25.7391
30.7143
29.0691
37.2252
25.0536
31.4385
30.4203
32.7627
31.8959
31.2453
27.0608
25.4250
26.3628
30.5017
26.0878
31.4020
26.8951
31.6781
34.2401
24.6836
27.9472
23.0046
30.5079
25.7683
26.4142
32.7034
34.6910
31.2787
28.1463
36.6843
34.0110
30.3268
32.2338
24.2147
26.1481
26.7256
30.9044
29.8768
27.4608
24.9786
34.1848
30.5212
29.6580
24.9307
32.5163
22.1502
22.4310
27.9066
27.9431
32.0702
29.6927
32.2285
31.9996
37.9921
37.5035
27.1500
29.0946
32.9051
34.2685
25.2389
24.7939
26.5867
20.2849
34.7034
27.8770
26.0441
23.9516
33.1746
30.9138
25.9475
36.8860
36.4992
30.8248
28.7242
32.1766
32.0580
29.5187
32.4042
29.0715
33.7376
30.5032
36.5308
29.7519
34.9580
26.4650
21.4590
22.8640
34.4591
29.0109
22.9974
30.0111
30.8260
25.0552
31.5318
28.6284
33.7477
27.7119
32.6043
31.2670
28.4250
29.9169
33.7318
31.8119
30.8419
29.2355
27.5519
31.3356
30.1070
32.0446
25.9817
28.1295
27.7745
29.0563
37.6839
25.7544
29.2163
31.3042
25.7966
30.5244
29.1827
23.9665
34.2313
29.8460
26.5673
28.3917
31.3734
36.6085
30.5906
29.0527
24.1310
35.9708
25.9352
35.4992
25.1165
26.2242
26.3183
24.8405
20.9204
31.6213
27.0874
32.8191
33.3198
27.2986
32.8388
24.5176
32.7078
28.8838
30.4219
31.6125
34.3042
27.0151
31.9041
29.3223
35.6081
27.4206
31.4504
25.4549
33.9885
28.7035
28.5155
28.1760
31.1275
30.5092
30.8077
25.9990
29.0730
25.1412
23.4868
31.7421
26.9848
31.8522
27.4554
32.9327
28.1246
30.9277
30.6232
32.5520
28.4971
33.7875
24.0438
30.4901
34.0843
19.8886
36.9006
30.4605
27.2009
25.3073
27.0399
31.0978
27.5900
23.9317
31.1489
28.3352
33.4849
26.4394
26.8638
29.1902
29.7973
29.7218
23.5398
28.8913
29.0734
34.0652
31.6541
25.6616
32.2954
32.6758
28.2350
23.8963
29.7695
29.9970
28.2211
29.2958
32.5634
32.0754
29.7499
32.5899
25.8788
26.7654
27.3580
29.6203
22.0541
28.5156
31.5619
34.7149
32.3419
28.9223
30.1555
28.1228
29.5411
30.2061
29.5998
30.2123
35.4460
34.5899
32.1992
32.0450
26.2351
23.7661
28.4054
26.4816
32.2031
24.3541
21.5914
29.9189
28.2232
27.1729
29.2970
24.4939
35.7521
35.9611
21.5229
34.8835
27.2263
32.0664
34.0837
34.5398
28.8963
25.2324
24.8138
24.2408
35.1751
34.9327
31.4252
31.6405
31.1851
30.8032
31.3891
25.8804
34.0941
27.1822
32.2270
27.6239
32.8034
23.3983
31.1145
25.4946
29.1969
31.0290
32.1598
33.5198
30.6017
33.3827
28.6326
25.9288
31.5334
33.9753
29.0920
23.7094
24.1613
23.5571
36.8258
34.5726
29.9991
33.9441
34.1946
29.2145
27.4335
23.7982
30.5846
26.1474
31.8082
29.3939
29.8167
28.9560
33.6376
25.9624
32.8232
31.6066
33.0790
30.0991
33.4105
29.3787
26.1869
32.1266
31.1570
34.0679
32.8865
31.8432
24.4919
23.5673
34.3858
23.1090
28.9316
34.5786
23.9958
26.0489
27.8856
32.0286
27.0814
30.4674
26.1318
33.5982
25.2949
25.6479
31.2559
27.1027
32.2229
29.1081
26.8918
27.6524
30.1483
26.3889
28.6132
33.5692
34.8706
29.7340
20.4719
24.6822
29.9507
31.3280
31.0926
31.5046
32.2000
35.9181
30.5541
27.1207
28.7483
24.8830
26.5642
28.8630
24.0012
35.7144
23.1816
28.4956
32.8941
35.5848
26.0891
28.6346
24.4627
33.6443
28.8040
26.0741
23.9586
26.8851
34.9362
28.6620
28.2344
30.5663
33.9632
30.9860
30.0722
23.9121
31.5062
32.0061
26.9376
26.9164
26.6906
28.8378
28.0591
27.9285
28.8876
35.0854
29.2671
33.4589
29.3621
33.4775
25.1587
25.4334
26.1965
32.1429
26.7092
30.2141
29.0426
30.2388
34.1531
33.5408
33.4752
28.7284
24.0065
34.1123
32.2669
31.4505
32.8093
31.7358
27.7438
22.6799
24.6323
28.8678
32.2925
31.2246
34.3246
27.2887
32.1725
25.9416
29.6824
34.0500
30.7221
32.5838
22.7411
33.3153
25.5524
27.5041
27.1055
34.8303
28.6378
23.2728
24.8500
29.8410
26.9535
28.1237
32.7023
25.9782
32.4329
26.8599
24.3763
26.7628
28.4046
29.7721
25.9524
28.9622
33.9492
29.5523
27.9076
24.6736
28.6788
34.2584
31.5978
29.1586
31.9507
26.1323
27.5234
22.3766
27.0489
29.4107
25.0600
25.8187
28.1459
30.8258
37.3043
32.3516
22.6815
23.3387
30.3566
24.6361
22.1980
27.2400
32.1534
30.5135
26.2458
32.9004
26.8991
30.7863
31.4859
28.7276
26.2808
22.3933
26.9507
24.2833
25.7513
27.9174
33.5947
30.6048
26.0375
35.5276
25.8568
29.2324
31.5952
31.0815
34.0069
26.9819
28.8681
36.2283
22.8636
29.6379
35.8485
29.4595
25.9616
31.5063
26.6442
33.9859
27.8452
33.0386
31.9784
21.7938
31.7249
26.4622
35.2857
33.2441
26.7126
34.8443
32.5734
28.8212
34.7851
28.7365
28.9823
27.0471
31.8564
28.3351
26.8935
31.0439
28.3630
31.6384
27.9557
32.4311
24.9421
27.7335
31.8715
28.7096
30.7200
27.3470
32.6177
26.9551
34.9259
31.2367
26.3161
26.7834
28.6223
32.7718
30.9801
27.7526
35.1710
34.8666
31.9510
23.5937
29.0160
35.4899
33.7551
22.0216
22.1382
32.3340
31.7610
24.6851
28.5217
32.2546
34.1959
26.9361
28.0386
26.2654
26.5977
27.6015
27.3661
28.8980
30.1789
29.9482
32.3545
27.7120
29.3921
31.2911
27.2771
28.2346
32.5156
28.0379
35.4673
29.9592
31.8011
30.2792
31.8178
33.2991
30.4275
29.9041
21.7204
38.5428
32.1224
28.4867
26.9479
20.2536
35.8144
34.0246
26.0995
32.2070
24.2460
29.9746
30.6801
29.2615
24.7516
28.1170
32.1812
27.0218
27.7276
24.9213
28.7677
31.6234
28.0535
35.4075
34.9713
30.0397
34.5370
26.9878
25.5343
28.1486
31.2406
33.6546
31.0948
34.9085
27.5777
28.2876
31.4487
33.1030
31.5152
34.8371
34.0500
28.4512
28.5572
28.7860
35.3577
29.3158
24.7509
27.7859
21.6249
34.4268
26.6979
28.1815
29.4580
27.9355
33.4012
32.0469
27.4644
26.3396
32.0873
31.1904
32.4430
32.9630
22.7294
23.1953
35.5881
29.6190
31.4632
22.9915
30.1208
27.8153
33.2187
30.6571
31.2993
32.5354
30.7254
28.6526
29.2074
29.5596
28.1730
33.1059
25.2704
33.5653
28.1244
35.3950
27.5864
32.1339
34.1868
25.6792
26.0165
30.4834
24.0097
25.9962
34.9478
27.4233
28.3638
21.8222
30.4675
30.9623
29.2500
36.0747
27.0489
28.5947
27.2585
31.4189
27.6039
27.8954
32.9333
20.5500
26.9462
30.6424
29.7268
34.5015
24.5114
25.6075
29.3253
29.5820
28.9051
36.2668
30.8991
27.9918
30.5206
27.4566
23.6433
30.6830
24.9049
24.4639
27.2875
27.9485
26.1837
30.8203
28.1398
23.2430
30.6837
26.7158
26.5608
34.7145
30.9511
31.8977
30.3205
33.6876
29.6686
33.0407
24.8734
28.6990
28.1827
32.2897
28.6800
27.6844
22.6944
33.9649
24.4123
30.3642
29.0126
32.1939
28.5410
31.2419
28.1927
32.9342
30.4826
28.9546
23.9057
28.9691
34.1846
35.9255
29.3005
31.9888
23.5849
26.0998
25.9810
26.4178
30.2700
31.6662
33.1091
35.1472
28.8187
35.4495
33.2021
33.2822
25.3376
32.2374
26.8997
24.6894
30.4268
32.5848
30.2696
28.4179
30.5705
28.3238
33.6761
31.4629
32.5740
27.3060
24.7590
31.6841
30.7884
39.2807
27.7652
27.4635
35.5066
33.2298
34.1480
29.0388
32.6756
27.6789
31.0152
31.8846
26.2425
31.7564
23.7753
32.7782
24.2724
25.7597
29.2034
25.5231
21.8127
32.0880
32.9117
27.2115
27.2311
33.9470
28.4833
22.8463
31.6646
22.7663
23.1335
22.5179
24.1768
32.5740
27.4292
33.6568
28.1344
31.6631
34.0462
31.6803
35.3407
29.8979
33.5675
28.7253
28.9832
30.0505
30.6327
23.8834
27.7448
30.7638
29.8946
20.4904
28.3724
29.2512
33.8082
29.8191
30.1270
30.1585
24.0719
28.4882
29.1120
27.1635
34.1477
25.1989
27.6727
35.1862
32.7039
29.9231
30.4571
26.4130
28.5033
32.9661
30.6026
25.4515
28.7864
25.6886
28.8966
30.8067
31.7865
25.0009
23.1162
26.1293
26.7279
26.5706
34.1913
27.8119
33.2038
29.4649
27.3669
25.1607
27.8332
30.5498
32.7343
27.7985
27.3219
20.4162
29.8480
26.2140
27.9177
20.7443
26.2749
26.9441
28.7367
34.4276
29.0678
24.4806
25.8637
28.1456
30.3351
27.5081
29.1887
26.7411
32.6248
32.8488
25.6502
28.3293
33.0018
25.7703
31.1228
21.1584
35.8632
32.7135
26.2067
28.1837
28.2066
27.1158
35.3794
35.0057
35.3952
28.7435
28.6566
28.5771
24.6086
28.1346
32.1928
33.4352
30.7663
32.2566
36.7377
33.0380
26.5404
33.1080
30.7188
26.4921
29.4791
34.1416
27.3126
28.7728
29.2812
31.3752
20.2704
28.3320
35.1654
26.0094
27.6569
31.6425
25.6815
36.2957
31.4350
28.5104
27.1446
27.2315
32.5207
30.2759
28.3157
29.9046
26.2986
33.5260
24.7123
31.7683
31.8787
29.4792
26.7236
28.8098
22.4077
29.9086
24.9613
28.5077
37.1558
31.3514
34.2052
29.6619
39.8693
25.7702
31.2939
32.0034
33.1238
29.1083
32.6058
28.5680
26.0141
31.9173
22.8161
25.5861
25.2408
33.7557
29.2725
21.7901
28.1525
25.2827
32.4443
28.6115
31.0326
32.4843
27.7398
35.0839
27.2518
27.0065
28.6361
27.0973
35.5958
29.4800
37.7959
24.8257
24.8047
27.2784
31.2832
30.8243
34.0983
28.1267
29.1645
29.7882
30.9062
32.2735
28.7981
32.6886
27.6241
31.3552
34.1701
31.8046
31.3438
32.5949
25.3885
27.7562
34.3438
26.2064
21.3762
30.1675
30.6875
29.1125
26.0170
28.3302
32.0176
28.8938
27.3873
33.5504
31.0856
25.9247
30.5842
37.0721
33.5113
24.1893
28.1812
21.4447
30.7436
30.7466
25.6568
30.1828
28.7520
27.5803
24.2795
26.0154
34.3662
30.1115
25.3113
33.3200
26.9766
32.3083
27.1974
33.8069
28.2565
33.7434
31.5454
31.3750
24.2857
28.5261
32.6709
27.9353
28.3541
30.2008
31.0873
31.2137
30.1848
30.3823
23.0475
30.9775
27.1650
27.2027
21.7060
26.9070
25.6630
30.1807
36.4833
35.0856
30.4748
29.2271
25.7806
29.9862
25.0689
22.9513
31.7080
36.7907
29.6439
27.6112
26.8403
34.9364
32.6644
29.1214
24.6265
27.1905
32.3719
29.5985
30.8293
28.4129
24.7995
29.5714
30.8963
28.7330
30.2616
26.7069
31.7602
23.3228
24.6076
22.6558
21.8138
29.0142
31.9373
27.4422
29.9386
27.7940
20.9593
25.4029
28.3723
28.7115
28.3960
32.4326
24.2254
27.8129
26.5073
35.2120
22.5972
22.9141
22.4311
28.1292
27.9867
22.4113
28.5915
21.4382
32.2983
29.2942
25.7838
27.3068
33.9053
31.2718
26.2568
30.4056
30.5211
26.8539
35.4296
27.8263
23.1228
36.8967
29.4314
25.3499
29.3834
26.9591
30.0644
26.1139
26.6473
25.6770
29.2381
24.6600
29.1380
32.0988
28.3842
24.4296
35.0061
32.0147
28.6102
30.9808
25.0574
26.1128
34.5958
33.8519
29.3871
30.4916
24.9052
29.5539
31.5874
31.0406
28.7242
28.8099
33.0008
26.4824
25.7395
36.5876
27.3833
35.3542
34.2719
33.9581
26.6867
24.7474
31.5959
28.2312
34.7075
23.9455
27.2152
25.0848
28.5760
31.1109
32.1738
20.4529
30.2430
26.3875
36.5236
36.9069
30.5996
26.7163
30.8046
20.4820
26.1503
25.6526
26.6033
37.5442
27.1129
29.5797
33.1572
32.9891
31.4152
22.2465
33.0496
25.4732
30.7652
27.4921
24.6974
31.2391
32.2035
27.7025
25.1723
28.1800
25.2194
23.2208
30.1409
26.3619
24.1036
23.7748
28.5831
29.2015
33.7162
25.9989
29.4347
33.7899
28.5101
29.9495
29.7059
34.0017
27.5233
23.0515
26.3473
32.3441
27.5467
27.3686
27.2762
25.8074
21.7575
28.3388
28.6685
37.0471
30.4282
33.2600
33.0749
33.9336
32.4285
27.7629
30.8651
31.2622
23.2693
24.5531
28.4841
25.5754
30.3542
26.5363
28.8314
28.4112
31.3415
30.0541
28.4251
33.7873
26.0625
29.9480
31.8188
30.4780
30.5177
27.1207
36.7535
29.2271
27.3270
35.8986
33.2109
24.9242
27.7048
23.6490
34.5530
32.7817
27.1937
30.1459
29.8466
26.3729
32.7697
28.3345
27.6612
26.7305
26.8525
21.8531
34.8234
26.1656
26.3111
31.4278
24.4326
25.5334
31.9782
35.5648
30.7131
24.4275
19.0935
25.3953
37.9810
33.6556
33.5270
26.7187
31.7323
32.6651
33.0599
31.9867
34.9382
28.9770
30.4767
25.3816
27.9249
30.8859
33.7852
30.5811
32.7976
28.8495
31.7674
29.7551
32.7992
31.1336
32.7607
25.3464
27.7380
26.6100
25.3222
21.1028
28.4661
23.8069
30.4986
26.9068
22.2661
26.9633
22.4599
34.1296
27.8427
21.4430
29.8102
29.5689
24.0947
29.7914
33.6505
37.1213
30.3432
37.6855
21.8782
25.1023
28.9597
32.6579
28.1995
30.5761
30.0780
25.8050
33.1304
24.4375
34.4252
31.4680
23.0516
25.2611
25.4864
25.7331
39.0469
30.7927
31.9554
21.1619
30.2559
27.0189
24.7534
28.8834
28.2274
26.1595
32.1015
33.3596
27.0611
26.9131
27.9346
29.3563
24.9364
30.5957
31.8952
25.4842
26.4477
25.8868
27.3412
33.9673
30.5550
29.8360
31.1974
33.3144
27.7449
32.2687
31.8589
29.7156
31.8590
33.4507
32.3091
32.5980
32.8909
29.9196
31.3842
26.8842
35.2490
27.9806
34.7504
26.2298
28.5408
24.3809
30.5830
30.1072
27.4336
30.1697
18.6159
28.8491
27.0210
29.0081
27.9172
27.6582
35.7171
32.4995
25.2584
27.9451
29.6999
24.0930
35.2606
21.8571
30.0045
26.9078
31.4696
30.4427
23.0421
21.3092
32.4850
30.4819
26.8960
26.9376
31.8967
29.3255
31.0886
26.8864
26.0362
21.8015
27.4702
28.7064
35.7460
29.0763
28.2629
28.6587
29.9590
28.8687
26.6267
31.4595
28.3785
35.0799
32.1946
26.7127
36.9945
31.0170
24.7313
27.1435
31.5864
29.5685
29.5275
33.8516
22.5134
33.2925
32.8260
26.5833
31.5980
31.7696
31.5367
21.6627
30.8078
32.9552
29.7417
23.5419
32.8944
35.4275
25.7802
27.7619
24.1429
33.2440
31.8207
26.5408
30.8334
24.5276
17.8157
23.9063
34.0511
27.0807
29.5676
30.7219
35.5614
28.5350
29.4048
28.5160
28.6480
31.0947
30.3692
31.0341
29.6397
29.1476
29.4618
24.6303
24.9681
24.0967
33.2428
32.6255
24.8596
23.6061
23.7347
31.7835
35.7887
30.7404
25.1440
23.4669
40.2939
30.4576
36.4799
28.6235
28.8730
33.1793
29.6125
29.9983
26.1961
24.1846
28.9265
28.7979
31.2281
29.2099
29.9705
30.6309
27.1765
34.2801
28.9585
30.4068
31.1564
33.0789
28.3071
31.4696
25.2474
30.4384
34.3223
24.2775
30.2560
29.3358
31.7940
33.0098
34.6456
31.9005
29.2506
29.4074
28.4362
25.9038
30.0282
32.1581
31.0334
27.9286
28.1857
36.4972
27.8699
30.8971
30.5276
24.9465
34.0812
27.0584
26.0669
29.1441
32.5423
28.9325
25.8197
26.7089
24.4596
28.7155
29.1677
27.3649
28.2037
33.3840
29.1015
27.3260
29.5570
26.8505
28.6216
35.5955
30.4137
24.6323
25.7767
34.3912
26.6550
29.2657
36.2814
29.8300
32.2024
38.3748
29.7639
31.0348
34.3248
33.8322
33.4133
34.7778
27.9207
32.0509
31.6996
27.7327
30.3338
29.5509
28.8036
31.2217
26.5637
32.3503
23.9561
25.6044
31.2139
26.7278
23.9439
29.5563
29.5150
28.7265
29.3418
31.3493
28.6291
28.1337
32.6217
31.1803
27.8735
27.7760
25.1391
35.0343
28.8203
26.3516
32.5554
30.0576
30.9013
32.2826
30.3446
26.6108
27.9148
24.0221
29.2453
33.7894
29.3886
31.7091
32.3416
26.8574
26.8177
20.7196
29.4040
31.0289
21.6035
27.6111
27.9136
36.5455
31.7106
32.7627
32.8719
23.9043
32.0304
25.5262
32.3024
25.3351
29.8511
36.0907
29.9234
30.7898
27.5067
35.7889
33.4556
29.6300
29.7633
31.4020
29.4785
27.5228
33.8492
29.0143
27.0477
28.9742
33.8893
27.3111
35.5618
28.4461
34.4199
30.5561
24.2767
24.3539
26.1582
31.7712
35.2390
25.7062
28.1260
23.8496
32.3720
32.6111
29.6721
28.7283
29.7842
36.6894
28.1798
26.2488
25.3491
27.9451
27.2158
25.7228
27.0497
27.3541
25.6298
33.5925
29.5964
28.4032
24.2813
26.4492
29.3434
31.1489
39.8794
31.7356
30.8837
29.2912
35.3664
31.7406
26.7410
35.2105
27.6295
31.7876
33.5071
22.7229
28.8742
33.0810
28.9015
23.5217
30.3394
28.4252
27.6060
27.3197
27.3787
24.2104
28.5301
26.3048
29.2953
37.7595
36.3190
30.5394
34.8170
28.8906
32.8829
32.7566
33.9426
30.7518
28.5294
29.1561
29.5347
23.4020
34.5853
30.8770
35.5287
34.6849
35.2754
22.1334
24.3804
29.7154
33.0499
28.3315
27.0942
30.7096
31.9240
30.7766
32.1742
30.4082
31.4883
32.8344
28.9401
33.0782
26.9515
23.0387
29.6161
30.1831
24.6799
33.0323
27.7564
25.1576
31.0535
25.0518
25.0200
36.2672
35.5702
32.3771
31.2167
20.8288
29.4790
32.7716
25.5759
32.5408
25.6855
26.4172
27.4431
25.0823
26.4612
30.6451
32.8804
31.3699
34.1669
25.1909
24.3458
23.6795
32.9427
28.7708
29.4053
26.4449
26.2710
28.8599
30.7286
27.3091
30.1966
26.0602
22.8217
34.5981
30.1278
30.4406
34.7979
31.4113
26.5922
30.0043
27.7660
25.4798
26.5845
33.2961
28.0732
29.3427
30.5629
30.7949
33.8353
28.7920
29.0765
28.0008
24.8223
25.1734
26.0633
29.0033
31.5629
31.6495
32.7275
28.5527
28.4969
35.6305
27.6289
30.6350
20.0977
29.5361
29.3778
29.0968
28.6740
36.8806
29.0032
35.3333
19.5830
30.2507
23.8792
28.5391
30.2417
29.2386
24.1044
25.7609
31.7407
26.2597
27.6243
33.6807
27.0411
32.9458
28.5074
30.6822
21.7035
21.2646
30.6556
26.2320
21.0840
30.5369
28.1911
32.0249
35.0719
35.7818
31.4753
27.6899
22.9072
29.4850
34.1142
34.0122
28.9988
29.9836
32.7811
26.6379
26.8319
34.9566
29.3003
33.9090
36.3226
31.6573
24.3939
25.3027
28.4713
28.2890
32.1540
29.4830
26.8990
32.8296
29.7162
31.6618
28.8418
34.1372
33.5934
32.2442
37.7271
25.7839
28.9441
28.0787
26.4862
31.6527
26.6026
32.4266
23.3165
29.6275
31.1965
30.0600
25.7350
32.9531
40.2902
33.7369
24.8247
28.0414
24.7276
29.8808
30.7920
30.3746
26.0596
31.3265
29.2589
26.7574
26.7368
29.1951
31.2738
23.7410
25.6696
23.8521
27.5724
29.2261
30.8227
29.8011
31.0569
25.3093
22.7632
26.0253
24.0885
27.3357
26.6067
31.6736
24.5712
28.6736
32.0435
23.9250
28.1812
32.6326
27.6702
30.3353
26.1651
26.4756
28.5959
30.6364
34.3706
33.9983
33.2116
26.6324
24.0794
23.3410
28.4036
30.5408
27.6437
27.2717
25.2023
27.7840
25.6389
30.4367
28.5436
25.9261
28.5775
24.3127
23.9216
30.3024
30.2843
32.0608
26.8139
22.5349
24.6183
24.7034
26.3182
26.5426
21.2409
27.0554
27.4994
26.5023
29.2993
30.8836
27.4667
30.3453
35.0812
27.5195
31.1658
28.8453
30.9976
29.1629
31.8372
28.5539
35.2318
32.9820
31.2392
32.2990
35.4488
35.0867
34.0775
24.1767
28.4225
31.1442
30.1345
27.6435
29.8265
25.3994
31.4254
30.7085
30.8779
33.9459
28.5774
26.4857
32.5693
29.5651
36.0757
27.4168
26.6711
26.9744
22.9959
22.8644
25.9653
28.5199
20.2346
23.2500
31.2987
38.6968
29.2637
27.3028
28.3659
27.5274
29.7569
31.5965
27.5101
31.8126
24.7569
33.4227
25.9974
34.4963
26.4908
27.9027
33.7381
30.1853
28.3540
30.4108
29.5033
24.5878
34.0661
29.8775
26.2148
23.4403
31.8184
25.9371
30.8369
27.2717
29.5748
25.7823
30.4441
25.6089
26.3837
25.7568
30.9495
31.2051
25.0081
28.5605
28.5956
29.6826
22.7365
25.3243
22.4506
31.8968
30.0019
24.5163
28.0805
26.8842
32.5486
32.8626
26.7705
25.9509
29.5275
29.1805
32.2621
27.3126
24.4223
25.4080
28.9557
35.8323
37.2421
27.7992
29.1019
25.1060
27.8556
29.1348
28.3513
31.5918
30.7657
24.3430
32.5472
31.0782
30.3641
23.9005
26.2688
28.5900
27.4905
30.3776
32.4178
29.5857
28.5110
29.4374
23.8375
39.1474
28.3201
29.7685
33.9831
33.2318
36.5619
19.4917
25.0700
24.3661
25.2495
30.4365
26.6054
27.4325
27.1101
36.7505
26.8727
29.7860
29.4314
30.4338
32.3492
34.2031
26.4964
25.9306
35.3649
32.3782
27.9523
30.5824
24.3214
26.2490
27.5606
27.1431
30.2470
31.8146
32.5350
33.3453
26.7947
30.3823
31.8489
23.3918
29.9616
29.5217
24.1641
27.8374
29.2544
32.2053
34.9127
30.8414
30.2181
23.5024
31.8517
28.2459
32.9323
29.9750
25.4957
33.6188
32.8871
31.8965
32.9453
36.1342
28.0608
29.0011
31.2346
30.8533
23.8987
39.2105
31.7849
28.3421
26.2571
27.3333
27.9583
29.9130
32.2174
25.0089
33.5543
30.9633
25.5444
25.2208
28.4198
25.6807
34.1936
30.8567
28.0923
33.1539
25.9954
24.9722
24.3792
23.6780
25.5521
28.8750
34.1956
28.4918
25.5869
33.5098
31.0430
35.9652
33.1505
29.5944
28.9226
35.8847
23.4671
27.5182
21.7094
29.5161
23.0345
25.5839
29.3108
30.9602
26.1086
22.5791
24.6099
29.8353
34.1932
33.6285
25.3585
26.1053
24.3149
29.6286
28.5875
29.9193
33.5712
30.8290
35.4868
33.6049
25.1628
30.4897
30.6617
32.3493
30.8574
36.7312
29.2251
25.4472
30.3368
34.8866
28.5984
33.8838
27.3274
27.7593
25.9604
32.9883
34.4865
31.1336
28.1661
30.1557
33.8827
37.1929
30.9096
33.5990
38.3546
26.7733
25.4951
25.3394
28.9027
38.0239
27.9430
26.8234
21.4381
27.6309
29.0990
26.8328
34.9350
25.4622
28.6788
31.3624
29.7911
26.4880
26.8321
24.8938
26.6529
34.4044
32.8349
26.4918
30.6175
31.7043
34.3076
28.3808
25.1664
27.1688
28.2315
27.6110
30.6165
26.6263
31.1355
32.9709
35.4016
26.9184
34.3924
28.7488
32.0073
25.1633
28.0654
33.4280
32.6328
33.0133
32.3834
31.8567
28.7742
32.2704
30.1813
27.6483
25.8666
35.7731
29.3377
27.4825
32.9743
28.7820
30.5950
34.4135
32.0804
28.4366
34.5538
27.7611
23.9868
30.2996
31.1367
27.1818
33.6797
26.9508
30.0707
33.8900
28.2502
34.0982
34.7179
32.1306
26.2037
25.2562
30.7346
27.8180
36.0590
36.7568
25.7737
25.2140
30.5876
30.8169
26.8488
22.3352
27.4245
28.5337
29.3677
31.2894
26.0475
25.0743
33.8513
27.7764
25.3452
30.0767
28.3901
32.8633
31.0873
34.5681
24.5017
27.8434
32.1606
25.1569
32.0209
27.8999
28.3612
30.2803
26.9343
25.3723
34.8676
25.5335
27.3301
27.8102
36.8177
28.6190
22.7935
22.9296
26.9888
30.1743
31.6527
28.9817
23.3227
31.5630
22.2485
30.4477
29.7513
31.3573
30.6057
29.2397
26.4820
30.2521
28.5674
30.5334
22.1210
29.2401
32.6019
27.3672
27.4554
27.9302
25.0660
25.7824
35.9230
25.4622
28.4757
36.4803
36.9067
28.0636
30.5029
27.8679
26.6593
28.3801
24.4896
22.9758
29.0420
26.0915
23.7419
25.8349
28.5657
35.5912
32.4838
30.4834
35.9183
24.4188
36.5339
33.0755
34.9660
29.7976
34.5203
27.6298
29.1202
30.9283
34.4458
28.0470
34.6287
32.0044
32.8497
31.9272
32.5916
31.4963
28.6346
28.4080
25.3051
31.2413
30.0478
34.7474
32.1213
28.2506
31.9627
31.8459
29.5685
28.8656
34.0249
27.1256
29.5866
25.5596
28.6969
25.7070
30.8032
30.5212
32.1852
30.2958
29.2320
32.6503
29.0133
32.5815
31.9515
33.1218
31.9914
35.2834
32.8305
28.6861
31.0744
28.2144
29.6140
27.8517
23.7943
32.4470
30.2139
32.0160
24.2597
31.9001
26.1167
30.3982
31.6909
30.0681
36.1859
26.9271
28.1089
29.1965
28.1366
29.3176
28.6421
26.5791
30.4404
34.4991
34.4460
26.1713
28.8642
29.0861
25.7665
28.6184
30.1658
28.4840
25.9623
28.2616
32.4207
34.6476
24.1217
30.0228
26.8470
24.1900
34.6073
26.1461
28.0544
33.2522
33.5467
25.7813
31.5963
32.2193
27.6435
33.0866
24.6528
26.7952
29.3545
22.7411
30.7734
30.5215
30.7544
31.8225
33.0832
28.4395
28.9324
28.2541
24.4163
20.9160
28.6246
31.9686
35.3903
28.2908
30.1986
29.2740
30.6667
26.9805
27.1281
28.8893
31.2806
27.9780
30.3735
30.0154
35.4504
30.9758
24.8740
27.8513
31.2077
33.0388
27.7289
32.3141
30.6965
32.3668
33.3900
30.1181
27.3432
35.2284
31.4044
29.2938
35.1025
28.2656
31.2229
22.1243
33.8080
28.5843
28.4329
23.8493
27.1025
22.7249
30.6200
30.4122
28.1038
33.3600
25.8116
29.3481
25.2467
33.4325
30.8864
31.4256
24.4873
23.0842
26.4906
27.9180
25.2283
32.5033
31.9685
30.8760
31.6559
32.4571
25.4544
31.8165
25.7368
22.3530
31.9658
30.5200
31.4264
27.1251
32.8969
27.1409
35.5665
27.9212
34.5879
29.1387
26.6519
30.3352
28.1156
27.3084
29.7180
36.7972
26.8596
30.6289
37.2996
29.0191
31.7787
33.4954
33.2891
27.9841
33.4942
23.1198
26.0500
31.5761
27.0751
26.8776
28.3199
28.2985
27.8941
27.2461
30.6907
31.5159
31.3526
24.0665
32.7308
37.0020
30.0126
27.2256
30.1593
25.9306
27.4129
27.2218
32.4451
25.5349
28.8241
28.3753
24.6477
24.0864
28.8106
27.9418
29.9434
32.3299
24.4945
28.6164
28.6918
28.1199
33.9315
31.2349
30.5999
30.7956
25.9159
32.1560
29.2870
31.4157
28.4422
30.9117
31.7836
35.1228
27.0509
26.5243
29.5907
26.3349
27.4502
31.3336
30.9606
25.2328
25.2094
29.3830
28.4918
34.1751
27.2946
30.1667
23.5399
30.9498
30.4931
30.7720
30.5603
30.8457
33.2791
27.8141
24.5911
29.4446
25.5671
31.2861
26.1342
29.0190
32.8138
30.5263
38.3372
38.7367
31.7265
28.3930
26.2518
28.8393
31.1474
27.1416
27.5115
33.4348
30.4085
35.0688
21.4016
27.2752
24.0532
27.4808
25.5951
28.7704
25.4834
28.8927
24.4469
26.0737
30.7088
27.2554
32.1714
30.7393
27.3284
29.0391
29.7202
31.4205
37.0977
26.9712
26.2498
28.0834
36.4086
29.5556
31.2470
29.5739
32.4325
33.6878
28.2347
33.2580
29.6316
27.3572
36.3873
31.2062
29.7054
30.2746
28.3861
26.8453
30.2237
27.3731
30.6709
34.4265
34.3127
24.5557
23.3747
25.5704
38.1116
29.7024
27.6077
30.6730
30.7651
25.4372
30.7992
34.0055
27.7231
25.8030
29.2725
33.7568
30.3466
26.2504
35.3665
24.1278
26.1783
29.6757
26.0160
29.5242
29.1330
25.6206
29.4160
26.6241
33.1411
30.9784
29.8759
35.2337
28.9588
26.5411
23.2561
28.3111
26.9497
28.3518
22.6169
27.0365
24.3644
31.3180
35.8326
33.0108
35.4844
31.6736
30.3558
40.4114
34.9684
28.8607
24.1462
21.2430
24.4107
27.8285
32.6365
22.4017
23.7034
28.0934
26.2432
30.0039
26.2821
37.6013
28.3663
29.8037
27.0936
28.4841
36.3627
31.1989
24.2173
30.4842
31.0438
26.2188
28.9083
31.6766
30.7369
32.3999
29.7350
28.1323
29.1835
30.9262
29.2253
26.9442
33.3009
29.1123
28.1779
28.0504
29.3750
30.6467
33.2831
22.1518
30.0017
25.7496
32.7700
29.9463
36.2553
31.3434
30.8427
25.5799
24.4134
30.3963
26.6845
24.7812
27.9348
28.2660
35.7572
35.0347
33.6470
30.5205
30.4937
28.0825
27.5640
33.3757
24.2102
35.8638
30.9316
29.1535
30.6060
30.9441
31.8608
27.2100
32.5688
28.2052
30.0122
24.3762
34.8263
27.8982
29.6365
32.8073
25.5408
34.0750
31.6381
36.1308
25.7654
31.1937
29.2731
34.4307
26.9126
31.9761
30.8429
27.0642
26.1195
32.4671
28.0995
27.6965
32.7253
27.8040
36.8021
30.5468
34.8972
26.2426
22.5113
22.0552
33.1607
30.9266
34.0561
29.0605
33.9193
28.7355
32.0662
31.4188
34.9156
22.8198
34.3598
28.2374
26.8460
30.5371
27.7291
34.0098
34.9107
30.4336
32.0439
28.9162
31.9449
31.2020
26.9101
30.1550
28.7692
26.9258
31.2200
26.9335
26.1740
25.9289
30.0161
21.6405
31.1540
23.7789
27.3810
25.9990
27.8323
26.5513
27.5987
31.7915
31.1676
27.9225
25.0890
26.4431
30.6099
31.6158
25.6606
28.5536
30.8599
29.5771
28.6995
33.1259
26.5932
29.8574
25.3186
29.0470
34.8960
36.7111
29.7400
32.1616
22.3036
25.8071
31.5109
31.7145
28.9426
23.3191
24.4794
23.6145
24.2979
30.3359
31.8039
25.1459
29.0021
26.6172
28.2775
27.8405
26.1982
29.6685
27.2000
25.8795
28.8602
28.2160
31.3783
30.9694
29.4323
24.6793
26.6860
31.1163
29.5352
27.7609
28.9937
21.0143
31.0881
34.5832
25.9955
30.5589
28.7992
24.2293
32.9050
29.6137
27.3717
31.6517
26.7386
28.6745
31.1356
34.9605
30.2011
21.8796
33.0432
24.9306
35.1883
29.7011
28.0302
35.4706
35.4729
29.8280
26.8143
33.2180
34.4026
27.2680
34.7891
30.1264
22.1122
36.9366
30.6180
32.9021
26.6756
27.6422
25.8227
27.1659
28.1243
30.7049
30.9474
28.3021
28.1156
27.3858
22.4082
29.1456
28.3776
23.8231
24.5903
33.1720
33.3644
32.3111
32.9773
24.6787
31.3894
31.7796
27.0790
29.0781
28.1675
28.8517
29.3636
37.3919
32.3455
36.1094
27.5543
22.1464
30.0477
28.9317
28.6035
35.9281
27.6451
26.3757
31.6527
33.8677
28.7318
23.2574
27.7271
33.0590
31.5036
29.7109
29.2551
29.3259
23.9743
27.3225
33.9144
29.6870
26.8106
31.4259
31.3781
26.9920
26.6720
26.1621
28.8428
28.5635
25.3291
24.2165
24.1710
27.3006
33.9052
29.5957
23.5888
27.1034
29.1627
34.9638
32.4633
29.4534
35.4172
35.0584
27.1786
23.9632
28.8957
30.9915
35.0661
29.2479
28.6869
32.6182
32.7389
22.2086
27.6999
28.9488
23.1845
30.5021
28.4669
31.3653
21.9162
23.6008
28.0029
23.4607
31.8824
26.7832
32.3445
31.9743
28.0780
28.1473
31.3735
32.0332
32.9681
27.4652
33.1539
31.5713
23.5238
26.7464
27.6411
28.3370
30.0301
32.2494
30.4356
23.2109
30.5114
25.5681
28.3608
24.3588
35.4675
23.1322
28.8007
28.5580
28.1164
34.5056
31.2263
30.2476
29.9663
29.5938
25.6193
25.6292
26.8902
21.6974
34.1445
28.2478
32.1915
31.3924
32.7328
31.2006
35.4088
35.1338
28.1619
29.4062
26.1953
30.8690
32.3386
34.3784
25.9541
31.3215
31.5549
29.7332
22.7285
23.4611
30.9400
25.3121
27.6293
28.7088
37.5667
36.5388
38.4651
29.7817
29.0786
28.2359
32.4544
24.3482
32.1285
26.8708
25.5564
22.4478
28.7474
28.0700
35.1585
28.1534
26.8803
28.6337
26.9730
27.0056
32.1958
32.9076
32.2744
24.0307
27.7488
26.6523
27.5665
31.7168
23.1520
23.3156
25.0921
28.3166
34.4659
25.9785
33.6808
31.1168
27.5261
26.9844
33.0012
29.4676
35.4933
28.7120
33.3242
29.0590
29.9865
30.6393
38.0214
23.8071
27.6687
24.9714
33.8090
28.5810
28.0407
34.1436
32.0280
32.2692
31.1753
27.9614
27.4253
29.4750
27.9952
33.2509
27.8394
32.8207
30.2022
33.1820
31.8216
26.7487
30.8778
28.9670
28.3527
28.4383
31.3177
30.1545
26.3537
25.6372
24.1703
32.5297
30.1757
32.7579
25.6923
29.5421
28.7176
27.5357
30.1803
30.4755
29.5676
28.5376
22.4732
30.7732
35.6126
26.2234
27.9097
28.3208
31.3222
26.0594
32.5770
30.4054
34.5269
25.0431
29.5888
24.9988
33.8507
31.4125
30.2532
32.5574
24.2105
35.1940
29.2889
28.1207
28.8211
25.9037
27.6844
33.6151
24.2841
19.7395
34.5732
32.0747
30.4407
31.1330
32.2052
33.1726
34.4553
26.5921
33.5671
28.2989
33.5962
34.2338
28.5436
26.9368
30.2543
29.5273
27.0105
29.2734
32.1551
26.8473
30.7449
32.6448
29.5110
28.2948
28.5019
24.4142
32.9375
33.2241
30.5065
25.6579
31.6964
34.9034
27.0266
30.7289
29.9419
27.8100
25.3729
26.8450
30.7623
30.8765
28.1308
33.0605
29.2376
30.5103
29.4223
28.8553
27.8891
30.1400
32.5018
20.1444
28.6446
32.3976
33.1945
34.9378
25.4120
22.1828
24.2824
27.8089
33.8497
31.3993
24.2633
27.4029
28.4409
33.2705
27.2326
24.0733
31.3964
27.7660
25.6258
26.8335
27.7690
30.9232
31.8100
31.1496
28.4067
28.9576
34.2754
35.9046
23.5576
27.6991
33.8060
35.0753
28.7453
30.4287
28.6934
36.7245
28.3699
23.2625
28.3450
36.5151
33.4935
34.1365
34.7977
27.2435
27.3332
29.2115
23.2282
30.8143
26.9478
27.6011
26.1853
28.9938
31.4078
31.5974
31.4421
30.6938
23.8317
26.9252
32.8871
23.4006
31.8119
27.0919
29.1923
29.1635
30.5892
22.8935
26.1312
30.3788
28.0088
27.6024
33.2279
33.6899
27.2052
24.6792
31.1173
36.0271
33.9372
37.9422
27.7217
30.7522
25.3454
29.5980
34.4617
32.3579
29.5988
29.5591
29.1651
31.0219
20.2002
28.8618
24.6672
26.7709
31.5967
38.1894
26.5781
26.1467
24.2847
26.8820
29.5108
24.0853
32.0325
32.2923
27.5018
32.2712
32.3087
33.2639
30.1601
26.7152
32.0601
24.8839
35.5331
30.5298
33.6928
32.1255
26.7413
27.4788
35.8735
37.8783
27.7454
29.1587
30.1059
29.7052
22.8361
22.4408
28.6078
24.9501
29.8480
21.2066
29.6992
29.8530
27.2250
28.0765
31.9244
31.9236
27.4236
20.7652
36.3414
26.1546
25.9804
25.5986
33.0375
30.5084
26.7557
31.0214
34.3322
31.2599
30.1614
33.6761
28.0774
28.8478
30.0008
30.6624
28.8714
24.3404
30.1470
29.6637
30.3761
26.5737
30.9266
30.3704
32.9827
29.0937
31.9411
29.9042
29.4094
34.1536
27.2807
29.4480
22.2456
27.0579
29.7459
33.1173
29.0035
25.8831
31.4939
26.7042
25.4743
32.0324
28.1636
24.8010
33.2270
28.2681
31.7985
25.4899
26.9692
27.7375
29.1225
26.6323
36.8385
30.4935
35.4103
29.1630
32.1228
30.6248
29.2117
30.0987
28.1688
29.1949
28.8753
27.8924
34.9071
26.2660
26.3147
32.4098
25.3778
23.3436
24.9857
33.6651
25.1151
31.5864
33.2353
23.9139
28.1835
30.2488
29.2850
25.3485
29.7743
32.1192
29.2206
34.5803
36.5418
25.8882
30.2670
22.7490
35.7932
26.9172
25.0009
31.5337
30.7594
26.8399
28.4930
25.1076
34.3920
29.8368
31.3424
33.8735
24.8568
27.2678
26.3243
28.3865
21.6226
29.6271
24.1000
26.8028
33.8670
25.3311
34.1711
28.9406
30.4308
27.1617
29.6638
25.4487
32.2871
22.0391
30.5365
31.4777
33.4211
26.8568
28.5749
30.1526
24.0733
34.5339
28.1777
32.0314
32.3098
34.5615
29.3869
25.1483
32.3995
32.8420
31.5086
30.2656
31.7049
32.6655
30.5456
25.9701
24.4605
34.8299
33.2320
31.4333
25.4090
28.4799
37.6783
32.3698
27.5710
34.0962
29.7848
27.6444
31.2454
24.7262
26.5506
30.7187
29.0511
34.8176
31.1553
22.2852
26.2523
26.1686
28.8976
30.1774
32.8333
26.5045
30.7429
31.8778
26.8371
24.4996
26.3429
29.2609
24.0345
29.9332
32.9346
26.4343
34.7571
31.2449
31.8003
27.9361
32.5006
27.9785
32.1415
35.1446
30.1356
23.0709
32.3352
23.9797
28.2964
29.9021
30.3704
32.1888
36.9114
25.8751
28.9488
27.1534
31.7928
29.7904
26.1470
37.1410
