23.8106
31.0502
22.0201
26.3348
18.7342
32.5196
25.9083
17.0795
23.0990
29.0864
18.1945
23.8220
22.8304
23.4696
24.8111
28.9319
21.3411
27.5949
32.0788
28.4941
21.2913
20.4981
19.3268
25.0804
25.8193
19.0136
17.5722
20.4853
17.5217
25.2572
19.1693
17.6464
33.1767
26.6503
22.7059
22.2933
23.2188
20.4030
19.5226
22.6530
15.6724
17.0421
22.6748
21.8355
18.4112
21.9329
26.0917
18.5473
19.1824
24.5745
21.3349
25.2123
28.2764
31.8729
26.2203
22.1698
29.5591
24.1309
19.2681
21.9605
34.5131
16.9516
24.9193
19.3373
18.9079
16.8361
21.2572
27.3320
15.8351
23.1711
24.2891
22.6454
16.2293
18.8703
18.7066
24.6596
16.9624
21.8336
19.0035
25.5590
22.8176
28.7595
22.1971
23.1799
30.3974
22.7067
25.0803
19.5901
19.1922
20.4759
29.3066
29.1628
20.4070
22.4354
19.7028
21.6647
18.4486
22.2401
27.6377
19.8739
20.8610
22.5324
29.6564
23.7792
27.4295
19.5067
24.3839
22.4236
21.1465
20.4930
22.5151
29.4345
20.6403
23.2774
23.9875
17.7289
22.8849
21.0110
19.7283
26.8846
27.1301
23.6925
31.0806
20.5512
22.3654
21.3554
21.8325
19.9251
25.8350
20.2982
20.9985
18.5224
20.9414
25.8053
19.1989
33.1615
18.3576
23.1837
18.5575
30.7978
20.2703
22.8123
18.9371
24.0728
27.2680
18.9095
27.8501
22.9460
29.7386
19.3580
18.7311
30.7962
22.1091
28.2388
18.1854
23.9613
17.2323
23.1836
17.0013
29.1051
24.6453
15.4858
21.7370
35.7762
24.9538
22.3704
16.9085
14.6127
26.1573
32.8822
26.8064
17.1040
28.8663
16.3751
26.8602
21.1506
29.4198
20.2270
28.4460
20.1123
18.8318
22.6988
19.9663
18.1895
25.3195
20.9281
24.0577
15.2431
24.9010
21.5306
22.0446
24.8116
20.6590
24.4488
16.1606
20.5777
18.8988
23.0531
19.7933
18.4715
19.9739
28.4495
18.4223
21.1132
16.9929
15.3342
25.0991
19.5532
23.9426
16.5707
22.6886
33.2672
24.1690
16.7697
21.4535
15.8534
24.7642
19.4733
25.8051
28.7934
16.6260
18.8482
30.2245
25.6349
30.6643
22.8282
20.5187
27.9321
25.9458
17.5280
26.7069
21.2089
29.0487
17.3500
23.7834
20.6020
22.7262
20.4250
34.2014
27.3631
15.7945
29.7540
21.9804
27.6873
21.5329
18.9211
24.6799
26.6237
26.7003
20.6477
17.7322
22.0039
24.9889
25.6533
28.3057
27.5295
25.4548
25.0054
19.2437
22.1915
21.9086
26.9959
18.4081
26.6082
17.3287
25.6092
22.0264
21.9285
19.1704
23.9776
23.5859
22.8358
22.5911
22.2729
22.6653
18.2938
24.3843
20.3317
20.0907
26.3664
20.2123
21.9816
23.5636
19.6138
19.1375
17.1001
30.0247
16.6831
22.1255
24.2027
19.1141
14.9520
23.5696
23.0978
21.7592
17.0442
19.8852
29.5205
21.6769
19.2105
20.9101
27.7246
23.1674
33.2378
22.7652
24.5356
21.7547
33.0978
21.7319
15.5378
18.2901
18.1502
27.2494
19.7150
28.7520
19.5205
31.0670
28.5579
22.6532
15.9835
20.0104
20.1187
24.1923
26.5584
22.5975
20.5239
22.0568
24.1604
24.2215
18.4612
27.0116
19.7335
26.9030
21.3702
21.9735
18.5972
17.6389
24.1359
24.8707
25.9055
27.5076
22.9523
24.6143
26.8569
27.6720
18.9188
21.6434
20.5783
26.8608
27.8185
25.7912
30.2223
23.0238
19.6489
25.5207
17.4872
19.8808
19.7696
20.7955
26.8969
19.2317
20.2449
17.8940
23.0766
28.3554
19.8615
18.1439
16.4436
27.7900
18.7838
22.8931
20.6796
26.2101
24.0282
26.7433
24.8033
24.1056
25.9644
18.9593
27.1966
26.4690
26.8843
27.9120
20.8240
23.7704
25.4756
24.0260
23.1070
22.8542
29.9922
20.6773
19.9660
22.9286
31.5685
21.1700
20.8197
23.9968
16.2054
26.9230
18.6317
17.5361
21.4255
31.7350
20.6470
31.2428
28.6099
28.8078
29.2772
19.4230
23.8247
20.4378
28.5483
22.0521
20.1160
25.2339
17.1737
22.3654
22.1929
28.8470
20.9107
28.5872
29.0929
32.5647
25.0248
18.0525
27.5111
22.6927
28.6328
19.6523
23.2466
21.9835
21.8442
25.3264
27.7024
21.7252
22.2033
23.6399
26.6746
20.7860
33.9699
21.4361
24.4338
19.1297
24.5774
19.8090
30.0156
24.1357
24.8016
16.0507
20.8297
26.6380
23.8094
31.6196
18.4532
25.2131
15.5944
21.5138
19.0391
21.0494
18.8608
30.8100
20.2912
28.2140
21.1809
15.2199
19.8863
25.6878
22.9444
23.7443
22.7254
28.1724
21.9558
26.5884
19.2505
23.3999
17.6093
20.7645
26.2960
18.8580
24.0322
18.7573
28.7571
29.9599
23.8752
26.9124
24.3744
17.8061
22.3903
25.6535
20.2980
24.0196
24.5258
22.8021
23.0744
26.2117
25.3563
21.8154
23.3753
23.0010
28.8267
28.1975
16.9436
26.2915
20.9593
23.0818
24.9281
25.5565
25.9979
17.5959
22.7149
23.1958
25.0855
27.6157
22.3687
18.6272
21.4026
17.6424
34.3145
23.8249
22.6289
15.8628
28.1597
21.3926
26.3835
26.6438
30.8617
28.9599
33.8816
29.0615
23.3245
21.3268
29.4045
18.9712
19.2286
28.2569
27.5937
31.0605
22.1222
17.7246
25.1540
25.9180
22.1634
20.1968
16.1322
20.1638
23.6884
19.4183
17.7399
34.9222
18.8246
24.4786
20.6632
31.0408
31.1502
21.9258
17.5453
23.2504
21.7382
25.7602
24.8176
27.5962
27.4030
26.7851
20.3654
26.5289
23.2935
26.9598
20.7240
17.7444
18.9412
22.0279
22.5541
27.2727
18.5534
28.0355
29.9905
22.9765
26.6100
29.1673
25.8597
33.4660
16.9727
20.7543
27.6154
19.4354
18.9488
16.5925
19.5008
18.3547
21.8632
18.5237
21.3835
30.3411
24.0490
24.9682
18.4013
16.8573
25.8845
22.3675
22.3482
25.0823
21.4954
21.7936
18.9887
22.4784
17.9384
18.5859
19.5167
19.3041
25.4257
17.4990
23.6931
19.1069
19.4044
23.7273
26.3592
27.0033
23.7569
20.7876
20.9254
17.6121
18.6794
21.5457
27.9170
22.3120
22.4764
24.4717
34.3993
25.1822
19.8626
23.2775
21.7706
20.3691
23.5476
25.7932
21.7893
22.7907
26.8382
26.9775
29.1402
22.5250
24.3318
18.7932
25.5994
31.2297
20.1988
29.4739
25.0379
28.1803
30.2214
17.1315
27.3981
25.8075
26.6664
25.5132
18.7431
20.2633
19.7390
23.3513
27.6580
19.5404
22.3033
19.0980
20.1649
25.0517
19.9289
19.5876
22.2926
26.1091
22.3245
22.4023
24.1567
21.8200
17.9988
16.8606
20.8743
18.9145
23.0612
30.9101
27.1629
21.7622
17.9089
22.8992
27.4477
19.2230
31.8429
20.8004
20.0567
23.1026
23.3527
24.2100
19.0952
25.3096
21.8333
24.7715
22.5876
19.3930
18.6068
23.5956
25.8716
18.2854
23.8808
18.9786
22.5295
24.7863
23.7606
22.1049
29.2095
23.2492
23.9713
24.4813
29.6527
28.0592
28.1656
24.4160
24.9606
22.8867
17.7262
23.0351
29.0102
24.7365
25.8235
23.0331
16.6614
19.7601
24.6601
24.7650
19.2784
19.2476
19.0665
21.2594
26.3919
22.0202
33.3269
18.8443
20.7766
19.3282
33.0947
17.0619
14.9762
19.2646
32.3216
24.7560
23.1025
24.5135
26.5397
18.5669
26.2821
25.2254
29.3869
21.3776
23.6467
22.5476
18.2015
25.7139
18.7569
25.0848
28.4262
21.9088
23.5382
28.1970
18.7319
21.0434
26.0699
19.6506
24.3875
18.1199
28.7699
28.3035
28.6814
31.0257
27.5159
16.3413
20.6348
26.2160
27.3976
28.5214
27.9320
20.9208
27.0920
25.8398
19.0622
22.3732
24.9351
31.2905
20.5710
19.3145
22.1092
19.0500
23.9358
20.1889
16.9235
20.2060
17.9173
20.3883
24.6498
30.4758
25.5003
24.9225
17.2164
26.3640
20.9615
16.1721
24.0249
19.9580
21.0752
23.8704
17.7877
21.9311
23.0940
21.8015
26.4814
27.8854
29.2716
29.0480
27.2974
26.4790
29.7489
30.0772
21.9123
21.1791
20.5710
31.5621
23.1033
26.3226
30.0708
24.6867
22.9608
28.4491
19.8943
18.2798
23.4687
24.5517
23.7283
19.5169
18.7046
25.5508
16.1381
27.7996
21.1536
22.5525
22.4975
18.3566
22.8059
22.6099
22.1372
26.6889
23.4948
22.9985
26.4738
31.7181
19.4897
19.0136
24.3370
31.9963
18.9297
22.6866
17.7478
17.6748
17.3125
25.1837
29.3186
27.4765
19.8196
28.9353
21.8857
20.2297
35.9239
20.2153
17.2056
27.6133
23.0433
30.0491
17.8972
27.9181
27.7816
23.6925
21.9443
24.8397
21.4879
19.2745
21.7168
24.2658
23.4533
19.9465
24.5768
29.5492
28.6043
28.5141
28.2093
19.0013
22.8171
24.5360
23.0185
34.2055
17.4482
21.8491
21.9154
21.9458
18.3563
29.7160
24.2015
23.8254
23.0518
20.3756
26.0260
15.7295
16.9163
26.6421
17.1873
24.7600
20.4715
19.6612
26.1776
30.7478
26.7824
19.0578
18.2648
17.7009
23.9850
25.5777
20.5100
18.9629
19.1999
27.9698
31.4190
26.5147
23.0309
18.7385
17.8294
17.6776
22.3848
18.4003
30.5305
24.5053
17.7832
18.6182
27.7570
20.4199
23.8374
23.7809
19.2414
20.9817
25.9413
23.5073
21.1341
14.5067
19.4882
22.5204
22.1324
32.8470
19.8619
20.7015
27.8794
21.9577
18.4070
20.6403
27.6994
16.5312
25.0751
30.8021
24.8142
21.2854
18.3348
30.4557
18.5224
21.5344
19.9524
23.8304
24.9841
24.7471
25.4591
25.5145
23.6687
25.4076
20.6126
23.8282
18.3660
18.6356
27.3215
23.4316
28.6857
24.7172
23.0949
24.1728
26.3443
33.8398
25.6830
27.6168
19.5959
19.1080
17.6646
30.3662
25.2745
15.7253
25.6633
28.6680
32.4739
26.2938
29.3012
19.3698
25.4108
25.9684
16.5891
26.2189
26.7239
25.5170
27.2901
24.4787
30.0488
21.7120
24.3103
24.3023
24.6749
27.9503
19.2663
19.6553
23.7138
20.3708
22.1396
17.8218
22.4872
16.8157
35.7302
20.3743
30.1573
29.2016
18.4675
22.5420
21.5295
31.7762
16.0091
18.2206
21.1154
18.9825
26.6949
26.2707
26.7637
29.2336
19.5128
18.5016
19.5139
29.5681
18.7457
32.9092
26.0823
25.5530
25.1762
27.1229
22.4571
25.7044
30.5007
20.2386
21.5268
17.6666
20.2106
27.9477
31.0000
20.0693
17.4828
20.3998
19.5310
27.3795
18.0461
28.9078
28.2838
23.0143
22.1155
22.7647
30.3417
22.3075
28.0365
25.1465
22.8534
31.6987
21.4058
20.3675
23.3103
19.0002
19.2849
22.8498
21.1353
24.3840
26.5362
27.5317
28.0218
25.6245
24.7052
23.7133
16.3071
18.1091
25.2584
20.3638
17.1156
18.7812
20.1361
20.0340
18.5951
24.7978
17.2776
29.2565
21.7773
15.7288
18.1931
22.2122
26.2349
18.5245
23.7602
23.7924
25.8429
24.3802
25.9199
27.3427
25.0712
21.8176
19.3261
22.5592
26.8991
19.2474
27.8689
25.2074
25.2422
30.2988
31.8476
16.5441
18.5508
25.2200
23.8548
22.1208
22.0151
23.4606
24.3630
19.3315
26.9244
21.3115
18.8463
29.8995
22.7348
20.6904
31.8396
23.8591
30.8407
17.0899
24.2963
20.5990
18.5424
20.7760
19.8537
18.9986
22.3017
29.2695
25.6780
18.8363
18.6759
23.8025
21.8327
19.4855
20.6908
26.0122
19.1733
22.7859
23.9839
23.9778
22.6176
19.2418
20.2200
24.3385
22.8271
27.7721
34.4898
25.3726
29.4130
29.2588
28.2118
22.5458
26.6844
32.3329
23.6634
26.2104
28.7016
26.2750
19.3575
24.0955
18.5838
21.1097
23.7101
22.4650
25.5739
19.9913
19.7279
22.2678
23.9833
21.9581
26.9979
23.3933
23.3505
16.4726
21.9675
24.8581
20.2679
24.4568
18.2991
27.6004
26.8863
23.8640
23.8357
18.4294
19.7861
20.4196
26.7286
20.2417
25.5490
28.7485
21.8567
28.6396
31.4743
18.2018
27.1507
15.3574
22.8957
18.5008
27.0383
27.5829
28.6377
28.8525
23.0548
22.8709
17.3187
29.8994
21.3591
22.1721
34.9366
30.9117
24.6458
19.0818
24.1749
30.7018
26.2915
19.0804
22.6860
27.0925
25.7648
18.4838
28.8572
18.3889
26.8645
25.2270
21.6859
17.0872
21.0591
18.8786
32.9782
25.8574
20.6011
16.0640
20.3052
25.4793
17.8763
18.3431
21.1432
26.8244
26.5174
19.4615
21.6036
25.2141
26.6495
23.8814
24.0379
21.8189
20.9926
21.0893
19.5406
17.6827
20.1116
26.4825
30.8208
28.3208
22.9830
22.3634
21.0802
22.0551
27.0918
19.0527
16.8533
28.4477
23.1112
24.1261
26.0454
22.8688
20.2485
20.6974
20.4689
27.0002
24.5481
25.2729
32.9001
26.4708
21.0085
21.3308
17.7258
26.8299
33.2169
24.6928
28.0084
23.2532
24.4690
25.9878
16.8487
28.7124
23.6953
23.2685
15.8961
23.4586
26.9966
16.1272
28.7479
25.8005
17.0317
14.5865
20.9174
18.8837
23.1210
28.6539
25.4422
27.3752
22.3180
22.1434
26.7224
29.0609
25.4181
22.4030
26.8966
20.4215
21.5032
30.2867
15.0400
22.1133
22.9724
20.0003
26.9076
23.3191
29.7639
18.6446
18.2094
24.2241
17.3331
18.2263
29.3289
20.6538
25.7758
24.3568
27.7952
25.4753
17.3943
21.4141
19.0860
20.7289
30.0672
21.4749
25.5768
23.1744
16.7245
24.4191
24.1253
28.0796
19.9691
22.8683
26.5468
17.6608
27.0161
28.2106
23.0185
31.8000
17.8168
21.0325
23.0652
19.1503
29.6302
32.4512
26.8726
21.5136
30.2961
27.4497
27.2759
33.1577
19.5797
27.4120
28.6058
17.3570
27.5692
20.8758
27.3397
27.3946
30.3272
17.6465
18.6356
22.0269
24.8609
20.0101
22.5995
28.8264
30.7864
22.0408
27.1364
26.2423
20.9178
21.2348
26.7856
29.3936
23.2602
21.5539
17.8140
28.5098
23.9831
15.7951
25.9374
22.1624
25.2178
24.4472
24.3048
28.1823
21.2146
25.9280
17.1261
22.6240
17.5073
25.3785
21.8773
18.7796
31.6191
17.8849
18.6219
24.6281
30.4116
19.6191
29.4427
25.0768
19.8301
22.0034
25.4994
25.6040
27.3315
17.5477
16.4715
24.7935
21.7171
26.8483
17.7129
19.8591
26.1655
24.6135
29.3115
18.1038
17.7632
18.1654
24.2276
30.1324
21.4050
17.2595
27.4689
27.6130
26.1613
24.3109
15.2461
34.1972
26.9437
25.2366
15.8808
20.8301
23.2154
23.2430
23.6463
32.2129
24.4043
32.8487
21.5311
18.9970
26.3719
24.7582
20.2632
21.3954
17.5854
25.7158
21.4452
27.0462
20.7830
20.6250
18.2380
28.5766
23.8602
18.9454
32.7096
26.6865
32.2743
22.0360
23.8789
26.0379
23.8408
21.9792
22.0521
19.0231
30.1322
22.3445
28.0680
22.6469
29.7929
22.9936
30.8999
22.9733
20.6580
22.0372
21.8139
28.7191
19.1791
26.2544
16.5943
27.4796
28.9462
19.5170
19.5932
24.8730
28.1787
20.1784
17.3520
23.9116
21.9491
18.4548
27.7758
17.9323
29.7896
22.4389
19.1297
24.1984
26.1621
17.8558
17.1021
24.3003
18.5998
24.4950
29.3550
26.2469
26.1325
25.3011
20.4909
17.8445
20.0252
20.3711
22.0211
21.7004
24.4271
25.2094
17.6611
26.3965
23.5632
21.4007
23.4789
20.0355
19.2765
29.0909
30.3648
28.5827
22.9249
21.3997
16.7848
24.0069
21.3116
16.0856
31.9580
23.8904
25.8606
26.5452
21.4581
26.8023
29.9926
24.9424
20.7246
28.7426
19.2132
25.4135
21.6141
27.2394
18.6017
23.0174
22.0055
21.3960
24.7167
27.5947
23.3686
20.4193
26.9456
26.3874
21.3631
17.3112
18.4163
24.4692
22.9410
22.1996
23.6949
17.8977
26.0751
27.5096
25.9731
25.1463
18.5066
26.4242
19.3400
28.2793
19.0652
27.3968
24.1595
21.0140
19.9151
19.4077
19.3312
20.1594
20.9973
28.0624
28.1192
24.0950
22.9919
24.6801
18.0981
30.6412
21.2074
29.1166
25.2293
13.8053
18.0243
29.2886
29.2881
19.1877
20.3492
17.6710
22.9025
30.6407
20.6025
21.6144
26.3131
29.9569
21.2429
18.3724
25.7447
20.5825
19.4306
26.0396
29.3626
22.9787
24.3890
27.5547
27.8833
21.5336
23.4902
19.9809
22.3916
23.7566
24.3670
18.2065
26.5884
23.2587
24.5988
17.8194
16.1441
18.4494
24.5812
19.6553
21.3298
31.7830
16.6838
21.9266
22.1192
18.7491
27.4766
18.0984
27.6131
21.0817
28.4997
19.3799
19.7507
28.8600
31.0517
23.7680
25.1823
29.5361
21.6666
24.4665
25.7674
22.4014
19.5427
29.2342
24.8808
22.1432
19.5659
20.4003
19.8298
18.1540
28.2860
17.4161
25.1081
26.5756
28.2966
22.8482
30.9110
31.9153
25.2757
18.7335
26.6729
16.9159
18.9060
16.3432
23.0524
26.1497
27.7607
31.6963
19.4637
18.1911
26.5434
23.8180
25.9144
17.4638
30.4912
20.4926
20.9075
28.4710
19.6615
23.5301
22.4450
26.4634
18.7646
25.1058
22.2095
26.4154
23.5899
29.1656
21.8117
18.9738
19.7716
26.9996
28.7841
27.9616
19.7165
27.8187
17.2640
22.0594
21.7654
26.6823
25.2714
20.8486
20.5817
19.0903
24.6527
21.2062
15.7257
21.0782
24.0696
22.9569
28.4044
15.6227
30.3283
20.2567
20.2327
19.5073
20.5481
20.0657
24.6500
20.9923
21.2282
24.3845
26.8765
29.7262
17.3078
30.1641
29.7758
19.5140
29.7983
20.8362
24.7407
21.7246
25.0690
25.1451
16.2576
31.0743
15.4431
29.1079
17.3707
36.5079
24.6316
19.7672
23.4480
27.3478
19.6298
23.3176
18.6584
24.4369
16.0565
25.2860
26.6268
15.8468
26.7796
21.8895
19.6936
21.8596
16.5988
21.4401
20.9717
25.5400
22.5621
26.2063
17.4812
22.5683
21.5991
27.4235
26.9003
21.4750
17.4991
22.8053
19.8508
21.9000
20.2541
20.8140
21.2006
24.7141
21.3559
28.0906
33.5416
22.5029
26.6994
24.2611
26.1250
22.7462
30.5140
27.2259
19.0308
18.2668
22.3569
33.3975
18.1981
23.2183
26.5064
24.1033
15.8901
23.7618
19.5057
21.6652
21.9329
20.6779
19.4281
22.9312
25.3056
21.9078
25.7873
28.2953
22.8849
24.1082
24.2893
18.3338
27.6905
28.4957
22.9159
28.6917
25.0526
31.2051
18.6583
20.6353
18.0647
19.9370
18.8822
24.6731
22.1742
30.1589
26.0110
26.0290
24.9949
26.7514
21.2068
28.3959
24.8522
24.7861
19.2262
20.7654
21.1118
25.2335
21.9925
20.9609
17.8080
19.7826
18.0736
28.0462
21.8867
26.5785
17.1973
18.5562
25.5844
25.8778
22.5179
30.3500
19.5966
22.8396
21.0180
28.1638
22.2820
19.2057
21.0909
23.2352
29.3300
24.6817
23.3974
16.8811
26.8700
20.2955
21.8168
19.1481
24.8074
15.7293
18.6597
27.9921
31.7691
21.2199
19.4161
25.0259
21.3094
23.3068
33.2288
21.2572
29.4957
25.9508
23.1312
23.6317
26.8940
22.3824
18.3139
26.4701
20.4713
23.7843
16.1835
24.1548
28.1610
29.6010
21.4359
24.4608
20.8304
22.8630
24.9281
22.2707
21.0909
29.0024
25.1383
25.3151
19.3921
15.7341
36.5473
22.3474
17.2377
30.5605
22.3421
16.5047
23.4863
18.7383
17.8329
29.6673
23.6239
30.9025
23.8220
30.4901
21.4168
19.1908
19.9882
21.3831
16.8004
27.0216
18.3103
23.6364
18.8523
18.8953
29.4508
20.6803
21.6934
18.7110
19.2716
15.7087
33.0879
31.4684
16.1556
20.5647
33.1734
22.2254
17.9658
26.6056
24.2734
17.9810
22.2588
16.0123
18.2357
16.6174
25.8066
33.3319
27.2188
20.8032
23.3225
30.8948
16.9192
28.2967
20.2268
23.0855
22.8473
23.4581
20.1073
26.1530
21.9521
21.3294
16.1081
26.1077
17.4480
19.8878
19.5146
20.9027
22.9482
31.0506
17.7182
29.6445
25.5154
23.2116
27.3468
22.3138
27.0870
32.2008
19.1219
19.8133
36.4987
34.1385
20.4737
24.5576
29.2504
24.9689
23.8037
20.1968
24.2010
31.7005
27.8450
17.7030
32.0497
21.6283
24.4674
22.0676
22.9749
16.9745
23.1780
26.1691
24.2368
21.3087
35.2429
24.8394
22.6101
35.1270
21.0736
27.9089
26.5435
21.9150
16.0481
21.2113
28.2331
24.2248
19.2438
24.5750
31.0241
22.5734
22.0982
25.6536
25.0246
23.6905
18.8851
25.8995
17.8193
17.5712
23.8717
15.9889
19.3583
26.5605
19.4902
25.1653
22.3839
23.1751
20.2747
25.2599
26.1406
29.5813
24.2536
29.5710
20.6142
23.5707
27.8713
19.5348
22.3029
33.3106
18.6995
23.3358
19.9072
24.2292
24.1569
20.2251
17.0634
20.1302
23.6711
23.1592
22.2960
25.6784
25.9762
23.4546
23.6393
17.0149
26.3649
20.3411
18.5919
31.4542
22.3282
16.7250
26.1793
17.1371
30.5337
21.5994
29.1075
23.5341
20.6792
19.3097
21.7060
20.1638
20.6860
22.4513
20.7625
23.5780
17.3527
20.2434
19.9147
22.2774
24.9247
26.0116
21.1634
23.4604
17.0786
24.2753
17.1714
20.0569
31.2258
28.1883
17.0021
17.6900
19.5526
24.4218
26.3986
18.9666
19.2676
21.3714
18.3780
30.2391
22.9713
24.8927
20.4456
21.5370
28.4357
17.7526
19.9948
22.8423
26.6399
22.5643
21.3588
27.4787
23.4866
27.5734
23.8919
27.7860
32.5704
19.8960
20.9218
20.3410
27.7002
25.6896
25.4580
25.4360
25.0877
29.3819
26.2651
17.8821
27.1950
19.4287
25.2840
18.9853
21.7356
20.0444
30.6649
28.8743
19.9708
19.2607
24.0727
26.2676
21.8552
23.8961
19.6835
20.2507
17.9038
24.1928
18.8456
23.2990
25.2131
20.9250
21.6217
18.5109
26.6800
23.0634
21.4793
28.5198
20.7082
23.5192
22.7521
22.2241
20.2497
26.7889
15.2207
33.2700
31.6256
30.8609
32.0620
21.3982
20.9640
28.3588
21.4989
20.6441
22.2810
27.5207
23.2541
20.4010
33.8712
23.7216
23.6225
18.5087
23.3105
23.7747
26.9926
20.9826
17.1774
19.3669
21.9472
18.5905
26.5904
25.5353
23.0920
23.2619
18.8121
26.5589
22.0833
25.1281
31.4988
26.9113
21.8076
24.4731
31.2184
20.1957
27.5282
22.8070
27.5669
21.8823
17.9226
22.2117
23.7030
21.5034
22.0513
14.7196
25.0572
19.7949
21.0938
24.2275
27.1353
15.5178
28.2532
26.3245
22.4640
19.5541
18.3878
19.4906
25.4047
19.1117
19.9011
16.9764
26.0750
22.6889
19.7606
20.2800
19.5129
25.0708
18.5170
22.9277
27.2796
33.2502
22.5517
32.7371
25.9171
27.9760
24.2099
18.6048
27.5513
23.4460
21.0800
19.4426
18.7253
29.2600
22.4303
22.0727
29.5591
21.3355
20.5904
28.9231
22.8277
24.8594
23.7431
24.0461
21.8181
24.7883
18.2572
17.7254
21.2744
28.7170
19.0028
19.3076
18.6173
23.1896
22.1220
20.4578
24.9451
30.1827
22.7318
17.5583
30.3233
34.0932
30.8129
22.2965
21.8901
24.0768
17.8550
24.7000
29.9759
29.3594
34.6704
18.1057
25.6578
19.5823
21.0149
19.5294
18.0495
26.8396
20.0587
30.3966
20.6235
28.1736
29.9297
23.0719
22.6104
24.2002
27.8301
20.2091
25.9787
17.9749
28.1933
16.6644
20.4077
29.7204
17.3104
24.8211
24.4620
25.8085
18.1615
19.3867
18.5073
22.8874
22.1285
28.7604
27.7191
18.1481
31.7914
26.2258
19.4182
22.0276
19.7197
22.0838
22.4298
20.1676
21.6567
19.9931
25.7431
32.2785
19.6210
21.3201
27.0254
21.6003
18.6326
18.0475
20.5467
21.1091
19.0496
27.3333
21.6567
23.0636
17.8987
26.2997
30.9391
19.1060
28.7879
25.9314
23.0345
28.1024
22.4107
18.0162
25.8425
20.9485
19.2442
33.1927
17.5420
17.5419
29.4836
16.1497
18.6332
20.6817
27.2199
17.1683
29.4069
20.1435
25.1043
28.0783
23.4937
19.9332
25.2738
29.2142
25.3258
21.5366
19.9981
20.3676
22.6608
28.5816
19.5790
26.6309
17.5479
17.3783
24.9935
18.9810
20.0622
21.4950
24.6754
26.1806
22.0557
24.0353
28.5943
29.3254
20.5438
20.7283
28.5440
23.5153
22.0832
23.4638
22.6811
27.0357
23.0953
25.8778
23.4703
24.3085
24.5285
24.3756
22.3399
25.5343
25.4382
19.8707
26.8122
19.0086
32.6458
29.8686
22.8324
22.6041
24.6357
21.6311
21.0038
20.7164
24.0406
25.6199
26.2399
27.2141
19.6641
23.0593
33.8119
24.0299
21.3699
28.2391
28.7542
18.6121
18.7261
31.3508
25.2625
24.7967
17.5803
24.8037
36.3285
24.3526
27.4253
21.0230
26.1913
18.6513
23.3824
25.5167
22.6195
23.5392
26.2110
21.6645
26.2422
24.9223
21.9488
31.4033
22.0308
24.5351
23.7291
22.8826
31.1495
19.6431
26.3282
21.6841
24.4500
19.7445
24.1842
21.2999
24.7929
18.2677
22.6159
27.1233
22.9982
27.6911
25.8250
16.9052
25.5127
21.0141
20.7956
20.8789
18.0806
22.8006
26.6517
24.4966
22.1912
20.8564
21.2809
21.6101
24.5038
29.1593
21.7730
27.3640
26.3672
20.0140
21.4577
23.9567
24.8707
20.8114
26.8520
21.0590
32.6259
21.2265
23.0668
28.2289
27.3696
25.8572
16.6980
27.0361
25.0581
31.0640
26.7680
20.8646
31.8006
18.6541
24.5360
23.3841
34.0431
25.1167
16.2679
29.3476
21.2278
19.5264
19.5597
18.5839
24.0762
21.3343
22.2007
32.2366
21.8385
20.3979
19.5463
27.5054
18.5868
26.6171
26.1289
17.4342
20.1446
18.1209
20.2871
24.0603
19.7373
27.4064
29.3504
19.9022
22.0596
30.3965
23.9264
19.9302
21.2367
22.1822
17.3752
25.8294
19.7681
32.2219
17.9819
25.4637
17.0392
26.0774
19.3088
21.6609
19.6641
22.3846
28.0064
17.9003
17.9312
30.9443
35.6363
25.9665
31.8018
23.7891
23.5792
22.6235
29.7150
17.2667
22.3598
19.2948
16.7069
28.8787
22.9220
17.4344
21.5212
28.0898
32.3717
20.5925
21.9863
21.1491
22.3425
22.3787
25.8699
19.7878
19.4735
21.2487
23.9056
17.8287
27.4636
19.6391
24.1064
23.4061
28.6432
29.1721
20.8466
23.8825
26.3919
20.3022
23.9255
20.2598
30.4320
19.4461
17.0507
18.9461
25.0803
17.0518
21.2859
19.4229
24.4255
22.3459
33.0760
21.1967
19.7665
27.8912
24.0962
17.6702
29.0108
26.5487
24.9901
26.5212
31.9646
22.5112
16.0551
24.1840
24.5463
28.1673
30.6291
19.0681
28.2240
18.0702
15.8096
24.8055
24.5491
27.6354
26.8392
21.2723
22.2823
21.7977
24.2389
18.0442
23.4288
17.3200
25.6557
22.3240
18.6578
19.4716
23.6209
23.3672
20.0572
17.4748
20.1511
16.1359
18.4511
30.7384
16.2839
19.7162
15.5975
27.7076
19.4610
22.9570
22.8492
28.8730
21.3921
18.6564
22.6157
24.1263
22.8874
24.1943
24.8733
22.9591
18.9753
20.1423
23.9809
29.0102
28.9352
27.0793
20.3646
33.1935
21.6180
22.2576
21.2750
25.1635
18.9274
18.9958
24.4809
24.6763
17.2000
23.0046
16.9367
26.8046
27.6745
18.9629
17.6960
16.1913
22.6800
17.3117
22.3087
22.7238
25.3563
24.9682
28.3776
22.8726
18.7983
20.5052
24.2840
29.8066
16.8770
19.2790
28.6784
20.2643
24.1703
19.7832
27.1341
31.4891
19.3136
33.6792
21.9686
18.2045
18.3110
25.9346
20.0058
34.4187
20.0832
24.4012
21.8047
18.9719
23.0387
28.7158
21.1918
26.7772
28.2185
21.2466
25.1689
18.4134
17.6419
29.0452
20.7422
22.9408
20.3580
28.2816
27.5809
23.5350
23.8039
27.5333
19.7691
26.4146
21.4143
22.7232
16.2560
25.0981
27.4412
26.0894
21.7355
23.4839
22.2142
18.0702
18.6253
26.1118
19.9040
20.1525
20.3690
22.0085
24.7756
20.9931
22.6650
24.1727
15.8424
17.6286
21.6401
19.6414
14.8844
15.9268
23.1686
29.4930
34.5628
19.1478
27.8134
15.2912
21.0588
27.7201
26.8284
29.7975
25.3718
23.9637
27.2955
24.0830
24.3799
25.9753
24.4423
21.4277
24.9180
25.2268
20.7640
27.6304
25.4057
23.9015
28.1736
29.2289
18.5723
23.2090
27.6321
28.1498
30.4361
23.7510
19.1154
20.7029
15.6726
25.3081
28.1056
25.6629
26.0420
27.2399
19.8703
22.2868
26.6137
23.4289
18.1855
18.4134
25.3440
30.7125
21.5571
25.9900
21.6569
20.1309
23.1186
18.3085
15.2269
24.7703
29.9282
20.7983
22.5386
25.6592
27.6883
31.6799
20.1220
18.8705
22.8893
22.0337
25.0847
19.5707
32.5831
18.7269
22.6419
23.1859
25.5461
20.2802
17.2610
26.5441
15.3518
23.1974
17.0730
22.9144
19.7050
23.7805
22.2477
19.8062
26.1248
22.1743
24.1623
21.6238
30.5809
27.3024
25.7389
22.2760
20.7742
19.7796
23.3518
21.9244
22.4202
20.1729
21.5637
20.8351
22.7348
21.9627
17.6151
23.0868
25.5716
23.7040
22.5704
26.1903
26.2207
24.3607
31.8976
27.0594
30.1975
20.3795
22.6369
24.0010
23.0832
19.7024
22.5373
17.5588
25.1060
23.8734
19.5391
29.2049
22.6031
24.2003
21.9921
20.7540
19.7555
25.9503
18.9814
25.3437
28.8407
19.8496
33.5087
28.4524
20.3012
27.5385
25.9651
32.9917
17.7001
16.3999
25.5160
17.9055
19.7360
21.8358
20.0606
19.3608
22.7865
26.0995
20.9407
20.5722
21.6377
26.0837
27.1660
20.8801
22.6728
20.0055
22.7862
17.4350
28.3914
22.3642
21.3171
18.0116
18.4889
30.0495
28.4886
22.4056
32.8109
22.3127
27.8676
14.9192
18.0633
21.4611
27.3135
21.1744
19.8366
24.6835
23.7643
21.4783
33.3695
30.7806
21.0940
21.5026
27.5560
18.3277
28.5302
16.5149
23.9802
15.3324
26.4526
21.7778
19.0785
31.1415
21.7598
24.1889
22.2293
21.9515
20.3144
19.3835
21.7867
23.4216
20.7889
21.4428
28.8291
20.8634
23.3742
20.4054
21.8299
20.4734
28.9257
30.9548
23.2611
25.7760
21.4179
23.0487
20.6251
20.0818
23.9216
19.2303
28.8973
31.8490
23.0359
15.0653
20.2742
22.7881
32.6082
26.5370
24.7981
30.9127
21.6109
18.8387
21.6930
24.0771
23.1654
21.6280
24.2794
19.5549
28.7985
19.1916
18.0262
28.0009
17.2483
22.5929
29.7170
21.9452
15.3692
21.2131
31.3683
20.1129
18.3611
22.1198
20.0868
25.8415
31.8548
19.9301
23.5336
21.2421
28.7067
19.8946
19.4898
22.1138
22.0919
28.9513
21.3778
29.6789
21.7227
19.2477
23.6894
24.2953
18.6921
19.0744
15.0927
19.7451
29.4508
21.4609
23.8212
24.4197
28.0651
28.1998
22.0073
20.6197
21.1750
27.8838
25.1473
22.4972
27.0327
27.9106
23.0150
25.8480
22.3973
20.7464
19.4273
24.0155
23.3929
22.0600
22.4561
25.5695
23.4219
25.0112
27.8051
19.7659
25.7498
18.8507
29.1268
26.8944
22.5602
24.5485
23.6036
24.6639
16.8557
21.7323
20.1670
25.5951
28.4318
20.9080
24.8532
27.3389
32.9584
16.3006
22.2291
24.5215
15.1316
18.1351
21.4257
28.1395
22.9988
17.9737
17.3902
20.2258
18.6672
27.7168
26.7717
31.4618
26.7334
21.2589
20.0242
23.3396
25.3117
29.1246
26.6293
18.8925
16.5441
20.2735
30.9054
19.5760
16.0641
24.7334
22.2297
23.3644
25.8198
26.5857
26.1494
18.3575
17.3668
22.5598
16.4835
19.7134
19.5761
26.4726
21.9268
23.8590
23.7564
21.2030
23.4123
19.6675
21.5512
24.4192
18.4828
19.1617
27.1809
20.5286
17.6931
18.5880
17.7575
19.1894
22.0123
25.3920
16.1064
26.4043
22.5994
28.0752
18.9224
22.6733
23.2161
18.2209
24.9734
21.1919
19.0510
26.4183
25.4093
29.9900
24.4981
23.1544
23.9821
16.3733
23.7184
28.9587
21.0510
25.1187
18.7231
25.7250
18.7269
30.3583
27.8510
24.8265
24.7476
17.9276
20.8802
20.2520
21.1366
20.3438
21.8000
23.1262
25.6795
17.5160
20.0268
17.5596
18.9389
25.1260
21.5556
17.2476
20.0584
17.8309
17.3863
23.3333
21.4747
25.9675
32.3337
29.6075
26.1820
26.7511
27.6303
31.7944
26.3860
29.3492
18.2376
23.1206
23.8008
24.6847
16.9909
16.6781
27.6677
26.2484
16.7641
26.1224
25.1107
25.6498
22.0357
17.3271
23.7638
21.3947
16.8697
23.4184
19.6177
29.7295
24.8195
19.0406
22.1085
33.4190
20.7526
22.5647
17.5843
20.7015
21.0095
19.8489
21.4872
24.0294
20.7694
25.2719
23.0833
26.7830
20.9650
21.1380
31.1447
26.1288
27.4308
21.3617
31.7789
20.3193
18.6458
20.7831
28.1670
22.0472
24.4323
18.7633
23.8489
18.9605
22.1796
27.0725
18.8706
20.2314
24.4615
21.5744
26.5450
26.5621
17.5674
24.9899
31.7085
26.6028
26.2293
22.5035
19.0110
28.9165
24.4075
26.8849
20.6688
16.7778
19.1677
26.5559
21.8135
15.6593
30.9162
26.6883
29.8689
23.1462
21.7182
27.7422
27.5929
25.4237
28.5539
30.2701
17.5532
17.2832
25.4535
15.9845
21.3050
21.6106
23.3961
19.1650
19.7092
23.7138
22.9914
22.7635
23.7146
18.6121
26.2010
24.6797
20.2386
22.8662
26.0252
18.1655
36.9797
25.1447
19.6352
19.3841
20.9137
24.8516
20.5723
30.4241
24.3773
27.7353
19.6446
27.5220
26.1029
22.4954
26.6733
20.7582
25.0480
18.4062
30.0990
21.0715
22.4348
21.2229
19.4563
22.6510
27.4799
30.6554
32.9411
24.5254
21.2156
19.7989
21.0545
27.8478
23.0507
32.1381
17.4819
19.7303
25.1093
21.0086
22.5868
22.3167
18.4609
24.2946
19.0479
25.3345
22.6697
22.7942
26.0997
23.6207
23.1143
19.0309
30.2126
31.4795
33.6487
30.8731
23.7432
21.8151
25.5418
23.4431
23.7094
21.9390
22.2906
25.2258
24.0836
25.0368
25.8498
25.5795
23.0002
27.2820
19.4358
24.0003
20.8892
15.5322
24.1619
28.6248
30.5791
23.1752
24.6506
28.8254
28.8114
25.0155
24.5121
28.2817
21.9295
34.0009
19.6140
23.8668
21.2353
19.9162
27.6419
20.6806
21.5502
27.3599
26.7399
19.7379
24.6840
18.4527
22.7090
24.0022
27.9739
21.7661
18.2214
20.6354
24.5200
24.3293
21.8315
15.0793
32.0617
19.9203
27.3773
26.1744
16.3186
18.1064
29.0642
21.8242
27.2357
28.3080
27.6633
17.1800
35.1039
20.4169
32.8026
24.0939
25.7385
28.9429
17.8031
18.7466
18.2560
25.6661
23.1507
16.2299
17.5548
17.4067
28.3949
27.7654
17.2176
32.7203
16.8801
22.1315
21.6673
18.6094
22.4465
35.3418
22.0036
22.2699
29.7543
23.7679
28.4598
19.7609
27.7772
21.4876
13.6774
20.3852
18.8338
24.8551
20.3730
19.8429
21.4054
23.8737
18.1689
29.0339
31.9787
29.2157
29.5064
23.9602
25.3463
30.7172
24.4556
20.8872
23.6682
30.9746
25.6360
18.9525
16.0472
29.3314
15.3175
19.4218
20.5748
24.6926
25.3392
23.1853
20.6900
23.0888
26.9592
28.5014
24.4138
16.8642
17.6800
24.9730
25.4566
22.9271
22.2014
25.7364
18.7819
19.4109
23.7530
29.5960
18.0329
32.3620
18.3977
22.8731
25.6426
19.0981
25.0677
27.5362
22.2234
29.6047
18.9308
27.5418
32.8928
24.3259
30.7288
25.4055
21.0621
27.8752
30.7032
18.1009
28.1918
22.4804
25.0157
17.9039
22.9272
23.8962
25.8244
28.3554
26.7340
23.5855
20.1079
26.1130
23.7568
19.3497
21.4871
29.0269
24.4145
18.6940
20.4585
23.2057
26.3791
32.9334
35.2580
18.0671
20.3269
19.8616
19.1078
20.7175
24.9043
37.6360
23.7817
24.5309
23.2818
21.6097
22.4447
22.5723
32.0387
22.4294
21.8563
21.6581
26.9839
19.2927
35.0688
19.0155
24.4975
24.2160
17.8407
19.7698
22.6527
24.7912
20.5831
24.5879
26.1451
18.0821
24.9043
21.8520
23.6424
31.2326
20.5327
24.5080
26.3824
26.2782
23.1542
19.8123
17.1719
19.1270
26.3194
23.3642
23.4458
20.0207
20.2256
14.9540
26.8879
27.0314
24.1834
19.9012
21.7929
22.5840
22.5049
26.2683
19.2972
27.8731
18.8135
20.9907
16.8498
21.5564
20.1733
30.2822
27.8262
22.3533
22.7920
20.0361
31.2411
21.3991
17.7504
19.8452
21.0301
27.7535
24.4955
19.7666
27.1493
21.5931
20.6678
15.7230
19.4709
21.2128
23.7360
24.0901
24.2037
25.7926
19.3531
30.1555
15.6061
22.5952
20.1978
16.6711
25.5139
23.0670
18.4464
17.7362
19.3794
27.0576
32.1024
22.7244
18.4796
18.8825
22.9636
20.8280
29.2179
23.2196
23.9976
21.1038
20.5401
23.3014
17.8694
27.1006
31.7698
28.1804
27.3245
33.9188
26.3752
28.2854
23.0640
29.7518
26.1255
19.8991
26.2249
26.1111
26.8807
19.2744
26.1745
18.4633
21.9087
19.8242
26.1876
27.4509
20.5545
29.8812
20.2529
26.7990
33.5636
18.6052
21.1045
24.4184
26.5773
21.6683
31.6932
18.0067
20.6260
26.1138
26.4660
28.6296
16.3316
18.9386
20.6650
28.6411
27.2376
24.5903
28.6886
29.9179
27.9634
34.7967
18.7486
18.4605
20.3514
31.5337
26.7313
27.0453
19.6112
25.4722
20.4759
31.0975
22.2605
23.0734
19.2516
16.4351
29.7079
16.0636
24.6027
28.8371
31.4490
28.8766
17.6736
21.3035
17.6237
24.2955
16.8045
25.2805
27.7362
16.1719
24.7232
21.4468
28.2930
23.7656
23.2949
25.2639
25.8287
21.1178
19.2476
30.1403
22.8344
25.8414
21.5471
18.9992
19.4618
21.7633
23.9128
26.0724
17.3679
19.6013
27.9292
22.1959
25.5709
28.3103
17.0712
26.2379
22.6228
25.2805
23.7484
23.7429
22.0762
26.0084
23.2113
25.3733
22.7552
25.1584
19.6696
27.4578
22.1054
26.8619
22.1974
29.9569
28.9030
20.4604
26.9476
20.4366
26.5376
20.7372
26.8509
21.3211
26.4871
28.7739
25.6771
31.7958
17.8224
27.3597
22.1779
23.6490
25.2982
25.8746
28.0981
18.2409
22.0250
26.9493
23.9975
23.3635
22.4322
20.4278
21.5004
27.0203
24.3369
19.1591
26.4435
26.0187
23.3610
27.5539
21.2599
26.7366
16.5648
23.4579
23.2413
14.1848
21.2607
19.9713
20.3126
27.8621
22.4594
18.4055
29.1708
20.0770
18.1616
32.4497
23.9389
28.0222
30.5515
22.7427
26.5417
22.9363
24.3480
27.5104
27.8137
24.0509
20.9337
20.4656
24.2348
17.5837
23.0394
28.7748
26.8036
18.3087
22.4181
22.6646
20.4122
19.9987
20.2551
24.6048
19.6344
17.9366
21.4441
29.0468
25.8099
20.0689
34.3864
18.4138
19.0055
36.6932
31.9871
21.4313
26.3884
19.9015
24.3223
19.0374
17.3861
19.1380
16.7549
27.8832
28.9050
17.6595
29.4861
25.0590
26.4123
22.3457
22.0835
15.9729
27.8097
21.9998
24.4077
17.7810
24.9667
20.1385
30.4809
21.0534
20.1548
22.8508
18.6275
25.0489
24.9711
22.1303
26.0352
29.8696
20.9915
25.7405
22.9832
17.1331
26.8674
22.5662
15.7242
29.8237
21.3228
23.7042
18.2241
19.1404
20.3820
21.8800
27.6114
35.6535
20.2438
19.2673
23.1471
32.2273
19.3629
21.8203
22.2394
21.8785
26.5154
25.8128
20.5170
21.6483
29.9762
35.9950
32.1235
20.1683
24.3209
25.4504
20.0747
24.3157
30.5560
26.6012
22.4484
30.0206
18.6783
19.8808
24.7912
26.0404
21.5492
26.8302
22.9282
24.9062
22.4348
25.1511
23.8356
23.7880
21.1829
20.1411
14.7656
27.9057
22.3942
23.5720
26.1209
15.8669
31.3718
17.0223
18.8899
16.9499
29.6457
25.3427
20.4101
30.6741
29.5078
25.3936
21.8767
18.0173
19.5445
26.0322
32.2669
31.5892
29.5026
21.2804
23.9910
24.8719
22.5717
31.5610
16.2998
20.5752
23.7170
24.3782
22.8860
24.0543
20.2634
21.1607
18.1870
22.4854
28.9344
27.8717
23.6771
26.3424
24.7027
32.5247
35.1267
18.0482
27.5248
19.8398
25.2954
26.6072
19.6874
26.2793
33.4838
19.0938
23.2322
28.2708
25.0349
18.4491
20.6930
19.5498
25.9928
26.7075
26.0150
16.7755
23.5456
24.9879
36.0088
26.1536
16.8684
30.3926
24.5408
29.5637
24.5036
29.6594
28.0377
19.1580
21.3867
21.6297
20.8626
22.0821
30.3740
25.1909
27.9593
25.8141
25.4745
21.8217
34.5468
25.8632
17.7160
19.6490
27.4210
18.6727
26.6483
25.6304
16.0217
29.0062
23.2479
20.6828
20.0966
24.2301
22.2905
24.2930
21.5711
21.7132
24.1066
20.5976
21.4297
18.9257
29.9299
27.6475
23.6609
20.0725
23.9793
17.8947
23.0861
26.3756
22.7794
23.7790
19.1031
19.0182
21.1095
15.9161
21.8709
17.6971
26.3363
20.7109
21.3049
23.9843
27.9299
25.5302
26.9102
20.2856
18.3132
20.1238
23.4226
31.0310
28.3394
29.1196
17.4574
24.7010
19.9456
25.2462
20.8808
22.0829
19.8180
18.9609
15.9571
20.5055
26.3973
23.2635
21.1628
27.9420
20.1901
19.5557
18.4498
23.2212
21.4454
23.7692
17.6158
31.3148
21.2742
18.5443
27.2022
21.9106
33.6718
23.0787
26.6331
26.4542
16.8575
24.6705
18.8978
27.7859
20.1659
25.3425
21.9887
28.1378
18.8144
19.1440
21.1326
23.4761
20.3694
25.3597
25.7947
27.9702
22.9817
15.4673
28.2498
23.0301
21.2773
21.2082
18.6234
20.5664
34.3765
26.7977
20.5156
15.0821
29.5460
23.4567
28.0874
16.1015
23.1226
21.8001
17.7677
22.2863
19.5358
26.3203
23.4664
32.4308
30.7759
26.9904
24.8152
25.5725
33.1853
17.8055
22.9514
24.4852
18.9548
26.1504
28.7783
31.7905
19.5481
21.2821
18.8096
29.7545
23.7513
18.0195
19.8943
18.1081
18.4352
31.6419
26.0549
17.8341
21.6851
20.8565
24.9815
27.0172
21.1295
25.0721
21.3766
20.9829
22.9880
26.5336
33.5951
20.3929
19.5444
24.2926
27.5792
30.1161
17.3076
24.1920
21.1446
31.6788
22.1742
21.4220
30.9272
20.1088
19.2900
18.3271
24.9987
22.2303
21.3359
22.9612
27.0241
23.1655
26.5636
24.4261
16.7689
23.1891
25.4817
23.1361
27.5977
25.4309
21.5183
19.9479
20.5339
17.3322
22.6258
24.2061
21.9551
22.9343
27.3751
16.6509
20.0648
24.7086
23.7992
23.4414
28.0780
26.7946
21.1026
24.4909
21.6618
23.5572
18.3902
28.4326
30.6855
28.4081
20.7518
24.2286
29.5462
22.2181
25.2310
29.9342
23.4103
23.3271
28.9651
15.8155
30.1477
17.9704
23.4858
20.8042
18.1479
18.4807
23.8254
27.7818
18.5289
27.2398
27.8388
22.0575
17.4554
34.2829
30.7498
20.1888
24.6726
23.6976
27.2368
24.2606
27.4566
28.8430
28.6192
16.4333
23.8474
25.9132
20.7248
19.9471
24.4763
22.1523
23.3204
18.5633
24.3801
20.7551
15.3141
18.5796
19.3720
25.3501
22.5169
19.5242
24.2483
20.3672
19.1155
23.2031
23.5203
23.1703
24.7962
18.4452
24.0302
21.5676
29.1652
23.3549
22.1916
22.1584
34.3142
19.6072
28.9500
17.0027
21.0349
18.6318
27.0343
29.0951
14.2741
20.7620
18.1041
30.3527
25.0362
30.8102
24.3836
30.9016
17.8265
23.0593
26.4176
18.9832
17.7437
26.7536
28.0017
30.1247
22.6662
25.7263
21.0175
22.9305
23.5797
17.4188
20.6381
21.4117
28.0767
19.2181
21.9907
32.4891
31.1160
24.1550
19.4311
24.5869
24.5785
30.5705
27.1687
25.5902
29.8267
18.9256
16.5036
26.3596
18.4376
26.5989
27.8731
25.4222
18.2766
24.0775
22.1244
26.0456
22.2217
18.2210
27.0289
25.9547
25.1825
18.8281
18.8489
22.8522
27.8030
20.1286
32.6006
25.0665
19.8243
21.8732
27.7404
18.7428
17.7661
23.7258
20.9487
27.0771
27.8781
27.9006
21.5081
18.8898
34.1139
21.5670
22.3464
19.2462
18.6039
30.9605
17.7508
24.1168
28.7940
29.5566
19.5550
23.7803
27.3942
28.6081
21.5750
16.2398
22.4709
20.6759
26.7921
25.5248
19.0139
26.4850
22.3001
19.5976
19.9641
17.0947
19.9917
21.1575
24.8181
28.5544
22.9921
18.5412
23.4304
25.7449
27.2028
26.6326
24.1842
27.3321
23.9997
24.7141
27.8554
23.3893
29.4114
18.9062
21.8424
18.2616
28.3407
18.0344
15.5288
16.2883
22.4410
27.7938
22.5296
19.4960
25.2824
25.4706
22.6602
26.1422
22.9687
30.6669
20.8656
25.5061
23.8398
24.6245
22.1276
19.2364
26.3042
22.2707
23.2875
27.3310
24.3135
19.8037
26.6977
30.8889
19.7119
20.7525
21.0024
32.1999
26.1449
29.0452
18.0173
23.3790
29.6900
23.5167
29.2066
19.5826
25.5430
22.6435
30.7827
17.1763
17.9298
20.8851
24.9877
18.9984
24.7111
15.2878
22.2994
25.8581
18.7628
24.6750
26.6212
19.8804
22.5775
32.0777
22.6345
17.6346
16.7012
28.3523
29.5908
24.2352
21.3783
25.5938
25.9685
18.3406
22.3047
20.4311
32.4119
22.1259
29.9508
18.5974
22.1279
23.8858
23.4669
22.7643
19.5325
23.1399
18.2486
26.3439
27.4293
18.8959
22.0716
21.8867
20.1449
28.2612
20.0591
28.7777
23.6080
20.0933
22.2098
30.5711
19.8117
22.7194
16.2891
17.9854
19.5618
23.3838
21.1117
22.6967
29.9979
26.2154
20.1170
20.8669
25.2289
19.3460
21.2794
26.2551
26.1590
20.5301
19.8208
20.3713
30.4455
30.2533
21.4601
18.7828
24.6039
18.1777
20.8799
21.7123
22.1106
33.0783
22.5256
19.8705
27.9759
21.7949
24.9976
21.6744
25.1647
19.4580
20.8649
23.9110
26.0438
17.6395
20.4685
24.6576
22.1099
18.4691
18.7819
30.7113
26.5000
25.3065
25.3911
34.8604
19.7861
22.1906
21.3326
23.2390
23.2343
23.6498
19.4448
23.1645
32.2633
21.2491
29.7322
23.9660
27.6781
29.3465
34.4244
25.2587
23.3867
25.7470
24.5044
28.0835
26.2663
19.9094
23.2857
18.7821
23.3801
27.7306
25.6129
23.8217
22.0239
20.5274
21.5339
18.7415
20.2908
20.7126
20.6040
17.8797
23.9349
31.3419
21.6257
17.7297
28.9972
25.1483
14.8315
24.1661
29.1246
24.4407
17.8664
26.1732
27.9721
26.9269
20.6106
19.1999
16.6286
24.0085
20.5346
26.0499
23.3411
28.9489
30.3503
26.0657
32.1597
33.4901
24.0598
20.6648
19.9868
35.2716
16.8392
23.8670
24.3900
16.5799
18.4369
19.8176
24.4930
25.8431
21.4099
27.4007
24.8590
24.1581
18.0722
23.3600
24.9391
27.7746
28.8136
22.2340
20.4308
24.8085
22.6532
19.2921
28.1681
34.9700
16.2761
24.1607
23.5383
19.5624
24.5397
22.3448
19.2473
24.2871
19.5344
30.5276
23.1743
23.4039
22.8080
21.5386
17.2753
19.2113
23.1809
28.2267
24.9528
25.1234
16.4871
22.5065
22.7056
17.1508
23.4718
24.8405
30.2821
26.2522
22.2644
18.7383
16.9290
21.0520
23.5807
20.6676
25.6397
17.4141
20.8719
22.5953
21.4549
17.2212
25.2909
27.0282
20.6968
20.8177
22.9690
22.6626
22.9603
20.9906
22.1397
24.7184
17.2969
23.0311
24.9222
20.3956
23.1812
31.6050
17.8327
22.1409
21.3636
27.8659
25.0551
26.4248
23.2384
19.2675
24.4695
22.6610
20.8872
28.0726
24.7849
22.1224
26.5439
27.7131
25.6478
23.9334
26.5951
23.1988
22.0184
22.9399
23.0826
28.7601
27.6557
25.9428
17.1552
24.5178
21.3609
20.2145
25.8154
23.6638
26.8279
19.0150
23.8079
24.1356
25.7811
29.7631
28.0633
24.3050
21.7806
18.9345
27.4740
26.6817
24.8766
26.6641
16.6558
27.0313
29.5922
16.5126
22.1018
31.3238
20.7776
19.4552
28.6952
26.3408
18.8347
22.1008
20.6191
32.5545
20.3266
28.4409
24.1025
24.8987
31.9705
18.3852
30.0092
27.8807
18.7967
23.6720
17.9909
21.3733
24.1437
16.1614
20.0794
31.8503
18.4030
25.0711
21.6291
25.9691
28.8065
20.9541
24.2971
16.0914
24.8971
16.6628
22.9324
19.2952
22.9563
23.9580
24.2174
26.5803
20.5505
30.3896
18.3030
18.4095
26.9663
15.8975
30.9603
25.6761
18.4408
16.8049
24.2888
27.5744
26.4547
25.9530
32.5961
24.3414
20.6490
27.7727
25.3735
27.1846
29.2087
26.2556
19.7590
19.2451
22.5673
20.7275
19.7307
34.1698
29.7669
30.3864
17.7670
21.6465
22.8421
26.0809
22.9730
21.8951
21.4745
22.4828
20.0482
25.5438
29.6906
23.8179
25.2350
18.1645
33.3750
21.8547
24.4023
23.9242
21.3400
31.7295
21.6505
26.0834
24.0020
18.1632
34.6091
20.0426
21.9167
20.4112
27.3220
20.8505
19.2613
33.2298
25.7940
17.3610
19.0517
24.6464
18.0246
24.5778
23.1114
17.3872
28.0358
21.9165
20.1850
26.4618
17.0965
21.2530
25.0407
25.2163
28.2094
22.6819
19.1160
20.2169
19.6524
18.8571
20.2629
23.8620
19.3635
18.8704
27.1389
21.1499
23.2980
18.0203
22.2401
15.7895
18.1994
25.7593
18.9284
23.3573
26.7403
23.8969
23.3874
16.3886
29.3676
22.7672
16.1438
27.6169
26.4665
17.3780
14.4015
25.9603
28.6541
23.4751
28.2745
18.5444
23.2647
24.0124
17.6514
24.8742
22.6670
17.3220
24.1069
23.8569
24.3367
24.4200
19.6842
29.4375
16.6043
26.2529
18.7744
25.3008
26.7231
19.2542
30.3563
25.9912
22.8338
25.8651
20.6631
22.2974
18.7240
20.4932
19.0469
26.0263
25.4673
20.3357
23.2505
15.7409
32.1706
17.7440
24.4960
26.2080
24.4871
22.7477
30.5667
20.0489
25.6707
23.6955
22.7036
16.9731
26.4119
20.9835
22.8966
31.4481
24.3967
37.4263
23.1608
29.5010
22.0488
23.6740
23.8122
25.8238
17.4328
18.9086
22.1670
30.0086
20.1742
21.2561
21.7293
22.5854
21.5476
25.1802
20.9836
29.3376
26.7161
24.1849
24.6951
23.1836
32.2649
21.3897
16.1800
19.7797
20.7399
16.1632
31.2274
21.8231
26.7819
21.9914
16.9333
19.1314
27.5399
20.9615
22.3649
24.1730
21.1584
28.5515
30.0656
23.0550
30.1593
26.8471
15.7684
19.5913
22.7101
29.9838
31.6954
18.3992
24.2666
19.8938
19.8291
25.5152
30.0397
22.2422
25.0820
26.1636
24.9245
25.1970
20.5240
32.1989
21.0114
21.5849
21.1594
22.3430
28.6459
29.0074
27.7647
24.3320
24.4395
31.9696
24.3962
19.8738
26.8052
23.8773
26.1651
17.4933
30.7123
21.9462
18.9058
25.8313
14.8114
31.8438
19.8655
17.9497
20.2770
20.8802
27.6061
18.1784
22.5758
18.9053
18.4666
17.5401
22.7804
24.5251
19.7750
18.5613
25.6682
25.7581
23.7438
20.4543
27.5674
22.4013
19.6595
31.3353
19.7226
19.5389
31.7391
20.0388
20.0675
27.1887
25.4670
24.0286
21.8776
24.9492
15.5126
19.8329
21.6083
24.4042
20.2014
23.2951
19.8431
18.4168
25.3816
18.3804
15.9422
19.7753
23.0575
23.7868
21.2066
25.3380
26.4914
31.3601
22.6935
19.7406
32.5032
16.5201
24.6220
20.0235
21.2098
19.2943
25.6143
25.4538
17.5445
22.8774
20.8164
31.0352
28.1055
21.4911
29.5440
17.3938
26.0732
22.1816
16.3701
27.9047
25.0233
21.2189
21.6239
19.0433
22.2514
20.2391
18.3129
20.0379
22.8193
29.6054
24.0368
22.4300
21.9555
28.8303
22.0802
19.6384
22.0026
30.4457
25.0784
24.3384
25.4586
23.6488
23.6001
30.2948
26.1064
23.2784
22.0759
23.6747
20.4941
23.8915
23.9840
17.4835
24.1163
22.7806
20.3874
16.7201
19.9456
25.3167
27.5307
36.7674
27.0399
36.5727
21.9771
26.5753
22.3215
23.4778
23.4115
21.4722
22.2091
19.1942
22.0046
25.5100
17.5101
19.0381
23.2742
26.2478
21.0813
30.0700
22.2418
20.5763
19.3842
26.3949
26.1474
22.9163
22.8723
29.4603
17.4378
21.6818
21.4949
24.4604
23.6279
20.4015
24.8190
29.6022
34.6753
25.6869
23.7488
21.6927
26.8758
22.8507
21.6468
30.0761
23.6388
16.3303
27.9510
28.5310
22.1376
19.0204
23.6041
24.3360
23.1933
25.1010
24.0922
19.0518
21.2485
16.6532
17.9110
22.1118
18.5579
25.2222
23.4890
29.5370
25.9790
25.0066
24.3940
19.8786
25.9203
22.6773
21.0409
20.3010
20.3157
21.6788
25.3194
31.6031
17.9269
27.9665
28.5153
22.8867
17.3320
22.9334
30.6572
26.5793
17.5297
29.8016
24.2212
24.8362
25.3621
24.9228
23.8364
23.2478
29.4121
28.7809
19.6564
25.1351
23.7944
17.6862
22.0161
24.5779
25.2140
22.8083
17.4325
31.2974
19.3117
21.7457
23.5083
33.8266
19.7354
18.9461
23.3707
16.5567
21.9591
16.6711
20.1263
27.8571
22.6333
19.2449
19.8501
28.7338
22.6501
19.4631
18.8121
25.0046
16.9307
17.2295
24.9484
26.2153
22.0988
19.4442
25.3000
20.0350
20.8852
23.9262
20.2033
26.0007
20.6221
27.7132
27.9310
17.3244
24.7000
17.4060
23.9671
26.0139
23.9255
31.6000
30.0696
25.4013
30.3868
19.2237
26.1300
20.1452
23.6692
16.2844
19.5485
21.8792
20.9473
27.2047
21.0011
20.7073
23.5158
29.9856
31.3449
19.9704
27.0523
25.7409
15.9909
27.1090
19.4382
20.4106
29.3127
22.8831
26.3714
33.8027
21.8661
25.3867
21.4832
20.3764
22.9160
24.6273
22.6774
20.1703
19.3805
27.1633
20.5917
28.3617
28.7058
20.5700
23.4805
25.7911
19.4726
32.3816
22.0641
21.5051
30.5554
28.1315
27.7121
27.5130
21.6944
20.5595
21.4274
28.6702
19.8675
29.9513
33.7330
20.1063
22.7608
23.5592
21.0461
33.7512
23.2272
27.3061
25.1781
23.5672
27.6569
24.6810
26.5461
19.4897
21.8688
25.6448
23.9804
20.9669
30.9995
25.3307
23.3217
19.7771
23.6424
27.3332
20.2837
21.7980
22.5349
22.2272
34.9602
21.1050
19.1833
29.6744
28.4120
20.3529
21.3699
20.7556
23.3305
17.6112
26.9531
23.5710
29.1943
19.0704
21.4220
39.7258
27.1796
18.5252
26.1662
19.5897
30.2159
23.6136
26.5881
15.9711
29.3430
21.5879
30.1442
18.7761
29.0281
32.0056
25.8473
38.5124
24.0817
20.7110
28.3302
31.0788
18.3803
19.3063
26.4635
22.3750
15.5719
18.0749
25.6653
23.2865
20.9183
20.2173
24.9144
23.1565
28.9837
27.4714
28.2672
18.0069
29.6939
18.8659
18.4699
22.8614
25.4217
20.5905
23.5453
17.3170
24.2068
21.1388
26.7323
20.0458
28.5671
19.6386
22.1566
33.0265
27.9364
21.4131
29.9442
21.8151
19.5311
19.6618
23.3085
30.3369
16.9429
25.6475
25.1955
24.0741
28.5867
20.1192
20.1111
28.1454
18.3354
26.5135
31.0708
20.9278
22.8603
18.9036
18.4986
19.2517
20.8616
26.9504
28.3732
20.2482
20.2371
21.5475
28.1665
25.5541
17.2065
25.5214
19.1267
21.2412
23.0087
18.5027
23.2449
18.7354
14.2689
31.5726
17.2166
25.9181
21.6330
19.7636
23.0577
35.2623
23.3137
22.7000
17.6237
20.5022
33.4391
19.9088
25.3241
25.6405
20.7258
22.8498
24.8257
20.0034
20.5722
32.0493
20.2659
21.3908
21.0273
20.8169
20.1434
24.1930
23.4905
21.6684
23.3154
23.3470
16.7446
17.2322
30.2209
25.6360
21.4319
25.3608
27.1873
29.0770
17.6882
25.9115
30.4990
19.8881
22.6866
23.3413
23.0662
28.1817
32.1015
32.5093
23.1119
24.8353
21.8600
24.1237
27.1236
22.2224
22.9594
27.4280
15.9498
18.9731
25.8827
21.2058
20.3457
21.3368
16.2948
19.8711
23.4697
18.1083
29.9902
26.9196
19.1177
24.3050
16.2849
25.8593
25.8393
20.0494
25.7508
27.1784
22.2323
24.0095
21.9914
29.0582
29.8924
22.1318
28.0103
31.0826
25.9406
23.2080
24.5752
19.4614
28.0550
16.2970
24.7240
29.1820
17.7308
29.0271
17.9101
20.3191
25.7049
26.0110
29.9012
20.5529
26.9126
27.1645
29.9179
22.1683
22.7757
18.6504
27.8291
22.1826
23.9931
37.6393
27.0686
27.3702
24.0158
24.7567
22.9454
28.6559
28.1785
16.1327
16.0067
28.8453
26.2798
17.1304
22.3144
25.5596
18.7365
25.2900
27.6954
25.7107
25.3696
17.4056
17.1823
21.4829
18.2380
21.3139
18.7127
17.8290
29.5662
17.8608
18.0004
23.4987
21.5532
17.1845
26.9518
29.0332
22.5097
26.5838
33.4433
15.0001
25.8902
23.6929
17.1638
18.5665
22.0408
20.8019
24.4691
33.1297
21.5605
20.9479
26.7079
26.8410
19.0447
19.0088
17.1541
24.5173
19.8109
36.4068
23.3463
25.1477
18.7707
23.7112
24.0284
20.8854
19.7969
24.3108
17.5702
27.2884
27.1947
20.6044
15.4008
18.0854
18.2021
25.9038
21.7108
27.3715
20.6064
19.2037
22.1884
18.2675
21.3273
24.3677
29.6052
25.6041
23.4017
21.7265
23.0480
20.7984
26.2793
28.4394
31.5154
19.3749
24.3485
20.5309
25.2307
23.6047
19.3545
24.9813
22.8864
28.1756
19.3488
25.1956
28.0405
20.7347
18.5683
21.7315
22.4180
23.9740
27.8600
24.1776
21.4689
25.4933
25.3548
21.8536
20.9918
24.2885
20.3425
30.8625
26.5409
20.3338
19.5051
20.6272
17.6656
32.5194
18.8000
26.1249
26.2040
24.1786
25.0924
17.7185
23.8069
24.4958
24.2326
29.0525
22.0448
26.9006
26.8954
33.7397
29.8863
17.1935
28.8195
26.1814
21.3217
20.5242
28.5575
23.8147
23.5889
23.7288
25.1927
24.2975
22.9853
17.2426
22.6551
20.9599
14.9468
28.4666
20.5931
21.1865
26.4047
19.3186
24.5313
28.4145
27.1249
22.3577
19.5804
25.4124
20.9520
29.5455
21.0977
26.7108
26.2743
22.9320
18.1931
22.1405
19.9524
20.8628
23.7925
15.7217
22.2809
28.3714
20.2742
21.2699
17.0227
29.0724
22.9562
18.1995
28.6596
17.4184
22.2789
24.8305
20.3358
22.6969
29.5143
31.9902
24.5709
23.5215
22.7076
20.0943
19.7804
18.3491
24.0547
21.2147
31.2595
33.4098
28.0749
29.1296
22.7119
23.9147
25.8087
19.8608
27.3224
20.5878
25.1978
24.8814
21.2066
20.0856
21.8446
31.1685
31.4996
29.1785
24.3214
18.8189
17.8148
24.4946
21.4215
19.4776
21.2513
26.1412
21.6061
17.9510
20.4998
25.5963
29.3567
20.9909
19.2495
27.1316
14.8254
21.1764
24.1094
27.9857
28.3795
24.9616
16.2122
33.5877
18.5817
23.7094
34.4700
18.8072
18.5794
28.9307
26.1169
19.7957
25.2251
26.7363
27.7502
24.9787
20.9141
33.4807
24.8085
21.9562
24.4516
25.2778
22.4890
30.4557
18.8783
34.5954
25.7846
21.0949
20.4263
30.8932
22.0630
32.2822
21.1131
23.8863
25.1254
17.7447
17.6660
21.2776
26.9623
26.7570
27.0050
20.6386
20.8541
26.1097
18.9745
21.2142
20.8118
19.6980
23.6483
20.2038
26.8512
21.8582
18.6645
23.1541
34.9965
25.0245
20.4609
28.5102
27.3647
17.8321
20.8617
24.0573
22.7991
19.1430
17.0546
34.7166
24.3460
30.2434
19.7510
27.5141
19.0196
26.1911
26.2558
29.5234
17.9342
26.5656
15.9927
26.1467
29.4847
20.9018
18.0866
25.7359
16.3553
22.2290
20.3539
18.1990
21.4567
19.3713
26.5416
16.9661
18.8538
29.4600
27.7136
22.8610
24.0021
23.9706
26.9058
17.9867
21.4889
24.3523
19.8737
24.5890
25.4320
25.5739
25.4259
26.2287
23.2463
25.7637
22.1274
25.8491
24.2013
24.4081
17.2024
23.2244
26.5701
25.9609
22.0532
19.5882
25.6034
24.3401
23.7874
31.8156
19.0681
27.1626
18.8743
32.8900
28.8779
23.0973
21.9813
23.3273
20.0945
20.4313
27.7676
21.7198
21.4418
20.5548
31.4864
23.8560
23.3098
24.4079
18.7877
23.2800
28.0271
26.5787
21.6568
19.9756
21.1641
20.0371
25.0578
26.5331
23.7423
22.2967
24.5357
16.5572
21.2359
28.4710
26.0651
24.3107
26.6070
22.5267
17.6001
19.1755
18.4212
23.2114
18.4947
20.7016
19.1092
20.4377
27.5842
18.9983
21.8150
22.0959
27.0964
29.5068
22.1560
27.5468
29.9423
25.5517
27.8974
21.8764
18.9137
21.7279
28.7826
20.9567
18.7791
20.3600
23.8677
20.5341
24.1490
19.3498
27.9437
20.6181
24.9307
19.0258
28.9191
33.2722
24.5387
30.6669
19.5902
31.0234
21.1541
19.5504
24.0980
18.1251
30.5817
17.6656
30.1201
23.9975
23.0857
25.0430
25.6820
29.7431
18.9362
32.3556
25.5303
18.3955
24.2468
23.3008
23.0286
29.0953
26.0017
27.4948
21.6634
19.5782
22.9026
26.3823
27.1819
25.2080
19.1421
19.4751
27.0218
22.5788
19.4622
23.7172
29.0282
23.9113
20.9492
27.9285
28.6389
26.4480
25.2240
24.3525
21.1668
24.4470
25.6511
26.4695
21.2248
20.5647
24.8367
21.7787
19.4374
28.4182
37.3014
23.4480
30.6966
27.1286
16.5110
28.5918
19.3267
16.8288
23.6554
17.5903
18.1349
19.3697
18.1429
20.9923
32.2927
19.2895
20.5277
25.5411
27.7910
22.5142
20.3251
17.8443
21.2926
14.6520
21.8463
21.0491
16.7608
24.0616
23.0773
31.3062
21.7178
18.8941
20.0813
24.0348
18.6124
26.1647
24.5373
27.9601
26.6541
19.2605
20.8624
23.8582
19.8788
14.8776
24.2926
20.9255
29.8923
24.2448
15.5405
29.9946
20.5200
21.1190
29.3402
19.2219
19.7215
25.5353
19.9187
26.2568
20.8214
28.0953
26.1588
22.2705
17.7354
24.5029
24.2935
27.5660
23.7868
21.1265
22.8376
27.4790
20.9081
20.9514
22.5849
21.8877
20.6079
18.8742
22.8394
21.5502
32.8563
24.0575
24.2302
22.9572
23.1064
18.1451
17.0749
17.0121
28.7978
19.2116
24.4501
23.5682
31.1968
29.3857
20.4619
30.1582
24.3711
16.1971
18.0124
20.0949
19.8593
27.3461
27.2140
22.9336
26.5609
32.4423
15.4928
26.5483
19.9537
26.2137
18.9956
21.5750
18.9813
23.7806
32.4264
19.4205
25.1459
18.4326
23.2389
22.1074
19.8766
28.9926
26.6327
29.9498
23.9133
20.8560
18.1346
23.1890
21.1973
25.1577
21.9905
28.0733
21.4360
27.5536
17.9232
22.3307
20.9441
23.8133
18.8957
19.0823
20.9034
19.7265
29.6057
23.6460
26.2757
22.0078
19.1001
17.5921
29.2028
25.4220
29.4815
27.5032
17.0597
22.1365
19.8506
20.3341
32.4315
19.7018
27.1313
24.7467
19.4587
25.6671
29.5163
35.8112
27.2805
21.4330
34.1251
20.7538
19.9990
31.1093
21.6156
26.7457
16.8660
18.9662
23.5229
24.1419
19.1186
21.7031
31.4694
20.2294
21.6538
20.4024
21.0579
29.9072
27.0314
20.6488
27.4272
19.8588
29.9361
20.8142
26.3752
25.2302
25.7319
21.8945
21.9951
16.4600
24.9154
21.5990
21.3154
21.3785
24.6193
29.8954
28.1003
20.5358
27.2326
19.2780
22.2095
21.0035
25.9867
27.9369
22.4758
19.4847
28.7900
17.2083
20.7532
29.4476
23.5858
22.2684
31.0065
21.4938
24.1227
31.4295
27.1291
20.3715
21.9106
24.0422
32.0867
22.3132
31.3216
16.9733
21.5073
18.9656
22.3560
22.4476
19.0061
22.9124
19.5429
30.4748
18.1471
31.3664
26.6616
27.8312
24.5867
19.9600
17.7513
26.8537
20.4175
22.3437
22.1005
17.3302
26.9737
22.1573
28.8818
19.3079
21.1046
30.2350
16.7785
24.4050
21.9012
20.5458
23.4308
21.7932
33.3451
31.2171
29.0787
30.4328
21.0695
26.9952
22.9817
25.5799
27.0042
21.0535
20.6533
26.9296
22.6561
32.9694
25.1691
18.9396
24.2853
25.5975
18.0081
25.0788
15.7621
22.1193
21.9909
24.8206
24.4507
16.4033
20.5156
21.6048
23.2653
32.7364
25.0732
24.9096
20.6580
19.7642
21.2612
27.1181
27.7986
21.6567
25.9716
26.8742
22.7854
29.6812
18.5001
26.4451
17.2601
18.8595
20.7304
19.3897
30.6142
23.3359
20.3846
24.9227
26.0567
19.4757
21.5473
29.2998
22.5054
19.5548
20.4094
19.5955
26.9956
23.3776
20.5170
25.9208
19.6222
21.5056
23.8482
23.7666
34.2194
28.4270
20.1888
18.0681
18.9500
17.2814
22.8925
25.3152
18.8035
21.0033
21.1295
27.6253
19.3895
16.7698
17.7702
22.7623
21.3679
20.6198
18.8355
21.8296
18.2207
21.6631
27.8577
27.0109
20.0420
29.1056
19.3809
25.0355
20.6068
24.7042
23.0187
28.7966
23.2282
21.6208
27.7171
28.1985
24.1152
24.0123
17.6337
29.9781
22.4649
22.1432
19.4378
25.1129
22.6259
17.2011
21.3125
17.9672
25.0628
27.9483
19.4506
23.9398
20.2983
20.5764
26.5274
27.2910
30.8421
21.7558
17.8941
24.6337
26.4519
24.5359
22.8407
19.3899
31.4807
23.6186
23.9419
26.8770
20.7244
22.9219
21.8004
20.9535
31.0883
22.4868
22.3183
20.1084
31.4718
20.1967
19.6767
21.8745
18.5672
22.5450
20.9828
21.2316
23.8229
24.0435
22.1787
21.0724
17.3182
17.7050
18.3271
19.4937
19.3653
27.7081
22.2159
21.6790
21.7714
24.2025
31.2787
29.5732
19.6431
29.1363
27.0918
23.7936
24.9505
27.4910
14.7136
23.5715
26.5237
21.9535
23.4638
27.8630
24.6095
25.8336
29.3222
24.4329
22.6788
22.3018
20.4286
23.7086
23.5113
24.0996
23.5551
28.3484
21.4426
21.4435
25.2945
25.0278
22.0166
26.8571
26.1792
26.5440
26.4269
19.0580
17.7725
19.8178
25.6022
22.9640
24.2127
28.3485
23.4767
22.6112
24.0300
19.6998
24.7256
25.7895
29.3054
22.3136
17.7011
24.6441
22.7067
28.5374
23.5596
30.4586
27.5534
20.5344
16.9787
24.3364
18.4021
23.3390
23.5756
21.6618
25.9068
27.2428
27.9205
22.4818
23.1672
20.3798
18.9514
24.1841
25.9325
22.4239
22.5260
22.5395
20.4843
28.1338
25.7833
23.0988
25.3885
27.7530
22.0266
18.0263
18.2220
28.9846
22.9484
22.6606
15.7152
23.3406
27.5856
19.3331
22.8306
21.0164
29.0618
28.9830
15.4175
21.6202
18.4776
24.6631
18.6977
26.5502
23.3262
23.6706
30.0763
15.6150
25.8821
18.1009
24.5643
18.8130
32.2510
20.4112
26.8490
32.4210
21.5843
18.2487
28.4166
19.0983
28.7891
24.0379
25.3535
24.8902
23.5292
23.2436
30.2615
22.7369
23.3887
19.3826
29.5215
24.1178
20.7585
24.6916
27.5609
21.0828
19.5632
28.7079
21.1862
21.4626
18.5432
17.3553
17.9699
31.8612
22.5074
15.9506
22.6835
26.4228
19.9003
19.9192
25.4131
28.0269
23.9388
21.4028
26.8880
20.4643
22.6250
25.1158
19.8954
27.6838
22.9577
28.2915
29.6406
19.3517
23.9772
29.4742
19.7474
18.8373
22.1567
24.6701
17.4253
23.0425
30.5738
24.3834
18.1697
19.2567
21.5759
16.4151
22.9992
24.2680
19.5345
18.9920
25.4305
17.1509
22.4197
23.3238
33.0650
23.3688
20.1636
21.3283
22.1959
18.7573
20.7743
24.6459
24.3658
34.1943
22.6856
22.0400
28.7486
18.1812
21.2085
22.1724
26.8536
22.1359
23.8659
30.8762
28.4332
26.5168
26.2596
18.3135
25.1100
22.8877
27.5269
26.6643
24.2779
27.4851
24.5288
19.0374
17.9514
28.4517
26.6741
21.6583
20.1392
19.5070
30.0618
26.8954
20.9108
23.5566
22.5056
33.6413
26.5305
13.3561
26.9110
25.1555
29.2468
26.8115
27.8637
25.6914
32.0868
23.3750
29.1999
32.8221
29.6724
30.3996
33.8676
30.1551
19.4597
19.4996
26.6423
32.3502
22.5983
28.0089
29.9644
22.6235
16.1870
21.1738
22.8542
18.8066
22.4334
23.6585
23.6881
32.4677
19.0660
28.1006
22.2952
21.3469
23.7784
20.8947
18.2969
28.0286
23.8139
24.3252
22.4003
19.7111
20.7844
25.7089
20.6163
25.7444
22.8815
16.1548
28.5332
22.1950
21.6582
26.7391
26.5400
24.5668
23.5565
33.3855
17.0870
23.9245
22.1789
21.4397
29.7587
20.1729
23.7161
31.7912
23.0887
19.0622
17.3829
21.7862
32.4216
17.6067
29.2694
31.1658
16.7645
17.2526
20.8119
28.7368
22.1969
18.2541
23.9571
21.7572
23.2691
23.9851
21.7896
23.1436
22.2496
26.9057
24.4463
32.7621
21.8329
20.5576
19.7712
34.5954
19.4652
20.8427
19.6988
24.6340
33.3296
26.6281
24.5639
29.5661
29.6615
29.3784
21.0251
23.5159
24.3869
18.9493
19.6573
19.4248
21.7966
19.4603
29.6154
21.5246
24.8125
20.1298
22.7303
21.1468
22.0706
29.9989
16.8386
18.6049
33.9784
21.6906
17.4500
27.0647
32.5990
26.7286
21.9393
31.2176
16.9584
21.8528
16.9205
28.4818
27.4969
27.7985
32.9577
19.8899
21.0830
17.3854
20.9406
21.1523
23.3672
30.3607
23.4384
28.0013
25.6410
25.1811
18.2144
26.6256
19.0540
21.2644
21.6363
21.4554
35.1760
18.9084
20.8812
24.1989
28.6413
21.1978
21.1746
22.8706
18.7193
31.9268
20.1030
22.7471
16.6294
30.3486
20.6266
23.8968
27.9152
17.3801
22.0293
28.1595
18.4261
18.0250
26.7120
16.2741
28.6561
20.2109
18.4977
25.6069
32.3161
16.9220
23.5015
21.5555
31.1665
20.0312
22.2440
21.8715
26.1467
23.8548
22.0881
21.4959
21.0021
32.6300
22.8740
32.2575
18.5343
23.6278
21.8633
27.2492
25.5004
17.7017
17.7424
27.0810
23.6618
19.8427
24.1252
24.4093
23.3397
23.6361
19.3127
23.0950
16.6497
25.1148
28.5818
26.5406
29.8361
21.6726
23.6886
24.8733
21.3274
19.5851
24.5778
24.4132
23.6525
23.3332
29.3163
26.2593
25.2604
19.2986
22.1128
32.8338
26.1329
24.5266
21.4988
23.4987
22.5764
24.8315
17.7155
29.6976
19.7738
17.8195
23.2118
33.7647
22.1043
23.1602
30.5244
24.3183
22.7279
18.3397
30.0772
21.4872
20.2188
25.8549
26.3556
16.2935
25.2125
22.7631
18.1834
30.4420
18.9396
27.3893
29.1758
20.2752
20.5567
17.8697
32.4941
31.2453
23.2079
23.7914
26.8866
24.0076
16.4557
23.5053
21.5262
29.6237
17.3690
29.6171
25.1478
19.1343
26.2662
22.2130
15.9428
25.6235
21.1886
22.7371
19.6603
29.1792
28.4459
28.2255
21.4715
34.3976
19.1352
20.9620
20.7074
20.7553
23.6305
23.0334
30.8414
19.9787
21.5427
19.3124
16.7704
23.9419
22.4203
25.1794
26.0352
30.5081
20.3256
23.2044
16.5855
17.9617
23.0397
19.6831
24.7032
22.9804
25.0770
22.5675
23.8962
19.9115
19.8790
25.6901
24.0174
22.0488
30.0444
20.6877
27.1875
27.1580
23.3156
21.3280
22.2134
24.9013
17.3869
30.9918
27.7245
26.7636
21.0421
21.1219
33.9652
15.8070
28.0041
23.2321
16.3209
16.3597
23.8533
20.5625
18.4299
16.5771
19.4948
16.4156
18.4897
22.0790
24.0640
21.3372
19.6781
31.0202
24.8939
20.8748
22.2278
18.5851
18.0403
21.2793
16.3294
18.9237
23.9269
20.7160
29.6796
23.8434
35.7447
30.9651
24.9879
28.3625
16.6263
18.9513
34.6645
23.0451
22.8701
23.8107
22.7076
27.6694
26.3775
21.9142
24.5924
27.6715
21.7826
25.4331
19.3486
20.8180
17.0471
17.7293
24.5959
18.9590
18.6293
29.9162
31.5736
27.3315
22.4576
18.6159
24.9883
22.0091
20.9527
20.1207
32.6249
17.8329
28.7833
18.1156
15.8525
18.7214
19.6459
23.8060
25.4569
27.8709
21.9377
18.2849
29.3111
29.8974
32.0154
18.2258
20.5225
20.6643
22.1086
17.7443
21.5350
19.2510
28.3247
20.0757
23.5740
18.4164
28.9446
17.8043
18.9212
18.7980
24.3256
22.1069
26.8857
27.4608
19.9267
19.1774
20.6537
24.8817
28.5266
28.0356
22.9661
26.6991
33.8183
16.0256
32.3086
32.6831
32.2382
17.4736
16.9460
32.4328
23.6013
17.7678
31.3720
23.0884
21.9139
28.5139
23.5898
32.3961
20.6425
30.1253
23.2003
19.2459
22.0259
21.7842
23.4382
21.2937
17.3214
27.4477
26.2604
21.0387
28.5369
19.4197
22.4753
17.9208
18.6948
25.1921
22.4227
24.7642
23.6210
29.2044
30.4535
17.4711
19.6530
23.7652
19.6108
27.5134
19.6583
19.6239
26.5489
25.0435
30.6755
18.5777
24.5967
23.3804
24.3810
28.9729
31.8247
29.7887
29.3216
18.4913
19.0752
29.2443
20.4285
26.7418
23.4942
19.3664
21.3161
25.4690
14.3863
17.6204
20.7741
23.0803
31.3023
23.2162
21.7030
26.8275
20.0465
23.5105
15.6411
24.5086
25.8166
19.0190
24.9638
27.4266
28.4274
20.9879
27.2509
23.7794
26.0092
25.4263
26.1331
20.6444
22.3776
21.5294
30.0275
24.6884
24.4881
21.4387
19.2516
27.6705
20.0379
22.2383
23.0880
33.8911
28.3693
30.1394
24.4723
23.4606
30.7330
27.8531
17.1092
25.5893
34.7452
19.9483
20.8742
23.5773
25.0238
27.8103
19.7514
24.2040
24.2874
21.7265
31.8984
27.1119
24.8183
17.3775
26.1005
29.7411
30.1472
22.9563
22.8927
24.0612
25.7339
21.5201
20.9770
24.5367
26.4016
24.1332
25.3663
25.2623
16.0239
17.9232
25.5149
22.4628
29.0289
20.5507
22.4880
23.1054
19.3030
27.5530
24.1027
27.2828
19.7187
19.3238
20.2488
26.5772
24.0356
27.8912
25.6422
20.4228
23.1581
29.4307
20.0736
17.2696
31.2949
16.8201
32.0417
19.8633
17.5274
24.0584
28.7367
22.8671
33.9402
25.5227
25.4398
25.7930
31.9949
29.1783
20.6825
22.0013
20.4234
14.9196
17.9657
23.7750
23.0552
28.6437
23.8369
21.2902
31.6820
28.7591
23.4104
24.5994
23.4078
23.6686
22.6570
19.0493
28.1747
23.6768
23.1031
18.3688
29.1794
24.2059
22.8775
32.6701
23.3923
21.4201
26.1824
23.2826
19.1207
28.1879
22.0260
23.9213
19.7160
23.3053
19.6874
23.1953
26.0166
27.1171
26.2965
28.3630
32.8689
19.8193
18.7613
29.3126
23.3590
23.7131
28.4736
26.3205
24.9524
18.6783
23.7157
21.8659
18.8973
20.6683
25.8064
26.1920
20.2523
25.4852
24.5239
20.1341
32.8196
24.2110
19.4756
26.0801
21.3916
26.6771
30.4350
23.6859
21.9652
23.5819
22.3009
24.3746
26.8748
17.6530
23.9012
20.7968
32.0762
24.7044
24.7986
25.1588
24.2149
17.1387
19.1860
19.4517
19.8141
23.5260
17.9821
26.7945
26.8718
19.7192
22.9614
20.2504
13.9489
24.2494
21.8579
20.4046
19.8666
23.3961
28.8698
19.5283
28.4457
23.3160
24.8020
21.2466
23.4952
22.8731
19.6448
28.5189
26.1227
22.4087
25.4676
28.5924
21.1583
16.1957
16.6153
31.0375
23.8916
25.5647
20.7457
17.7708
18.3219
24.4561
22.0399
31.7974
20.6406
18.8832
18.0030
17.0597
19.8186
23.0325
20.1223
20.7257
23.6931
19.0189
22.6025
16.1466
18.1176
27.7064
21.1127
16.2092
18.3015
19.9068
27.1741
21.7790
20.2414
25.3021
20.7746
23.5175
24.8309
19.9984
24.5957
24.7878
29.0372
20.1717
23.3684
29.2567
23.1566
28.9881
32.8430
20.0100
14.7577
19.8733
16.9470
17.5099
20.2936
30.4888
20.9332
22.5419
30.4673
33.8889
30.8962
18.1949
24.2850
18.4118
22.5571
22.9853
21.3294
30.6498
24.8045
17.0289
18.0347
21.3976
26.1761
24.3083
18.3829
26.0733
30.4771
25.9938
23.9289
17.7822
16.3188
25.5669
28.0449
29.7732
28.2532
27.4430
26.0977
21.7623
19.1183
19.9949
23.9307
17.9332
18.7927
24.2064
25.8148
21.8496
20.8428
22.0427
28.1686
28.5980
20.6763
20.5078
25.1971
30.4969
27.0335
35.4340
22.6022
24.5709
21.1134
26.3351
30.4981
22.6438
31.3783
26.7031
21.6027
19.3348
33.8992
21.0483
26.3266
19.9781
21.5254
26.4038
24.7428
20.0827
27.1223
29.2167
21.5940
22.0563
16.8018
25.9672
22.6374
26.4524
20.6395
22.1960
22.0906
24.9308
24.0073
19.1011
21.3601
17.1999
22.8046
31.1437
24.8099
22.7209
33.0197
19.2206
24.5887
20.0803
30.5208
23.5491
17.5041
22.8465
22.3146
27.1966
20.2423
21.2505
27.2154
15.9898
17.3864
27.7478
21.4825
23.0104
23.3506
20.9688
24.5562
19.9578
17.6810
25.3955
19.4304
32.8870
25.0146
30.6415
22.8619
25.1837
20.7045
16.6734
21.1532
23.6938
22.0648
27.3473
25.1216
33.4114
20.0179
21.4349
25.2459
18.6411
23.6290
21.5464
25.3495
30.2811
24.2850
21.6298
24.5143
16.7862
23.6787
23.0898
25.4570
25.9565
30.7028
30.3241
24.8456
20.5899
23.6401
17.7558
16.1280
25.0335
21.5717
19.5543
18.1340
24.5357
30.3057
26.2514
25.8748
23.2638
25.2930
21.4303
21.0903
27.7918
26.4948
20.5152
24.1709
29.9122
21.8892
28.1762
25.5812
19.2358
23.7421
27.1479
25.7224
22.5588
24.2817
26.1670
17.6447
21.4842
16.7783
29.9689
19.6073
21.9004
20.5636
20.8677
28.9689
28.1253
27.7094
31.4752
17.6347
19.1152
27.6703
27.1613
21.7199
23.4199
23.7980
30.1752
28.3618
16.8705
22.9031
23.4034
31.3578
21.0559
22.5872
19.8683
27.7373
23.9330
20.1822
24.6981
23.8851
20.4084
21.2133
22.6843
16.2361
21.6927
24.4330
28.1864
28.4048
18.8972
29.7608
21.6423
21.3756
28.8652
27.0508
30.7397
25.0880
27.7512
20.7868
20.1496
23.9170
24.1398
17.1026
21.0071
22.3256
20.2596
26.9321
24.2033
28.3099
28.8208
19.0642
23.0768
28.8526
21.8245
33.5420
19.3417
29.5311
15.9869
24.9550
19.2071
26.1541
18.4667
23.3897
23.0333
22.6193
22.2116
20.1337
20.0280
29.1809
20.8273
24.4183
26.5568
18.5638
20.1897
29.2234
30.7035
26.1110
20.3792
17.8340
18.6010
17.6987
17.9654
19.9057
25.8063
25.4888
22.3950
24.7945
18.8775
26.0078
18.3445
32.0697
22.3566
29.6758
25.3479
27.0350
26.6977
20.2085
18.2677
29.4365
20.5767
21.3979
17.3746
17.5622
26.1918
25.1035
21.4698
22.0423
14.5860
24.8726
27.3655
26.6040
21.9913
22.9460
23.2503
23.1648
27.3486
17.2319
23.9138
22.0622
19.6236
26.1860
25.4971
18.0518
27.0834
33.1540
26.1841
26.3161
26.4193
27.2033
17.6691
23.1944
33.1047
17.9329
30.8901
22.2674
15.7458
20.2476
20.6369
19.7253
23.9449
20.9661
24.7127
19.5150
30.7112
22.3889
27.0179
15.2445
22.9212
19.8276
22.9010
20.5917
19.8821
17.2188
18.3209
16.7536
27.6239
33.1996
23.9439
24.8409
24.5848
22.8583
30.1691
28.5904
25.4092
21.9320
24.2496
20.3748
17.7441
20.6455
26.5616
22.5890
22.9898
25.9617
21.1249
19.7794
19.9248
27.8762
19.5530
32.7990
18.1639
19.5527
26.6369
22.5497
25.5018
17.6069
36.2633
20.7810
24.2203
22.2574
26.1238
30.3711
29.0703
30.2692
18.5924
16.2019
23.6770
20.0659
21.4557
20.1141
17.7896
18.8706
25.4009
23.6491
24.0448
23.3400
26.9575
22.2844
22.2406
21.9231
23.7653
28.1495
29.0047
26.9566
28.5196
19.6496
16.3828
21.8624
25.4784
18.5550
17.4685
17.9050
29.7171
17.9507
21.2713
29.6968
28.7824
30.4260
21.3284
35.3095
22.2610
22.6726
20.8144
25.1007
21.9880
17.3012
20.8126
23.1256
21.5523
19.9945
28.6651
32.2906
27.5133
25.7725
21.8893
23.6002
25.8710
19.3366
19.6320
20.0205
28.4087
22.5049
26.0073
22.6520
18.5955
18.6917
27.5603
27.7427
26.6042
21.9615
24.4338
20.4504
17.7953
17.0832
23.6791
27.7974
22.7100
27.5834
23.6062
28.1881
20.2671
23.2759
25.1127
28.8447
24.6665
19.7912
18.7191
15.8651
24.3106
26.2621
25.7341
19.7423
23.0761
19.1894
21.5953
25.1447
23.5908
28.6853
21.4836
24.3392
25.8448
22.2149
25.3229
23.9534
21.5892
28.6026
17.3285
29.4937
18.4837
31.6263
20.1448
35.1563
17.0191
26.2815
23.4393
21.0668
16.8998
24.5467
30.1162
26.0165
16.4122
21.3436
26.1736
28.7354
23.8768
27.1573
27.9365
18.3378
24.9092
26.8825
18.6949
23.2660
21.8475
27.0667
33.0076
28.7069
22.0262
24.5011
24.0304
30.5806
27.3625
29.1504
18.8213
18.3761
20.2545
22.8419
28.0976
23.7804
29.0224
27.1742
26.0357
23.6147
26.2849
20.2712
27.4731
32.2420
21.4260
17.8652
25.9387
19.3371
21.4437
22.4417
25.1828
29.0580
25.1408
24.6691
19.9051
31.5442
29.0247
17.2484
21.8266
20.1251
22.6279
21.6118
19.6390
23.4673
21.6708
18.3231
29.9054
18.6865
27.8197
21.2121
24.5235
26.9275
22.1324
24.9351
21.0750
31.3417
31.5574
21.7104
16.9161
22.5645
27.2820
21.0105
28.9008
27.8880
28.4626
25.1933
30.4754
25.2623
27.6636
23.9443
23.2715
24.0853
26.0855
20.7645
21.2569
29.4950
30.9622
18.9992
19.5267
28.7246
28.1677
23.3138
19.9752
16.9412
17.9128
27.0380
19.8565
29.9604
19.6489
19.9962
27.3382
24.0510
21.8172
22.3472
22.2254
22.3556
18.7423
27.0342
18.7424
15.7084
18.5801
19.2960
26.3565
25.2083
22.6684
25.3861
23.5308
20.2638
25.1783
29.9946
18.8994
22.8355
16.2894
27.3195
23.1329
20.8920
23.8539
23.6208
22.3577
21.7695
32.2014
20.8871
23.0904
17.1743
22.9175
23.4655
29.8570
20.9844
22.4651
24.3720
24.6531
29.9894
28.6119
18.8985
28.0780
17.6720
26.0715
18.3202
18.0156
24.9589
28.1873
23.9092
22.3692
20.0392
26.7437
20.0571
26.4250
23.6390
27.6615
26.5042
16.7844
23.4181
20.6852
26.1512
33.8737
29.9687
27.6634
19.0652
22.2064
27.8559
23.6109
26.1432
28.6663
24.2501
21.2593
20.4559
16.7449
26.2340
23.4038
29.1285
26.2833
25.4253
25.3396
34.3735
18.4822
17.6825
26.8517
26.3050
21.0043
17.0027
17.4364
20.9724
16.5055
18.3792
17.9106
24.8512
32.4705
32.2277
21.6997
25.1234
22.9718
26.1625
29.4325
21.5701
24.1107
27.1943
17.8850
26.0408
29.5229
17.5176
18.2195
30.2403
22.0164
24.5842
18.1504
17.6806
23.9114
25.2672
18.0838
17.7696
22.4860
27.0322
25.4512
28.8381
25.8306
22.2294
19.3555
21.8095
22.1728
22.2309
16.6818
24.1309
24.1695
21.8860
27.5629
23.1818
20.5658
18.2636
16.4407
19.3346
26.5940
19.0464
22.4790
28.4626
17.8100
21.7092
26.1359
23.4731
18.3601
24.2952
26.6949
23.8230
32.7732
21.8682
22.2050
18.2099
28.3455
21.4428
20.4621
33.5812
24.5996
19.6695
24.0324
18.3216
29.1463
34.0972
17.2848
22.6714
20.2491
27.8771
28.5565
19.1384
28.4290
26.8321
26.6758
19.5977
25.2138
19.5901
18.8707
20.6585
22.6775
33.1107
24.0922
26.8734
26.6788
18.9350
21.3170
23.1095
20.8405
23.3246
19.3772
26.5042
22.6516
26.2892
22.4569
14.3379
24.5951
22.0671
20.8472
29.7780
19.2921
23.2736
28.1135
28.2919
21.4645
18.8396
22.1883
20.1924
28.7214
32.9253
26.3174
18.6515
22.7208
19.6829
17.6178
20.8219
28.5044
21.2624
24.0602
31.8712
20.0549
28.7326
18.7014
26.5613
21.8211
31.4781
28.5060
25.9277
27.0506
21.3086
20.8503
17.8067
18.8036
21.0704
20.6237
26.7142
28.9599
15.9736
24.3540
17.6344
19.5323
33.1428
26.0749
27.8965
22.1266
24.8059
19.1888
31.5733
23.5139
23.5982
15.5876
19.6448
19.0258
18.4197
20.8213
17.8812
22.3766
20.9610
30.7776
22.0922
23.7150
25.3029
19.8865
23.5240
24.3632
25.9079
25.9839
17.8274
20.1280
25.4437
22.1993
32.3756
21.5378
20.6797
24.3826
18.5852
26.9306
26.0517
26.5811
27.1251
19.2906
18.6032
17.9616
19.7477
24.0195
24.3483
29.8659
20.6538
20.2970
27.5554
18.1356
22.3885
25.2553
23.8525
24.1992
28.2481
27.4960
17.2166
16.8887
23.2238
16.4576
26.4996
19.1837
23.5597
26.4557
27.7253
29.5316
24.4013
17.9344
18.3617
26.3721
22.4813
27.1046
28.0318
15.1275
25.5648
28.8193
30.2045
29.9896
25.9698
25.7294
24.8337
25.0687
24.4052
17.5009
23.7707
17.8994
23.9881
20.8217
19.7551
24.1832
25.8404
24.1316
20.5304
23.2617
30.2133
20.7749
24.0644
21.7473
30.1294
32.3669
26.3461
22.4905
25.0752
19.4070
27.8216
22.0010
19.0538
24.2485
18.9191
25.7333
30.8637
25.5401
20.6192
22.1751
25.3679
21.1236
21.5099
23.0607
29.4427
21.0461
29.6541
22.9694
16.7418
21.1465
16.8213
24.0469
23.5275
28.0626
21.2245
21.4490
21.3508
26.9576
19.7549
29.9814
23.6355
17.7925
26.3834
22.0923
27.5014
25.7898
28.7970
25.1056
29.6741
24.0193
25.1189
22.8941
25.3377
18.1885
19.4376
22.2462
16.0758
23.8409
18.4530
23.6672
34.6940
19.9617
24.7470
24.1747
30.0060
27.4985
17.7318
28.5409
24.0126
18.6146
18.6668
16.4836
23.8984
19.0988
18.6067
17.2333
18.1163
22.0845
18.0641
26.9878
17.6516
21.6507
23.9607
19.8815
15.0992
16.0046
18.9865
24.0216
34.4164
17.4944
22.7441
24.0086
23.9395
24.2159
22.5338
25.4191
17.6903
24.4119
26.8056
25.0647
26.3003
27.6177
16.9729
14.1055
22.5264
18.7998
16.4311
16.2234
23.9182
20.6166
29.0531
27.8719
29.3589
16.8444
19.6132
27.2504
25.6943
22.4730
23.2016
22.3043
22.8793
25.5498
18.9489
23.6647
26.2995
20.8272
21.4231
20.5028
24.4477
19.9892
27.7409
16.2139
23.1530
28.8286
24.0040
27.2360
25.1074
21.1393
29.6464
27.0691
19.0595
31.1970
24.3647
23.6232
19.9446
26.2472
25.7746
24.0497
28.8544
21.6706
19.6941
17.9976
24.0114
19.0539
26.3303
21.3278
19.2839
28.6140
20.4934
23.9379
20.5402
22.0588
18.9627
16.9401
23.5301
23.8169
16.9617
26.7034
25.4591
18.7681
30.5805
19.7107
22.3910
29.5792
24.0929
27.4851
28.2331
22.8318
18.8749
28.8486
17.1406
18.3871
29.5132
19.6295
20.0593
20.0200
23.0029
21.0396
24.2820
21.9428
19.7522
17.9393
29.8415
33.3742
20.2621
21.3361
21.6598
17.9272
20.0839
25.1816
29.0048
34.6583
19.9863
26.2150
19.9767
31.9795
27.1214
29.0053
19.9822
15.2078
23.2068
20.4435
31.2424
29.0856
23.0979
23.2742
25.3801
17.6956
22.3847
20.2249
25.6974
30.5337
26.0506
24.7411
27.0709
20.7700
24.9021
21.9433
24.8301
24.5901
19.7395
21.3276
34.2082
19.9052
18.1715
21.6899
25.6951
23.0011
19.4115
25.8180
28.7676
26.6600
28.7830
31.8543
21.6095
22.6191
19.1309
19.8388
16.0562
19.1281
29.7074
29.6707
21.1533
23.2348
18.4036
23.1488
21.7363
28.2826
18.2434
16.3758
27.4764
21.8762
24.7779
27.4097
23.1055
29.7002
16.0456
23.6416
26.1726
21.5306
18.3105
24.5266
28.0539
23.2080
26.1201
25.0411
21.7026
29.3093
20.7589
27.4297
25.4602
25.8549
21.5396
29.5423
23.3112
21.6870
23.9869
25.5883
20.6516
21.7328
19.8209
28.0763
24.2548
19.9496
15.3044
30.3551
22.3146
20.6508
25.5572
31.4140
20.0898
22.7321
28.3479
25.8842
24.7946
23.7907
24.6005
16.2521
20.1911
22.0749
20.7273
23.2601
20.9368
25.3810
31.8685
20.7226
22.9956
21.8492
22.5427
25.9210
18.2592
20.6625
25.6496
23.1169
24.6949
17.2456
25.4720
21.7702
24.9533
21.2872
19.3139
28.2255
19.3291
29.8967
23.7103
24.2966
21.2089
28.7300
21.5712
22.0531
31.8194
22.3543
17.1168
23.2350
19.5932
22.3250
26.6070
22.1426
22.3076
26.3651
24.0545
27.2824
28.3226
17.4620
20.5481
23.2745
27.1550
19.9183
27.1492
28.6532
32.9017
31.2244
27.4487
22.6931
20.7713
21.0887
33.5553
26.1106
28.4960
24.7224
29.7499
22.7173
24.5568
26.0884
31.1735
23.8522
18.8084
19.9837
18.4626
20.2460
22.1912
22.1977
25.3986
20.8093
19.4299
18.6568
28.9545
30.6042
17.7330
27.0300
27.8937
23.9036
30.3890
25.2375
20.8657
25.8330
26.5508
23.3238
20.2759
20.7968
23.1884
20.4031
17.6179
20.4954
30.5185
22.0544
20.3431
27.0763
21.3714
20.3140
22.6019
23.1606
30.3884
18.7239
30.1534
23.4256
19.6381
22.8536
25.6902
21.7985
25.9134
17.4403
28.7422
23.0960
22.4094
19.5963
30.4744
21.1532
24.4107
20.7067
16.6255
18.6883
20.3860
17.7893
22.9115
30.8823
17.1981
18.3260
21.2317
20.1377
19.1192
27.7811
20.9098
26.2426
22.8129
19.5439
20.9885
20.8014
29.1331
19.0691
16.3880
27.1455
23.5436
18.4722
22.8904
17.8713
18.0034
23.7553
21.7147
27.0900
26.8241
29.7546
28.9112
31.3792
27.3362
27.6545
31.3831
18.6583
26.5804
20.1202
22.6318
24.8147
28.8981
18.5671
20.9948
25.1567
25.3466
17.2731
21.3073
20.7453
27.4686
26.2491
26.7825
18.1742
25.1729
25.4880
21.6574
29.7776
24.6416
18.6854
19.0652
30.2719
23.2459
22.1154
23.0369
26.5523
17.0126
29.1069
29.4055
25.5258
27.8501
17.8270
18.8127
22.7121
21.0359
24.1868
28.3654
28.6011
28.9063
19.4860
30.0398
18.5510
22.5866
26.4006
28.4150
19.6290
24.1207
24.1528
17.4979
18.8252
27.6402
25.7944
24.4059
25.4501
26.0271
36.2764
25.9490
26.0926
31.9090
21.1733
24.6124
21.4801
20.5819
29.7677
26.7923
17.5321
21.3251
20.5597
25.5599
30.5682
23.5247
21.4115
24.3953
26.9904
22.8055
28.4363
20.0175
25.3057
18.5098
15.5053
15.2669
24.4455
18.4270
18.9744
27.2040
17.5451
29.5736
22.0123
25.1474
17.1506
22.3037
24.1317
21.8975
27.0177
23.0881
30.7979
26.6050
22.4556
25.8321
20.6237
22.8337
19.3506
26.9635
28.2565
31.5267
35.2720
25.5202
25.2665
19.2985
25.3183
22.4806
21.9246
33.0924
36.6656
23.0552
21.9526
28.1087
24.6666
18.4075
25.4911
21.1234
24.0831
21.5058
20.7845
24.2900
20.3626
24.7036
21.2149
23.4338
24.6116
25.9077
20.2293
17.2435
21.5541
19.9248
23.3604
18.9434
24.0909
23.5206
26.9790
21.9790
21.8436
32.0723
19.5189
21.6514
20.3572
19.8306
21.6106
24.5730
24.0170
26.9083
21.5944
18.3410
25.4444
22.9008
30.6004
26.4356
22.6163
24.2608
23.5397
23.8123
27.1384
25.4472
21.1774
25.1973
24.2414
19.7014
16.2010
25.9776
15.6185
20.1947
26.1501
19.1298
22.7686
18.1802
29.2329
18.9119
17.4339
24.3325
17.0792
30.9224
23.2031
16.7252
20.0999
21.8275
20.7076
30.8152
27.7037
20.4888
19.6370
26.0813
19.3907
16.8309
27.0405
38.3839
17.7308
24.4154
22.8734
24.7691
29.3511
31.2753
19.7723
30.8357
27.6550
19.8154
21.8666
21.9710
24.1396
20.3599
25.6950
23.4937
26.3686
30.5535
27.1846
18.3192
24.9381
23.9148
16.3690
22.1885
29.3982
19.4703
23.4624
28.5369
18.7860
21.8148
25.4196
30.8180
23.3464
16.6182
29.0027
33.0481
22.5001
31.1586
17.8940
20.4907
22.6929
24.5398
20.9242
23.1306
25.1218
21.5378
19.2426
20.4845
28.5251
24.7376
19.1958
30.4476
25.7233
18.0608
21.4174
24.7932
24.7704
22.1467
17.5478
21.3581
18.4502
27.3634
23.6422
19.3158
26.0802
20.7433
23.0590
25.8726
27.5546
29.4094
24.4561
29.7555
16.7462
17.6106
23.6577
23.3875
21.5916
19.7113
26.1076
17.5352
24.3825
19.3638
25.5077
20.1997
21.4674
20.1807
25.3984
24.0950
17.5947
19.8301
28.6674
20.3273
25.2881
21.5389
27.6434
20.7274
31.4949
26.1980
25.7438
21.2419
16.3846
27.5254
26.5692
15.9077
26.0908
18.8060
21.8166
21.5463
25.8757
24.0350
19.1537
24.2893
28.8767
22.9341
23.0311
21.1155
20.7803
26.1245
21.3404
30.4620
16.5474
20.1602
23.5453
28.4325
24.6476
25.7753
28.8619
27.8504
29.7137
24.9828
26.5705
25.6308
26.1176
22.5764
25.6734
24.9722
31.1055
20.1245
19.0749
24.0722
21.2303
23.9290
20.2126
25.1399
20.2839
32.1315
23.0864
27.3360
16.0543
21.3244
24.5239
31.6336
21.9732
18.7182
22.3700
21.4799
23.8045
22.2174
17.8613
24.4496
29.9301
22.8891
22.1337
25.1232
30.8751
30.9978
25.0245
29.9200
24.8600
24.1806
27.0902
18.2701
24.3565
18.8521
24.7098
18.7626
22.1597
18.7056
24.0747
25.8049
24.9156
25.1765
23.6503
22.7117
23.1287
19.1061
22.8682
17.1533
28.4270
22.8717
26.7820
19.9287
20.0448
18.5618
17.1514
23.5246
26.3395
21.0206
22.2145
23.5981
16.9969
23.0392
22.2251
28.4346
25.9672
22.4891
20.7680
23.3080
28.7137
27.2588
19.2749
22.5541
22.7903
26.1981
37.4827
32.2655
23.4524
24.3238
18.7222
20.1568
19.8184
21.4531
18.9398
28.4003
23.6466
18.9275
30.2359
21.5798
24.0960
28.6088
18.2049
20.1845
20.8658
22.0917
28.4726
22.3390
17.9006
24.8909
22.7556
24.4925
24.7483
20.2308
22.9246
24.4078
19.2137
30.4170
22.0478
25.5077
28.6778
28.9215
22.5453
32.7657
20.4899
18.6791
25.2109
25.9770
19.0918
21.2351
30.0494
27.6158
20.6034
18.5719
22.4359
24.1172
25.2052
20.7356
19.6156
31.3582
23.8314
27.1052
24.0353
23.0175
29.8972
23.8745
29.0326
20.3461
16.1001
18.6422
24.6947
26.2726
16.4397
19.7400
22.2112
26.7035
22.4362
24.5300
19.9659
22.3194
28.3698
29.8666
22.5507
29.8214
23.2624
20.6559
19.6533
22.3475
14.1039
22.9683
17.8719
23.3952
29.7266
26.6807
21.3825
22.9268
25.0882
26.6259
23.6827
21.7154
28.3804
18.8938
22.0237
16.5954
22.4397
21.6902
18.7449
18.8349
24.4164
26.3062
24.3931
18.7216
16.2414
27.0186
21.6989
28.4717
27.1560
19.3664
21.4845
22.3674
19.0699
22.5158
21.3063
32.9488
25.7230
18.0926
21.9863
21.3166
16.7629
18.1931
22.7865
23.7757
24.6663
24.1015
22.7044
25.6998
19.6670
22.8985
20.3367
17.2340
24.2431
24.2245
25.2726
31.7873
22.7481
18.6430
30.7958
21.6072
19.0151
35.1318
27.8229
19.9602
24.9276
28.2018
25.6456
25.5247
21.9446
23.4352
28.3216
22.6102
21.7364
28.1433
22.6019
24.3871
23.6851
30.7913
16.6220
17.5515
28.9499
19.5280
24.1003
25.7069
28.5550
20.5687
27.4503
22.0558
18.5884
19.0861
23.8605
26.7118
20.6279
21.3572
21.5991
21.7933
18.4986
20.1436
23.1622
16.6177
20.4057
15.8357
22.9293
27.4210
23.2861
20.8139
21.9538
21.9145
16.9903
25.3347
24.0320
24.5841
27.8465
23.3059
28.0661
21.0748
25.5704
27.0777
28.7463
18.9249
26.7249
24.9510
33.5427
21.9361
29.0009
22.6469
19.8716
24.4668
30.6706
21.3407
19.1798
21.5710
18.3045
19.4193
22.7685
27.2827
28.7446
17.3387
26.3580
23.7627
23.8534
20.2415
24.7969
24.2693
21.7109
26.5872
19.1400
18.6497
23.0008
17.8027
18.2715
26.6454
19.3358
22.1848
24.1806
23.7255
23.9642
23.8864
28.7000
26.2068
20.8374
30.1144
19.3697
15.8284
20.9850
28.6084
21.4321
19.1425
29.1723
32.4510
18.1903
31.4405
22.2865
26.9225
31.4853
27.7522
27.3526
25.5823
25.1312
31.2093
21.6977
21.7508
16.8173
25.2359
21.2863
28.7451
19.7936
21.1448
23.3177
26.3455
29.9699
25.9870
18.2595
28.6518
19.9284
24.7626
24.5238
20.4330
23.6309
17.5661
23.7056
27.6507
26.5835
23.3110
31.1507
22.1173
27.5306
22.4644
20.1348
30.4453
21.2758
18.9484
21.2318
22.5515
22.2180
24.6151
21.8702
18.6408
23.2301
25.8592
20.7961
19.8562
22.4499
20.9753
20.1026
26.3249
26.1088
15.9922
23.9609
15.9537
26.1061
27.3637
17.3764
23.4964
22.9486
25.2158
30.1883
24.6949
27.2787
19.2989
25.1903
24.0968
27.1040
26.1239
17.0144
23.3929
21.1691
24.1269
29.1271
25.0743
28.4833
20.7587
19.0112
26.9466
25.4061
21.5004
16.9926
16.7010
29.3574
21.6929
28.0248
23.6744
27.6597
22.8531
22.5313
27.5596
21.7168
18.0694
27.4171
25.9698
18.1751
23.1794
17.5538
21.5343
28.6457
23.5016
20.8841
16.1058
19.6131
27.4368
22.3268
21.3103
17.8703
29.4510
24.7413
23.9078
20.6262
29.0840
26.2148
27.8830
29.4517
20.7883
19.9713
20.0273
26.1173
22.8099
27.1810
27.7808
22.0760
30.3142
22.0291
21.8911
29.4132
19.7772
30.7453
27.6232
20.9634
23.0813
25.2649
23.5314
23.4227
29.1579
22.6856
19.5887
29.5982
28.6138
32.7494
24.9287
21.3340
27.2868
25.2939
25.8675
21.3789
30.0273
22.8868
24.5776
24.2434
20.9497
18.9755
25.9668
24.7808
23.2314
28.3436
27.4766
27.0264
30.0869
30.9700
21.2721
32.7399
21.2605
22.8387
28.2416
29.0732
19.5275
21.9708
22.0907
18.9061
26.3851
22.1015
21.3478
22.7331
21.0362
23.0139
24.3545
30.7880
22.1374
19.5645
20.3159
22.4078
26.9152
35.7227
26.7020
23.7359
22.3593
20.3366
28.0257
25.3227
20.0400
24.9076
22.9350
21.5791
25.2011
22.3989
18.9127
22.8517
27.9468
20.7580
28.5716
17.8525
29.5755
17.0542
25.3281
27.9517
24.7308
20.6217
26.9573
23.4740
22.0120
21.9220
18.7875
25.3661
18.3233
25.6155
20.9324
22.3146
21.3757
17.0939
27.5227
27.2914
18.9871
16.3720
19.7201
24.4401
26.5198
24.6318
30.9814
17.8217
18.6590
19.4581
16.8814
21.5194
19.7526
27.8786
19.9558
25.4161
21.5874
22.6783
26.0599
23.2999
34.4729
29.3066
33.8024
30.4723
21.8025
22.7983
25.8862
19.5152
25.1234
18.1125
31.0294
29.7262
25.6590
27.8015
25.3062
30.4930
23.0371
22.8830
23.7147
24.3149
26.5877
18.1248
22.1456
23.7418
18.3611
23.9482
21.8310
23.4977
20.3064
22.8044
32.0566
24.1760
21.1297
18.7194
17.1703
23.2798
23.9995
21.3346
22.6335
16.4996
17.6870
20.4432
22.0865
26.9925
28.4592
26.0469
21.0332
22.8462
34.7259
19.9752
22.5549
20.6884
19.3575
24.7419
22.3227
17.6206
28.8668
27.5510
19.8142
21.6178
20.6831
17.7239
28.4808
23.2378
21.7712
28.1097
18.5562
26.8681
18.1935
28.6641
25.6863
28.0012
27.8282
25.2510
22.5132
27.2629
30.4837
25.1224
25.3155
22.5735
26.9808
26.1668
24.2249
27.1030
25.8233
22.4921
16.6785
22.7343
25.5709
26.0282
28.3059
18.8628
23.5287
25.8713
21.5701
26.1548
24.6897
19.5664
27.9933
22.0544
22.7376
19.9524
18.9809
23.5864
19.2192
26.0324
26.2679
25.3598
18.6711
26.8609
22.9357
23.8016
25.4151
26.6183
20.8131
29.1511
24.1920
25.6298
23.7565
22.0626
18.9695
22.0152
32.4556
27.5298
29.5063
16.8207
18.2085
16.8944
19.6935
25.1703
17.6711
31.3758
25.3236
17.7066
16.6339
21.1101
27.3303
21.9333
17.3198
17.7163
19.3991
27.7633
26.5977
31.3413
19.2989
27.9258
23.6502
27.8910
25.0334
20.5953
22.6873
20.3890
18.0421
21.5278
21.9924
21.1646
21.7586
18.7416
27.4914
20.3804
31.7566
17.9538
25.9483
27.9267
19.2278
19.4817
22.7150
21.3416
17.8842
17.1704
30.7965
25.5744
20.0073
24.9755
20.1924
26.7754
16.0909
17.4885
21.4353
20.3651
17.7596
18.3431
25.0407
25.6173
22.8145
20.6640
27.4810
16.3392
28.1033
20.8347
25.8242
17.7541
18.0556
21.3955
23.5782
19.7287
24.8717
17.7735
20.8360
30.5253
27.5402
27.4197
22.5369
21.9576
18.9618
24.0119
33.5266
17.8781
25.7354
26.9270
30.2673
28.5668
31.3222
25.6425
24.0766
19.8339
18.2908
28.3729
22.3071
26.1921
25.9159
20.7049
21.5378
22.6097
19.8183
28.3762
26.0165
21.5283
20.0885
23.9768
26.0231
28.7360
29.8129
19.3847
25.7760
22.9704
20.9072
27.9519
24.4585
19.3527
18.7815
20.3571
17.2874
19.6888
26.7098
25.9135
17.6819
15.9824
22.6185
23.0174
26.2969
23.2944
21.8774
20.2880
28.2279
23.1113
18.8073
20.1917
18.0086
27.1774
19.9127
20.8834
20.1951
19.0517
22.8173
22.1935
22.0281
29.7399
21.8509
33.7123
33.4061
30.9559
20.0625
25.7218
17.4964
20.4693
28.5400
14.9283
29.9496
23.6991
24.4457
28.8042
18.5845
21.3597
16.7064
21.5974
26.8714
24.1961
29.0184
23.3429
31.7382
15.2218
20.1405
26.5657
23.8832
22.3961
17.7057
25.4509
21.8202
15.2334
19.4326
25.3186
23.3982
25.3524
27.7780
23.1616
21.9308
18.9797
25.8197
23.0961
22.5151
20.1181
23.9229
30.5696
19.3668
24.4720
22.7272
20.2111
28.4507
26.6649
18.7743
26.6468
31.4066
19.4126
21.6455
30.5160
25.0108
17.0495
25.1227
23.7505
27.3650
19.9179
26.2973
22.4534
24.4851
29.3777
34.3133
28.7674
23.3841
21.5846
19.1864
29.2148
18.6653
17.9303
29.7460
27.7045
22.1795
22.8373
27.5591
28.6644
28.5004
19.5349
21.2562
17.4219
17.4350
16.8646
25.6935
27.1943
21.6317
27.8579
30.6489
29.2472
20.2383
18.4751
26.3928
32.6881
30.7097
22.4733
20.4196
19.2536
22.9225
19.4204
28.1020
26.0387
32.0776
28.1249
21.5459
19.5061
28.8866
18.5101
17.6791
18.6147
21.7456
30.6218
30.6810
22.4017
18.7710
18.7532
21.6516
25.9432
19.7026
22.4864
19.9864
23.4315
19.0155
25.6474
21.9098
18.6873
23.2765
22.9842
14.4215
18.7904
21.2258
26.4875
24.2733
22.7143
25.4989
17.0100
21.3035
17.1880
16.9468
16.2903
20.1833
17.2500
24.2436
22.0553
17.3208
24.5167
26.0009
16.7296
18.6314
26.4198
25.9915
23.1510
29.7111
21.2343
32.6876
21.1180
27.4070
25.6454
16.4660
27.4948
23.6213
22.6278
22.6571
23.2786
30.0663
23.7252
21.4214
19.1394
26.6091
26.5004
30.0034
21.9604
31.0145
22.7831
23.5170
24.2108
29.9534
23.6695
26.5897
26.7212
18.1004
24.4405
21.5793
19.9993
20.4602
18.1238
30.2949
18.6423
24.4909
28.1776
31.0280
23.6997
26.5476
28.4842
29.0812
20.3860
17.9004
17.2675
26.0863
19.3245
23.3767
18.0227
23.4933
24.2668
29.7851
21.5511
19.6776
29.8512
20.4056
30.6031
22.8230
17.7295
31.2093
21.8667
20.5607
15.6649
