Orientation_Correlation_Function
0.7347225737889126
0.43016136044595654
0.1448723330465074
-0.05524421486439333
-0.14669577989560112
-0.14175612636386545
-0.07509177402495286
0.012424203832649073
0.08762214156505697
0.13105898161546528
0.13821848527519826
0.11686605598522667
0.08064312526359527
0.04308072259432093
0.013555976978459876
-0.0035018674235226476
-0.008367546391797731
-0.004711447776231847
0.002583567763339767
0.00917939067352414
0.012769250089069538
0.012846142907564086
0.01030017802676266
0.0067233228125780685
0.00342264806399248
0.0012450553572231245
0.00016914639947154987
-8.52055462624412e-05
0.0
0.0
Avg P-P distance: 5.458534236740488
