0.01	33.467	2.1472
0.011	33.286	1.7576
0.012	34.305	1.4871
0.013	32.975	1.2753
0.014	31.909	1.1817
0.015	32.869	1.1595
0.016	32.427	1.1086
0.017	32.141	1.0827
0.018	31.805	1.0468
0.019	31.016	1.0052
0.02	30.671	0.99113
0.021	29.568	0.98839
0.022	30.611	0.95405
0.023	29.786	0.92472
0.024	29.955	0.92371
0.025	29.203	0.89948
0.026	28.815	0.86043
0.027	28.323	0.85206
0.028	27.467	0.85392
0.029	27.874	0.8399
0.03	27.651	0.82765
0.031	27.506	0.81252
0.032	25.982	0.79068
0.033	25.839	0.82182
0.034	26.639	0.83999
0.035	25.968	0.82482
0.036	24.864	0.83647
0.037	24.86	0.83005
0.038	24.102	0.8322
0.039	23.542	0.83138
0.04	22.652	0.81999
0.041	23.819	0.81746
0.042	23.009	0.81035
0.043	21.828	0.80239
0.044	23.103	0.79432
0.045	21.29	0.78435
0.046	20.95	0.77794
0.047	20.626	0.78647
0.048	20.639	0.7714
0.049	20.832	0.77417
0.05	20.297	0.76422
0.051	18.766	0.1881
0.052	18.63	0.18645
0.053	18.454	0.18859
0.054	17.93	0.18494
0.055	17.831	0.17799
0.056	17.318	0.17887
0.057	17.117	0.17517
0.058	16.955	0.17986
0.059	16.241	0.17649
0.06	15.96	0.17358
0.061	15.463	0.17573
0.062	15.644	0.17398
0.063	15.023	0.16979
0.064	14.5	0.16699
0.065	14.719	0.16791
0.066	14.13	0.16396
0.067	13.832	0.16271
0.068	13.746	0.16304
0.069	13.326	0.16134
0.07	13.339	0.1617
0.071	12.599	0.16022
0.072	12.792	0.15691
0.073	12.358	0.15638
0.074	12.087	0.15336
0.075	11.795	0.15367
0.076	11.777	0.1522
0.077	11.499	0.14888
0.078	11.246	0.15213
0.079	11.099	0.15084
0.08	10.67	0.15058
0.081	10.708	0.14789
0.082	10.319	0.15477
0.083	10.276	0.1605
0.084	9.7787	0.15637
0.085	9.7489	0.16482
0.086	9.7443	0.16977
0.087	9.8677	0.17371
0.088	9.0392	0.17142
0.089	8.6741	0.17131
0.09	8.4442	0.15557
0.091	8.662	0.152
0.092	8.3938	0.1479
0.093	8.5233	0.14463
0.094	8.5729	0.14339
0.095	7.8641	0.13745
0.096	7.6753	0.13595
0.097	7.9702	0.13684
0.098	7.7521	0.13534
0.099	7.7849	0.13474
0.1	7.3058	0.13518
0.101	7.259	0.13164
0.102	7.193	0.13309
0.103	7.4418	0.13121
0.104	7.1774	0.13094
0.105	6.9343	0.12942
0.106	6.8824	0.13042
0.107	6.6143	0.128
0.108	6.6795	0.12977
0.109	6.3727	0.12681
0.11	6.4922	0.12758
0.111	6.3372	0.12611
0.112	6.3106	0.12547
0.113	6.0071	0.12177
0.114	5.8763	0.12021
0.115	6.0969	0.11904
0.116	5.9532	0.1187
0.117	5.8477	0.11999
0.118	5.8245	0.11957
0.119	5.6425	0.11736
0.12	5.5741	0.11731
0.121	5.3376	0.1167
0.122	5.3385	0.11566
0.123	5.3792	0.11681
0.124	5.2599	0.11549
0.125	5.1804	0.1149
0.126	5.1742	0.11411
0.127	5.1312	0.11351
0.128	4.9772	0.11365
0.129	4.9415	0.11312
0.13	4.6921	0.11253
0.131	4.7167	0.11033
0.132	4.4547	0.11143
0.133	4.6895	0.11029
0.134	4.3719	0.10921
0.135	4.8341	0.10958
0.136	4.7171	0.10649
0.137	4.408	0.10719
0.138	4.5918	0.10667
0.139	4.3422	0.10549
0.14	4.2564	0.10674
0.141	4.2167	0.10732
0.142	4.2527	0.1043
0.143	4.3003	0.1042
0.144	3.8586	0.10384
0.145	4.1033	0.10519
0.146	3.878	0.10483
0.147	3.9448	0.10343
0.148	3.7473	0.10247
0.149	3.7309	0.10196
0.15	3.8176	0.10233
0.151	3.9021	0.10217
0.152	3.6821	0.1014
0.153	3.82	0.10075
0.154	3.7676	0.099764
0.155	3.5506	0.10004
0.156	3.6149	0.099796
0.157	3.5152	0.099054
0.158	3.5475	0.099379
0.159	3.393	0.098636
0.16	3.2553	0.098047
0.161	3.3473	0.098234
0.162	3.1496	0.099022
0.163	3.4436	0.096998
0.164	3.166	0.097215
0.165	3.3244	0.0977
0.166	3.206	0.096237
0.167	2.9984	0.095842
0.168	2.8995	0.095998
0.169	3.0631	0.094999
0.17	3.0776	0.095131
0.171	3.012	0.093871
0.172	3.041	0.092365
0.173	2.9328	0.093354
0.174	2.8704	0.092842
0.175	2.9615	0.093449
0.176	2.9178	0.091934
0.177	2.8213	0.092849
0.178	2.7092	0.092018
0.179	2.8865	0.092504
0.18	2.6253	0.090902
0.181	2.8477	0.090925
0.182	2.7156	0.089072
0.183	2.5847	0.093576
0.184	2.5189	0.097762
0.185	2.4768	0.099512
0.186	2.6117	0.10186
0.187	2.4833	0.101
0.188	2.6539	0.10238
0.189	2.4016	0.10318
0.19	2.3917	0.10304
0.191	2.4625	0.1033
0.192	2.3345	0.10375
0.193	2.412	0.10234
0.194	2.3992	0.10385
0.195	2.2061	0.1037
0.196	2.4442	0.1051
0.197	2.3345	0.1052
0.198	2.1786	0.10516
0.199	2.209	0.10575
0.2	2.0439	0.10303
0.201	2.131	0.11239
0.202	2.3165	0.11521
0.203	2.1848	0.1187
0.204	1.8617	0.11873
0.205	2.1674	0.12304
0.206	2.2049	0.12549
0.207	2.013	0.12535
0.208	2.0312	0.12851
0.209	2.1804	0.12931
0.21	2.2576	0.13155
0.211	1.7888	0.13068
0.212	1.9507	0.13418
0.213	1.9719	0.13818
0.214	1.8336	0.13715
0.215	1.8215	0.14156
0.216	1.7661	0.14031
0.217	1.8304	0.14382
0.218	1.7636	0.14353
0.219	1.8785	0.14394
0.22	1.9081	0.14265
0.221	1.7296	0.1467
0.222	1.9681	0.147
0.223	1.9162	0.14872
0.224	1.9616	0.15019
0.225	1.7441	0.15385
0.226	1.8087	0.15538
0.227	1.7453	0.15725
0.228	1.8679	0.1601
0.229	1.6236	0.16009
0.23	1.7763	0.16341
0.231	1.5575	0.16302
0.232	1.8	0.16843
0.233	1.9957	0.17346
0.234	1.4933	0.17145
0.235	1.3339	0.17233
0.236	1.4746	0.17635
0.237	1.8651	0.18094
0.238	1.4559	0.18828
0.239	1.4719	0.18786
0.24	1.546	0.19346
0.241	1.1849	0.19128
0.242	2.1118	0.20109
0.243	1.5114	0.20189
0.244	1.1878	0.20453
0.245	1.1351	0.21405
0.246	1.2829	0.21735
0.247	0.96311	0.21875
0.248	1.719	0.22243
0.249	1.6051	0.22681
0.25	1.5664	0.24127
0.251	1.5842	0.23473
0.252	1.1055	0.24649
0.253	1.5382	0.25261
0.254	2.106	0.26182
0.255	1.2276	0.27018
0.256	1.99	0.28247
0.257	1.0998	0.28831
0.258	1.6216	0.31049
0.259	1.4876	0.30175
0.26	0.82727	0.33071
0.261	1.5222	0.34125
0.262	1.5675	0.36364
0.263	1.4157	0.37332
0.264	1.4182	0.41282
0.265	1.2351	0.45257
0.266	1.9589	0.5049
0.267	1.6097	0.58456
0.268	1.8861	0.62308
0.269	1.3237	0.66986
0.27	2.824	1.3122
