0.01	26.652	2.3104
0.011	27.758	1.8995
0.012	30.092	1.6216
0.013	29.28	1.3984
0.014	29.087	1.2834
0.015	28.803	1.2653
0.016	29.54	1.2062
0.017	28.028	1.1782
0.018	27.379	1.1548
0.019	28.848	1.1133
0.02	27.948	1.0798
0.021	27.326	1.0574
0.022	26.894	1.0338
0.023	27.585	1.0208
0.024	27.773	1.0048
0.025	27.423	0.98469
0.026	25.14	0.93402
0.027	26.712	0.93777
0.028	26.348	0.93088
0.029	25.165	0.90739
0.03	26.02	0.90256
0.031	25.046	0.88351
0.032	25.04	0.85848
0.033	24.636	0.89578
0.034	23.974	0.90662
0.035	23.277	0.89552
0.036	23.857	0.9113
0.037	22.331	0.906
0.038	22.691	0.90168
0.039	22.544	0.9053
0.04	22.644	0.89969
0.041	21.085	0.88561
0.042	21.87	0.87611
0.043	21.084	0.87427
0.044	20.581	0.86692
0.045	19.917	0.85487
0.046	20.221	0.85042
0.047	19.362	0.85776
0.048	19.624	0.8424
0.049	19.581	0.84726
0.05	19.011	0.83471
0.051	18.262	0.18712
0.052	17.851	0.18566
0.053	17.213	0.18399
0.054	16.71	0.18062
0.055	16.977	0.17522
0.056	16.5	0.1787
0.057	16.39	0.17548
0.058	15.984	0.17611
0.059	15.885	0.17528
0.06	15.526	0.17201
0.061	15.072	0.17201
0.062	14.816	0.16871
0.063	14.322	0.16543
0.064	14.679	0.16659
0.065	13.973	0.16584
0.066	13.677	0.15987
0.067	13.602	0.16231
0.068	13.351	0.16359
0.069	13.15	0.16186
0.07	12.84	0.15904
0.071	12.628	0.15954
0.072	12.256	0.15939
0.073	12.163	0.15648
0.074	11.77	0.1535
0.075	11.792	0.15098
0.076	11.618	0.15244
0.077	11.219	0.14856
0.078	10.789	0.14936
0.079	10.503	0.14918
0.08	10.469	0.15111
0.081	10.243	0.14732
0.082	9.816	0.15309
0.083	10.104	0.162
0.084	9.7413	0.15652
0.085	9.341	0.15958
0.086	9.0509	0.16731
0.087	9.1704	0.17112
0.088	9.1812	0.16956
0.089	9.1994	0.16991
0.09	8.7642	0.15692
0.091	8.6423	0.15122
0.092	8.6124	0.14906
0.093	8.1524	0.14469
0.094	8.2542	0.14251
0.095	7.9933	0.13936
0.096	7.6933	0.1356
0.097	7.762	0.13641
0.098	7.6027	0.13521
0.099	7.2322	0.13237
0.1	7.2594	0.13339
0.101	7.2747	0.13189
0.102	6.8997	0.13238
0.103	6.8537	0.12882
0.104	6.9025	0.1308
0.105	6.7057	0.12891
0.106	6.8478	0.12792
0.107	6.4595	0.12768
0.108	6.4221	0.12664
0.109	6.3558	0.12457
0.11	6.3439	0.13185
0.111	6.4592	0.12738
0.112	6.0423	0.12506
0.113	5.7968	0.1203
0.114	5.8429	0.11931
0.115	5.5157	0.11966
0.116	5.6464	0.11965
0.117	5.3296	0.11906
0.118	5.4757	0.11855
0.119	5.3515	0.11831
0.12	5.4472	0.11617
0.121	5.277	0.11764
0.122	5.0273	0.11622
0.123	5.1193	0.1157
0.124	4.733	0.11407
0.125	4.9716	0.11365
0.126	4.8883	0.11464
0.127	4.7642	0.11222
0.128	4.6648	0.11058
0.129	4.6139	0.11287
0.13	4.6266	0.1125
0.131	4.6005	0.11176
0.132	4.3901	0.1115
0.133	4.492	0.11165
0.134	4.4554	0.10928
0.135	4.3645	0.1094
0.136	4.2564	0.1052
0.137	4.2628	0.10672
0.138	4.0893	0.10676
0.139	4.1694	0.1068
0.14	3.9619	0.10604
0.141	3.9076	0.10568
0.142	4.1252	0.10294
0.143	3.8111	0.10291
0.144	3.837	0.10336
0.145	3.9991	0.10453
0.146	3.7566	0.10382
0.147	3.5665	0.10182
0.148	3.632	0.10282
0.149	3.8317	0.10207
0.15	3.657	0.10253
0.151	3.4306	0.10113
0.152	3.4535	0.10081
0.153	3.5297	0.10038
0.154	3.4231	0.10023
0.155	3.4712	0.098775
0.156	3.4425	0.099399
0.157	3.2505	0.097375
0.158	3.201	0.099355
0.159	3.2009	0.098068
0.16	3.1463	0.096811
0.161	3.0479	0.098034
0.162	3.0681	0.097284
0.163	3.0535	0.096055
0.164	2.9396	0.097175
0.165	2.9901	0.096548
0.166	2.7362	0.095053
0.167	2.9725	0.095841
0.168	2.7134	0.095512
0.169	2.7385	0.094045
0.17	2.9572	0.096064
0.171	2.6951	0.093059
0.172	2.7909	0.091724
0.173	2.6554	0.092291
0.174	2.5603	0.093434
0.175	2.5416	0.09281
0.176	2.5366	0.092162
0.177	2.5329	0.091655
0.178	2.4813	0.091769
0.179	2.7188	0.092015
0.18	2.4237	0.090543
0.181	2.5586	0.091003
0.182	2.4752	0.089384
0.183	2.2774	0.094448
0.184	2.3361	0.097146
0.185	2.4439	0.099768
0.186	2.3881	0.10136
0.187	2.3431	0.10108
0.188	2.2249	0.10112
0.189	2.5856	0.10305
0.19	2.2183	0.10256
0.191	2.2311	0.10219
0.192	2.1088	0.10226
0.193	2.2785	0.10359
0.194	2.1648	0.103
0.195	2.1738	0.10407
0.196	2.192	0.10467
0.197	2.056	0.10244
0.198	2.1398	0.10381
0.199	2.0678	0.105
0.2	2.0169	0.10348
0.201	2.0059	0.10932
0.202	1.8818	0.11596
0.203	2.0346	0.11784
0.204	1.6438	0.11914
0.205	1.9794	0.12237
0.206	1.8476	0.12388
0.207	1.979	0.12563
0.208	1.9285	0.1264
0.209	1.8497	0.1291
0.21	1.8607	0.12859
0.211	1.7066	0.13156
0.212	1.9768	0.13462
0.213	1.6829	0.13372
0.214	1.6252	0.13772
0.215	1.681	0.14065
0.216	1.7613	0.13941
0.217	1.7892	0.1436
0.218	1.6869	0.14415
0.219	1.5475	0.14228
0.22	1.2643	0.14205
0.221	1.7162	0.14641
0.222	1.7738	0.14708
0.223	1.639	0.14687
0.224	1.6671	0.15035
0.225	1.7206	0.15294
0.226	1.643	0.15271
0.227	1.3261	0.15497
0.228	1.1479	0.15604
0.229	1.5274	0.16062
0.23	1.5606	0.16309
0.231	1.1033	0.16497
0.232	1.2707	0.16846
0.233	1.4881	0.16921
0.234	1.7257	0.1709
0.235	1.1634	0.17502
0.236	1.4204	0.17802
0.237	1.6028	0.17917
0.238	1.2897	0.18029
0.239	1.398	0.18545
0.24	1.3754	0.18951
0.241	1.1608	0.18862
0.242	1.795	0.20191
0.243	1.2166	0.2026
0.244	1.2151	0.20295
0.245	1.1535	0.20779
0.246	1.2655	0.21623
0.247	1.3214	0.21182
0.248	1.1752	0.22343
0.249	1.2694	0.23218
0.25	1.5043	0.23396
0.251	1.2365	0.24047
0.252	1.2153	0.25099
0.253	0.89093	0.25476
0.254	1.5507	0.25843
0.255	1.2655	0.2693
0.256	1.5767	0.28041
0.257	0.98888	0.28897
0.258	0.83853	0.29411
0.259	1.4583	0.31174
0.26	1.29	0.32286
0.261	1.4179	0.33381
0.262	1.0752	0.34961
0.263	1.4347	0.3931
0.264	0.86317	0.4064
0.265	0.69266	0.42104
0.266	0.80309	0.47668
0.267	0.32479	0.49836
0.268	1.4382	0.59196
0.269	-0.090332	0.62376
0.27	1.5549	1.1172
