0.01	39.148	2.2486
0.011	40.208	1.8354
0.012	40.46	1.5613
0.013	41.414	1.3307
0.014	40.032	1.2398
0.015	41.722	1.2076
0.016	41.115	1.157
0.017	41.803	1.1262
0.018	41.187	1.1087
0.019	40.467	1.0554
0.02	40.18	1.0337
0.021	38.283	1.0253
0.022	37.851	0.99369
0.023	39.063	0.96987
0.024	38.448	0.95996
0.025	37.799	0.94234
0.026	35.923	0.88922
0.027	36.857	0.89349
0.028	36.895	0.88929
0.029	35.442	0.87434
0.03	36.156	0.86536
0.031	36.143	0.84646
0.032	35.348	0.82644
0.033	34.315	0.86223
0.034	34.656	0.87604
0.035	33.613	0.86653
0.036	32.58	0.87334
0.037	32.642	0.86923
0.038	31.527	0.86653
0.039	31.018	0.86267
0.04	29.921	0.85853
0.041	31.121	0.84684
0.042	30.201	0.84841
0.043	29.556	0.84033
0.044	28.535	0.83167
0.045	28.246	0.82747
0.046	27.549	0.81889
0.047	27.597	0.82176
0.048	26.411	0.81712
0.049	26.766	0.81777
0.05	26.861	0.80677
0.051	25.176	0.20595
0.052	25.001	0.20361
0.053	24.578	0.20572
0.054	23.91	0.19913
0.055	23.878	0.19197
0.056	23.327	0.19623
0.057	23.479	0.1944
0.058	22.9	0.19167
0.059	22.126	0.18921
0.06	21.957	0.18518
0.061	21.539	0.18729
0.062	21.084	0.1857
0.063	20.688	0.18118
0.064	20.486	0.18179
0.065	19.897	0.18114
0.066	19.561	0.17633
0.067	19.076	0.17851
0.068	18.765	0.17714
0.069	18.434	0.17458
0.07	18.51	0.16906
0.071	17.847	0.16982
0.072	17.557	0.16766
0.073	17.512	0.16798
0.074	17.047	0.16493
0.075	16.402	0.16399
0.076	16.435	0.16364
0.077	16.206	0.16056
0.078	15.856	0.16165
0.079	15.48	0.16109
0.08	15.088	0.15855
0.081	14.596	0.15841
0.082	14.645	0.1682
0.083	14.616	0.17265
0.084	14.146	0.16726
0.085	14.368	0.1727
0.086	13.823	0.17992
0.087	13.736	0.18307
0.088	13.468	0.18552
0.089	12.853	0.18286
0.09	13.13	0.16653
0.091	13.102	0.16182
0.092	12.744	0.15999
0.093	12.533	0.15355
0.094	12.07	0.1498
0.095	11.945	0.14865
0.096	11.779	0.14433
0.097	11.654	0.14627
0.098	11.346	0.14373
0.099	11.526	0.14317
0.1	11.23	0.14366
0.101	10.883	0.14123
0.102	10.792	0.14038
0.103	10.569	0.141
0.104	10.519	0.13859
0.105	10.294	0.13683
0.106	10.091	0.13721
0.107	10.205	0.13763
0.108	9.9221	0.13637
0.109	9.974	0.13443
0.11	9.8487	0.13397
0.111	9.4444	0.13334
0.112	9.4136	0.13202
0.113	9.4242	0.12877
0.114	8.9605	0.12544
0.115	8.7316	0.12778
0.116	8.981	0.12794
0.117	8.9245	0.12782
0.118	8.7236	0.12574
0.119	8.7896	0.12536
0.12	8.4957	0.12387
0.121	8.3477	0.12367
0.122	8.4273	0.12328
0.123	8.2291	0.12322
0.124	8.3429	0.12423
0.125	8.0704	0.1226
0.126	7.9579	0.12033
0.127	7.9893	0.11986
0.128	7.5027	0.11877
0.129	7.8645	0.11992
0.13	7.5319	0.11765
0.131	7.6403	0.11554
0.132	7.5955	0.11654
0.133	7.1419	0.11644
0.134	7.1143	0.11525
0.135	7.1512	0.11578
0.136	6.9501	0.1115
0.137	6.9743	0.11291
0.138	6.6917	0.11259
0.139	6.5	0.11312
0.14	6.7549	0.11243
0.141	6.6564	0.11197
0.142	6.3979	0.10859
0.143	6.2379	0.10816
0.144	6.2111	0.1101
0.145	6.2755	0.10795
0.146	6.1502	0.10866
0.147	6.2382	0.10836
0.148	6.0805	0.10857
0.149	5.9741	0.10666
0.15	5.8837	0.10715
0.151	5.9874	0.10696
0.152	5.7688	0.10677
0.153	5.4991	0.10546
0.154	5.5733	0.10565
0.155	5.5463	0.10403
0.156	5.4422	0.10387
0.157	5.3584	0.10311
0.158	5.4365	0.10338
0.159	5.3025	0.10326
0.16	5.2741	0.1017
0.161	5.3315	0.10235
0.162	5.1332	0.10106
0.163	5.1198	0.10057
0.164	4.9774	0.10032
0.165	4.9493	0.10037
0.166	4.8569	0.099588
0.167	4.8652	0.10014
0.168	4.866	0.10007
0.169	4.7522	0.098281
0.17	4.784	0.098913
0.171	4.7699	0.097173
0.172	4.685	0.095966
0.173	4.6781	0.096605
0.174	4.6224	0.096812
0.175	4.5434	0.094941
0.176	4.3862	0.096553
0.177	4.4738	0.09652
0.178	4.5069	0.095251
0.179	4.203	0.095083
0.18	4.242	0.094901
0.181	4.2141	0.094307
0.182	4.2338	0.092483
0.183	4.0535	0.098424
0.184	4.2586	0.10046
0.185	4.0245	0.10383
0.186	4.1496	0.10455
0.187	3.9	0.10515
0.188	3.7081	0.10536
0.189	3.9801	0.10638
0.19	3.9778	0.10723
0.191	3.8317	0.10691
0.192	3.8539	0.10777
0.193	3.6267	0.10676
0.194	3.7772	0.10764
0.195	3.61	0.10764
0.196	3.5451	0.10697
0.197	3.4136	0.10644
0.198	3.5341	0.1073
0.199	3.4049	0.10745
0.2	3.4579	0.10804
0.201	3.6385	0.11467
0.202	3.406	0.11903
0.203	3.1344	0.12102
0.204	3.2275	0.12286
0.205	3.2675	0.12647
0.206	3.2737	0.12821
0.207	3.1256	0.12991
0.208	3.1239	0.13054
0.209	3.1614	0.13468
0.21	3.2051	0.13455
0.211	3.108	0.13628
0.212	3.1865	0.1417
0.213	3.0844	0.14142
0.214	3.1028	0.14354
0.215	2.8007	0.14251
0.216	3.0351	0.14495
0.217	2.8689	0.14659
0.218	2.836	0.14582
0.219	2.7731	0.14937
0.22	2.9709	0.14774
0.221	2.6618	0.14865
0.222	2.7638	0.15234
0.223	2.9124	0.15475
0.224	2.5956	0.15836
0.225	2.8788	0.15739
0.226	2.9484	0.15691
0.227	2.7511	0.16006
0.228	2.2261	0.1612
0.229	2.6407	0.16606
0.23	2.6962	0.16468
0.231	2.8442	0.17121
0.232	2.5999	0.17156
0.233	2.6543	0.17641
0.234	2.4643	0.17742
0.235	2.529	0.17853
0.236	2.332	0.18037
0.237	2.2824	0.1828
0.238	2.6294	0.18739
0.239	2.5089	0.18806
0.24	2.5022	0.1974
0.241	2.362	0.1978
0.242	2.8341	0.21185
0.243	1.933	0.21058
0.244	1.9515	0.2077
0.245	1.9065	0.21394
0.246	2.392	0.21682
0.247	2.3385	0.22502
0.248	1.8442	0.22024
0.249	2.2392	0.23006
0.25	1.8563	0.23918
0.251	1.8251	0.24245
0.252	1.8792	0.24896
0.253	2.0227	0.25995
0.254	1.8696	0.26033
0.255	1.5479	0.27474
0.256	2.0047	0.28195
0.257	2.4575	0.29627
0.258	1.0997	0.3096
0.259	1.6367	0.31263
0.26	1.6085	0.32901
0.261	1.8785	0.35643
0.262	2.5131	0.37022
0.263	2.3299	0.40173
0.264	2.1955	0.42126
0.265	2.0212	0.43557
0.266	2.3677	0.49353
0.267	2.3747	0.55848
0.268	2.2831	0.62474
0.269	0.33181	0.84729
0.27	2.4954	1.176
