Orientation_Correlation_Function
0.5691920097218154
0.3486585095311471
0.2115239324160949
0.12883560843225014
0.07905934786267495
0.04994351436876567
0.03191842739090346
0.021128284474993743
0.014550118619685484
0.010123849472252623
0.007903395212064691
0.005975459396723245
0.005146636611119975
0.004311682608245768
0.003556467950248722
0.003194283109243673
0.0027607114404897583
0.002266432315780427
0.0014709493508833354
0.0011344278464502228
0.0009189474148810405
0.0009114401588271237
0.0008128285644785501
0.00037014152886520607
0.00017778659616927446
-2.5638884070601005e-05
-3.2184790659327217e-06
-6.663398903246465e-05
0.0
0.0
Avg P-P distance: 5.478720806323497
