30.6548
31.9850
29.9634
29.3438
26.8125
26.7551
30.0182
28.8582
28.3057
30.3198
30.5370
29.1288
30.0190
34.0737
22.4550
27.0751
33.1623
25.2055
29.5880
33.1535
28.2757
36.4678
31.8893
31.2983
31.2236
33.1600
30.6608
29.8435
37.3858
29.7009
27.4221
27.3519
34.5917
31.5145
29.1314
23.3346
22.2521
26.7651
34.7515
32.2945
29.2296
30.2546
28.9431
30.2969
31.4797
33.4426
26.6324
29.3506
34.0162
36.2666
35.4729
27.2646
28.2603
32.9612
38.2584
27.1794
35.0482
31.1893
30.9305
32.2261
22.9871
24.8413
34.0358
28.3924
22.2127
31.0948
31.4235
30.4072
28.2109
33.8227
34.1816
28.2163
31.2518
22.0615
29.6055
29.4247
24.4430
25.0558
29.5962
27.6068
27.3018
38.8805
31.5200
20.9478
29.2856
25.1436
33.8947
28.6230
32.2079
28.1788
29.9207
24.1262
33.6260
20.9937
32.0667
28.8716
27.9561
36.4425
32.8031
29.8396
24.8199
31.0106
28.7243
30.8247
23.5390
24.8333
34.4285
33.8160
32.2093
27.9634
25.0347
31.3925
30.5736
29.9918
27.2319
28.7828
30.2206
33.8002
30.7157
28.7121
31.3558
29.2967
32.7689
27.4141
29.2211
27.0268
24.1832
29.9643
30.8786
28.3639
32.0622
29.9406
31.0222
32.0074
27.2956
30.0164
30.4193
28.2300
33.2315
33.6684
32.3653
25.8546
29.7427
32.2190
29.0479
29.6967
29.0033
29.7141
33.3223
31.2597
24.7115
26.4746
25.7503
28.1637
26.9766
32.2965
24.0434
28.4197
26.0032
27.8574
29.9638
33.5437
25.7910
33.3916
30.9563
27.0299
32.1429
31.8757
29.2797
29.8576
30.3090
26.5952
30.0102
29.7792
29.9612
31.5203
26.2171
24.9506
36.0815
32.5953
33.8715
30.2024
26.5783
27.8171
20.0004
27.1453
32.8286
30.2734
25.4624
34.2694
30.1013
34.5381
35.2023
30.8085
26.4360
26.3844
41.2293
28.5466
33.2471
26.1952
29.5103
28.6845
34.2952
24.5271
27.8575
26.4828
27.5704
31.0219
28.7764
27.2009
34.4771
26.3349
20.2601
30.0638
30.4289
32.8770
28.2494
34.7274
30.4928
31.2310
26.3238
26.0879
32.2290
27.4705
24.9019
28.7555
28.1470
24.6937
29.5120
30.2729
28.6085
31.3493
23.3353
32.0451
27.3413
23.0445
26.7985
29.9816
26.4132
29.2623
25.5330
31.4420
29.3520
30.7073
23.2328
26.3414
23.7431
33.2193
27.6402
25.2316
29.9800
28.5924
28.9166
29.2048
27.3230
32.9434
30.7049
30.3724
30.4869
29.8117
24.2221
31.0102
35.6058
31.9317
30.3279
22.9251
23.3127
37.9939
34.4539
34.3012
32.7490
28.3108
28.2401
27.5500
24.0688
26.6851
31.8301
28.9731
27.5071
31.9051
21.8274
25.8627
37.3391
32.1302
31.2391
34.2176
30.2743
31.1184
29.0685
28.8303
29.6711
25.7009
30.7187
33.8108
35.9050
31.6355
31.7367
25.9335
29.0854
33.0288
34.1218
26.5133
27.8641
26.3448
22.7625
36.2377
30.5279
33.4129
32.2695
34.3317
21.6885
31.9487
29.5676
29.2720
30.7337
32.8267
31.0017
31.5024
29.4837
28.0735
27.9369
28.5729
29.1537
29.0046
24.3207
32.4449
28.3222
29.8602
27.7816
27.2790
23.8025
31.7691
28.1782
29.8996
24.9310
26.2375
30.8698
30.3645
26.0720
28.3226
30.6095
32.9388
33.0671
28.7596
30.9467
25.0606
32.0225
35.5272
29.2953
29.8421
31.6171
29.1904
23.0362
33.0014
35.2944
24.0109
24.2198
33.3058
28.9977
25.6288
23.6625
23.3172
27.1745
30.1317
29.1345
31.1372
19.9385
24.0565
27.4994
22.7404
21.3086
27.3142
27.4239
29.7793
23.0630
29.3549
24.5686
28.2691
29.4673
23.7608
34.6225
29.9454
29.4805
30.5589
32.9619
27.2465
31.6167
30.4196
29.0981
22.5167
30.5349
30.6829
31.6070
26.2968
33.3318
31.3420
27.0634
31.7512
23.6408
29.7714
25.8668
25.5642
35.1951
38.7256
25.9597
23.9426
32.4445
31.7126
28.1525
30.4635
30.3155
23.9101
31.0793
25.0656
26.4760
30.8321
26.6280
31.6208
23.9153
23.8886
27.8091
23.8803
24.6137
23.5032
30.7228
34.1510
30.3444
33.7852
32.6138
31.1963
27.2300
30.3716
24.7893
29.6355
30.2376
23.5721
22.6975
31.0503
33.6323
31.3608
25.9393
25.7025
30.3598
28.8604
26.7207
29.8017
34.9362
33.5109
26.2365
25.8598
30.7208
26.4241
31.4689
32.1545
24.5047
31.9290
26.2207
31.2397
26.0090
31.8360
23.3659
37.8429
31.4938
31.2357
28.9602
34.4949
32.0990
28.7025
28.7384
29.6050
23.3168
27.7529
28.4370
29.9260
29.0485
27.2676
27.8461
31.3389
27.6011
28.0505
28.7089
31.2059
31.1129
29.2787
29.4105
34.0617
33.1302
33.9252
34.6766
23.4643
31.8971
25.2136
32.6288
25.1482
28.3226
29.1308
29.3781
30.3553
31.5105
27.6647
34.7089
30.8073
36.4894
28.4021
31.6118
25.4250
26.8786
27.7624
26.9960
35.2979
27.7170
33.0363
27.0777
23.5726
35.5790
32.8891
36.5740
24.0822
30.6110
24.7743
30.6911
27.7528
26.8543
28.7553
29.7936
30.1567
27.5869
27.0584
26.0738
33.0608
31.9426
33.8210
37.6525
29.1631
26.4590
28.4719
32.6089
27.5210
30.1604
28.1609
21.8454
27.7482
23.2628
29.2931
28.1092
30.5565
29.3081
31.7383
29.4489
32.1047
24.4623
25.6663
22.6903
32.3229
22.6894
28.8490
25.1979
27.2280
27.6357
26.5904
29.7289
24.7372
33.0980
33.2793
29.1740
24.0073
28.0038
25.1946
25.5322
25.9989
26.3277
27.6780
25.0998
29.6352
36.3347
28.1932
29.6126
27.6211
23.4804
32.7610
32.0055
33.0621
26.9352
21.2273
25.3166
34.4953
28.5787
32.3089
26.3095
29.1788
29.7434
37.5021
29.4550
35.5843
31.2039
27.3697
31.1711
34.8583
29.6461
25.0545
24.6423
32.2408
32.5770
36.8810
34.8142
33.6256
30.6723
35.7547
33.2301
31.5228
41.8071
26.7304
27.2716
34.6164
29.5693
25.9397
32.6844
31.2574
35.7422
31.0649
29.5414
33.4065
31.2513
21.7973
22.2917
31.0463
25.3463
30.0507
28.8151
27.8533
28.0611
32.7332
23.6728
26.6761
28.6940
30.2673
32.3916
26.8950
26.7096
33.2794
27.9145
22.3653
34.4042
22.8166
30.6388
30.5743
35.1523
30.5420
30.0967
29.9803
30.9467
31.3879
28.6054
29.6205
28.3258
27.5794
29.2713
27.8193
27.5374
33.9563
32.0399
32.5137
27.7365
27.1515
24.6995
31.6019
29.8579
29.9231
30.6843
31.3813
26.5272
33.4989
28.6700
34.2301
27.9604
30.1766
25.6092
30.9798
30.9390
30.1760
33.6561
22.5604
28.1089
22.1646
28.5105
34.2836
28.4174
31.3554
26.6425
30.2357
26.8643
34.3162
33.0927
26.9686
30.1851
33.5284
36.5835
28.7880
30.6525
29.9812
29.8212
25.5941
30.3149
27.9862
32.8106
27.9594
25.1214
23.3160
27.3532
30.5676
30.6070
29.3076
18.7567
26.9075
22.7744
32.1186
22.9681
29.3549
27.8191
31.8257
25.6834
29.2622
21.3111
28.2460
28.2952
24.8600
36.7598
29.2948
33.9819
33.9040
29.5552
36.6931
29.4884
30.3516
26.0505
36.6256
29.5771
36.1358
35.0273
23.6252
27.8914
26.3959
32.8532
31.6989
29.4047
29.9246
25.7528
26.1402
26.6222
29.9265
27.0777
31.8231
35.3344
29.9630
29.5620
28.4212
29.5553
32.5862
31.0655
31.7768
24.9315
26.0178
24.8565
28.4913
27.2556
26.3836
24.3443
31.6500
30.0958
27.1672
32.6503
38.0162
29.3334
24.4221
29.6125
30.0300
34.0919
30.1255
23.2881
27.9730
24.2134
28.6950
31.5806
26.6897
23.6909
21.1285
28.6023
29.8641
28.2858
32.3392
27.4596
26.1807
24.1956
26.1163
24.2591
26.5422
29.4573
24.9298
28.4578
30.0058
25.2566
27.5248
25.7143
29.7952
26.4851
31.3842
21.0203
28.8487
34.3992
35.2552
31.1642
33.0925
29.8633
26.7849
29.3936
30.7212
27.2989
25.1810
27.3615
24.4038
35.6587
33.7181
26.4636
30.5500
33.0798
27.1192
30.7539
33.6681
25.5162
26.8526
25.9813
27.1142
31.6909
33.1372
27.3048
23.3898
26.9839
26.4309
35.1917
23.1113
25.0616
29.6513
28.2024
31.5976
30.5649
31.0088
21.8401
32.3471
27.9456
28.0799
26.2308
28.1759
30.1105
33.9511
25.3310
33.1070
31.7675
36.0873
26.8742
23.4248
29.0303
26.6652
23.3855
35.4905
27.6687
34.7438
25.0241
25.5158
31.2457
26.3949
28.5585
23.1363
23.7482
22.4027
30.3787
31.8446
24.6496
26.8595
26.7840
30.2843
24.7845
33.0744
32.3970
27.4667
31.9355
37.8003
31.4651
22.9217
32.3024
26.4160
28.5266
29.8578
26.7892
25.4702
26.0439
31.6005
25.5210
22.9002
26.9720
26.2774
27.9090
33.6858
33.3547
29.0397
29.3802
26.4778
32.4333
36.0539
29.3164
23.5943
26.5336
21.9928
25.1805
25.8895
27.2962
27.1526
29.8768
26.0265
27.9404
33.3094
27.3999
37.8019
24.8827
34.5726
27.5969
33.8001
36.3166
26.2963
31.8664
25.3459
35.8330
28.6108
32.0825
28.1522
24.2095
30.4602
28.2262
29.8223
26.8334
27.1621
34.9840
30.9899
27.3597
22.9089
31.3177
27.8592
31.8608
28.1778
25.9410
27.8711
33.6359
26.7311
28.7544
31.2093
30.4437
32.9899
27.0427
29.9583
29.2094
26.5400
30.7246
24.1844
27.2918
23.1478
27.8860
24.2891
29.1500
34.6102
28.0161
25.5222
30.7661
30.5052
31.0008
34.3678
28.2563
26.1113
26.2068
35.4115
28.9114
28.6671
26.4427
33.2379
32.7088
32.7688
24.5393
27.2693
33.8187
32.2434
26.9612
27.7560
25.1454
32.4386
29.3860
24.6946
32.5673
35.0011
26.1110
33.9323
32.8873
33.5136
32.5044
33.6476
30.2385
32.5812
31.0005
34.1997
34.7189
21.9680
28.6234
28.2383
29.5252
30.6007
35.0224
29.2306
27.0210
30.6415
26.6184
34.2231
29.3115
31.7731
33.5679
32.5578
32.6179
35.0888
29.1668
28.5185
35.1242
32.5528
23.9592
30.7326
35.3388
28.5910
25.9609
30.7816
28.4750
29.3511
26.1796
24.1764
31.8274
30.3242
28.8691
31.4721
27.4559
33.5377
29.4412
30.0766
22.1634
27.5853
24.9554
30.3067
32.6872
33.6309
30.5590
29.6033
31.7545
36.4985
23.6399
25.5805
24.9456
30.9671
34.4933
26.4419
26.8526
25.7148
27.9254
30.4379
31.6145
33.8624
26.1637
28.2288
26.8399
33.7824
33.7336
26.9227
29.5780
27.6862
23.2598
27.3926
35.9705
23.6794
36.9974
25.3424
34.7661
30.7399
35.8041
25.6652
30.7677
26.1985
27.7180
36.9580
30.0629
26.4326
28.2303
27.8267
28.3675
32.9670
26.4191
25.9151
30.6065
23.6971
30.5219
32.7560
25.7267
33.2009
32.8158
31.2991
29.2114
28.0037
29.9657
32.6936
30.1376
34.0413
29.6928
28.8651
37.1373
28.8941
29.2949
32.1953
32.8084
28.4547
31.4838
29.7300
32.2494
31.5381
35.9828
25.6515
30.6263
31.0773
28.0508
30.5033
26.6407
29.0628
23.5230
29.1274
34.9526
32.6192
30.6778
27.0613
25.1830
27.4195
25.4119
33.8193
24.4647
33.7200
29.4290
27.5456
30.5956
31.2518
31.1622
30.2398
31.1472
22.4657
26.2330
28.7781
28.5828
29.7030
28.4736
24.5036
28.7853
27.0033
25.0385
23.1677
30.2919
24.1909
34.9376
30.6375
21.2603
29.8735
29.4909
30.1529
34.0176
26.8312
36.2192
26.2901
28.5327
27.5924
28.4417
35.5369
29.5088
33.9738
32.8378
27.1297
28.2712
32.7215
30.0738
36.5426
37.0838
34.7046
23.1142
31.2795
27.9750
32.1354
32.7345
29.2629
24.3096
33.0479
35.3899
26.5255
36.5986
27.5899
25.6088
33.6708
29.3543
27.9412
27.5930
28.7840
32.0241
32.9456
30.7462
25.5387
22.3455
17.7506
30.6741
31.9044
27.9781
31.1490
27.8813
29.0125
30.6979
35.2143
29.7503
29.2476
30.0276
28.0560
30.8020
32.6428
27.3222
31.6193
32.7317
31.3353
25.6286
29.8840
36.4133
33.0013
24.8436
22.9635
32.8719
27.5318
34.3911
30.9059
33.3337
30.7072
28.1500
27.6998
31.6733
28.7296
27.2094
31.4723
30.9443
30.1861
26.0895
31.4802
31.0091
28.5286
24.3001
27.0126
25.6283
29.8940
31.8855
24.3881
27.7593
31.3898
26.3905
25.8407
33.1506
30.1937
34.0219
31.2449
31.0737
29.0135
32.8670
25.4913
28.5851
26.4550
23.4839
31.1864
31.3512
27.3965
26.0081
29.3987
29.5214
32.5959
36.0566
34.6723
25.1286
24.9717
31.8181
25.0772
26.2019
33.3481
26.8399
31.9213
32.3045
30.4828
30.2891
24.3351
23.8207
27.6904
32.0856
28.4869
27.7323
33.4233
30.7777
37.0243
24.6766
24.1182
21.1955
31.4345
22.5341
30.4537
35.9753
36.4443
26.7995
26.4897
28.4629
35.1335
33.0685
31.0193
22.9700
34.5317
31.1914
24.6991
24.7082
29.3861
29.4168
24.3997
31.6040
25.7158
28.1534
27.9040
30.5161
32.3573
27.5551
31.9822
24.3286
27.9478
29.9829
30.3131
31.5033
34.5650
32.3882
27.2041
35.0301
30.1608
29.1071
29.7794
29.7986
26.2873
29.8826
26.2616
28.6675
29.5496
23.9686
20.3293
25.2880
25.7116
27.9141
30.7689
29.2996
27.9517
27.7432
29.8713
31.3372
28.2497
33.4306
35.3894
33.4648
31.9235
34.1008
28.6413
28.1088
32.6987
28.7756
36.5135
32.1007
24.6525
26.2335
29.8400
30.8422
38.1272
26.4811
29.0256
26.2510
30.6481
29.6159
28.2675
32.1546
24.0403
39.6145
29.3524
29.0946
31.1185
24.5276
35.1573
33.5026
33.3342
31.7128
28.1264
35.9165
32.5107
28.3264
29.4578
29.7323
26.6316
30.9400
39.0680
30.8780
21.0270
35.1475
36.1424
31.9441
25.5038
28.6116
33.6677
32.3075
27.7314
25.7226
27.9999
29.7819
26.6041
27.6429
35.8860
25.2164
27.9099
27.8402
27.5109
27.6376
35.6310
32.9258
29.2367
23.2605
27.7289
33.3505
28.5201
27.3208
22.7693
32.0513
37.3957
33.7813
29.3339
33.3215
26.1482
30.9271
29.7613
25.4739
25.1496
34.7653
29.2634
30.1916
24.0334
24.0742
28.4384
28.0197
30.5091
30.6772
22.2583
26.8869
34.9518
34.4058
23.5378
35.5921
28.1800
31.0058
33.8695
30.8282
24.1093
25.1208
32.0612
28.4932
31.6087
24.6480
34.2077
33.5860
30.7510
20.7664
31.1055
29.2061
29.8550
26.7675
33.1119
27.0340
29.8589
27.8732
30.0250
29.5913
32.6342
34.2755
27.4973
34.2945
33.4293
27.1509
34.7702
27.6443
34.2374
28.7171
30.4194
28.2049
28.1753
28.6176
23.9023
32.1072
30.0946
30.8759
31.0283
26.2308
31.4994
26.6021
32.1336
32.2596
34.8635
31.0055
28.8608
33.7523
31.1604
33.5570
32.5760
30.8254
27.4061
22.1161
37.1534
34.9609
27.0605
37.0057
31.4786
36.1228
27.9785
29.0909
25.4516
37.2708
16.6830
26.8808
29.3679
29.2657
27.9582
27.9716
28.2627
31.1911
35.2277
32.8719
25.2965
27.5824
25.0485
31.4577
28.2210
32.3664
31.1442
26.3388
28.1157
33.1282
27.4010
29.5136
29.5654
24.8334
28.7139
33.4020
29.1165
34.7728
32.1857
27.7151
28.1491
30.1966
28.9376
32.6600
26.6041
28.5004
22.4219
36.7798
32.9231
26.9887
37.0288
29.4967
30.2631
27.4455
23.2770
28.7248
36.0725
32.3913
26.0064
25.7245
32.0659
31.5533
30.3994
29.5484
27.1163
25.4800
24.6654
27.4392
21.1502
35.6693
25.6724
38.4940
30.6171
27.8065
35.4485
22.1414
26.9273
27.4239
29.5912
28.9915
25.2257
28.3601
26.9463
25.2117
22.0175
23.8207
26.2057
25.8542
26.4241
26.0622
25.5244
29.6335
36.7216
29.3578
25.3928
30.3890
34.5215
22.8594
28.4407
25.0154
31.5450
35.3224
32.8849
27.8336
28.4122
28.0636
29.6565
27.2828
29.1205
26.6077
32.7103
38.5818
35.6581
28.8894
26.6060
27.1102
29.6366
36.1958
26.5886
24.7594
22.8376
40.6820
34.8302
33.4933
28.2301
29.5975
29.4258
31.1264
31.4922
32.8695
23.6554
28.7401
34.8760
29.2849
28.6055
25.4181
30.6661
29.9742
35.4472
28.3047
28.5271
32.6819
26.9785
25.2213
33.0339
29.5578
29.9957
24.7316
29.1657
33.4415
33.4182
27.3739
31.1017
29.2978
25.2110
27.9297
33.8053
25.7044
26.4566
26.0847
29.5287
30.0296
33.4813
24.8178
30.2804
27.9149
29.0460
28.6709
24.3016
24.4248
26.0580
31.6878
28.6089
26.8993
33.0281
25.6536
26.3718
33.7326
25.8744
27.4272
26.6634
34.4402
25.5983
30.7275
30.1808
26.3662
28.1418
25.7289
33.1081
29.1992
33.4138
31.9417
31.2862
33.6809
37.0343
27.1249
29.2183
29.7452
32.1819
24.4679
29.4579
28.1388
35.0873
34.0319
28.8632
28.3759
25.6340
24.5858
30.5490
25.8694
30.2066
31.8099
27.1044
25.3109
31.9985
27.4780
31.2412
35.5858
23.6737
26.6383
29.7064
22.9470
28.8397
30.1034
31.8591
25.2261
29.5115
29.4111
35.6106
29.5320
31.5328
30.3449
24.0205
30.9464
24.3620
27.4179
35.4654
29.9514
36.7928
27.9232
37.1056
28.5147
30.5065
29.6640
26.8983
31.8727
28.8968
27.7476
25.1751
30.3544
23.1847
32.8189
27.6469
29.2127
26.0375
32.4616
23.0804
26.8577
26.8005
23.8312
25.5018
25.5554
26.6516
37.1092
22.5083
22.6598
26.9610
28.4151
22.8859
29.6342
32.4655
31.0155
24.1939
31.8950
34.4106
31.6260
31.6015
33.7878
32.2530
27.2741
28.0528
27.7846
27.3052
25.4913
22.9847
31.4363
37.0272
36.1110
29.7655
32.0009
25.0410
22.9764
31.3035
26.1691
32.3767
27.0752
26.2821
31.7810
25.1504
28.5077
34.3969
34.6540
27.9573
32.8170
29.4039
33.3041
23.6421
27.6118
26.5842
27.6649
25.4377
32.1216
34.4130
32.1029
24.1768
31.1947
31.9781
28.9610
28.4068
24.7595
29.3639
32.9763
36.4989
22.1643
31.6395
28.5918
29.7331
28.7603
26.5678
26.6259
31.2532
29.7325
27.2801
28.3142
32.9622
30.9831
27.6885
25.5653
26.0081
36.3389
33.3388
29.3940
37.3870
32.5330
27.4659
27.6598
26.7974
27.5675
34.5471
28.9380
31.3299
34.4881
25.9845
25.7878
26.8793
29.8377
23.4955
21.9314
31.5738
31.3640
23.8514
27.9493
30.8044
29.2836
30.0942
33.5274
31.7034
26.8973
26.0228
25.7706
27.1197
27.9066
31.5467
25.3136
30.2411
30.3641
30.6841
27.3189
27.3176
27.6670
24.7714
32.2900
26.6512
35.1353
30.4618
28.6823
28.5204
32.6146
19.7393
25.5063
33.3639
27.2742
29.0673
28.0363
26.4430
29.4949
25.3397
25.7020
30.9272
22.6829
28.4951
31.6424
26.2934
23.1566
34.1475
32.4619
29.6352
24.9106
28.6280
26.5290
29.7408
27.6672
31.3127
32.2318
31.6682
23.4850
30.0881
26.9980
31.8566
36.6045
29.9186
25.9809
28.0080
29.4772
26.8430
26.9179
23.5927
31.9461
31.0562
26.0601
25.9735
27.7109
27.7786
19.9513
27.4447
26.0869
32.2418
31.9910
35.9317
35.8027
24.9719
27.9234
32.8179
26.8859
36.9329
29.1760
25.5616
31.7085
28.5234
26.5700
29.9299
30.5596
22.9881
32.8094
32.0496
27.0196
33.4133
33.2239
28.3513
28.9189
24.6148
28.1797
35.3789
29.2129
30.1426
30.5664
27.2652
28.3171
37.2936
27.2698
31.3541
36.0363
30.5113
34.2127
29.2206
33.1928
28.3288
32.4635
29.3277
30.8147
27.4829
34.9914
28.7766
30.4810
27.5805
31.7089
29.9312
32.2643
27.6789
23.2935
34.6767
32.0225
35.9394
27.7381
23.2759
30.7995
32.1268
33.7895
34.1203
31.5857
32.7626
28.6312
35.8803
35.6952
30.2382
34.7776
27.5472
32.0288
28.7704
30.7466
31.9813
30.4699
32.4582
34.2309
29.3449
23.6052
33.8423
32.1305
32.4920
30.2218
37.0234
31.7753
33.3064
33.8422
32.5411
36.1859
32.2908
32.1515
35.5712
31.5252
34.0788
30.7662
28.1611
32.0233
29.8241
29.2047
29.3985
31.0513
29.8185
31.0298
29.7557
23.8836
27.6497
27.2738
33.5935
27.0233
30.6496
37.0772
30.0181
28.2078
32.5715
35.1953
28.7122
28.3432
24.8238
28.0581
28.1991
32.0562
30.1800
20.7184
27.5879
33.1441
25.2917
35.5861
27.7103
32.8575
25.2885
29.8596
30.5028
28.6515
27.3965
26.1981
33.0412
22.3773
32.9523
32.3470
25.4634
33.7962
30.9585
37.8370
27.6729
24.1557
24.2437
27.8501
27.5943
26.1232
35.0452
27.4994
24.9992
33.8760
30.3465
30.9796
30.9453
32.0138
30.5341
23.6971
25.7352
31.8236
23.7979
27.3855
33.2301
34.1608
28.9772
36.4229
29.3072
26.2681
27.3262
27.9581
32.9550
30.2694
25.2327
29.7498
29.6148
24.8997
28.3807
29.2202
24.6450
25.8682
27.8262
28.9987
32.4942
22.0825
30.3968
28.3241
15.0779
26.3808
30.2666
29.8755
33.1657
31.6429
30.8091
30.1299
35.1975
27.6785
29.1841
31.1277
27.6875
28.1655
35.0313
35.3272
34.3545
21.8994
34.9892
29.2777
31.6986
34.6537
27.2758
27.5037
22.9611
18.8948
34.1335
28.3937
30.1997
29.1046
35.8919
30.3329
26.1922
25.0223
28.0941
33.9485
32.4037
27.2767
28.3161
22.9715
32.7799
33.4234
30.3382
32.5543
34.2917
32.3787
32.7969
28.9408
23.8215
33.6641
36.2030
25.4709
35.1508
27.7026
30.3843
29.3572
25.5641
29.0123
35.1985
33.7889
30.3926
32.8119
24.1941
31.7705
25.6020
35.7741
30.3145
31.2354
29.8308
26.4875
26.1575
28.8257
29.8004
30.9658
26.2769
33.4478
31.1357
36.0757
36.3380
35.2239
32.9420
29.0287
30.3841
28.9990
29.5780
30.7856
35.5686
29.4498
36.4927
30.0177
31.6276
29.3573
32.2522
29.4568
35.8575
33.1560
25.4660
33.0264
37.2879
29.3987
28.2006
32.2690
23.0642
23.2424
24.9621
21.4849
27.9217
31.4224
27.7587
25.2882
27.1500
28.4390
24.0568
24.4044
26.1301
24.8384
29.8173
32.2416
24.3352
31.6368
30.2194
33.6101
32.1925
34.2351
36.0041
26.3798
28.1908
29.0305
29.5988
29.0407
29.3570
29.5613
34.2086
31.7817
25.2220
35.4123
31.3079
27.0450
28.4629
31.1059
26.8745
31.2959
22.3119
32.0770
33.0039
26.7109
30.6662
25.9459
28.1078
32.4509
35.6852
31.9914
27.8183
27.7362
24.5347
24.5127
32.0584
32.0344
32.4193
29.6415
32.6911
27.7841
32.3251
30.8900
28.6300
24.6404
32.3081
28.7863
27.2647
32.1584
30.9623
27.0143
31.8215
24.4678
25.5729
25.1951
30.1038
28.2201
24.6634
33.5354
21.7629
33.8577
31.4296
28.5971
21.4587
25.2650
33.9427
26.2339
31.0521
27.3785
25.8596
28.5729
33.3671
31.5322
30.8573
27.1397
28.8925
29.1142
31.6875
33.6639
22.7230
35.6331
30.4173
34.1070
22.4708
29.3878
20.9396
27.2081
28.4923
25.8914
33.5109
28.7340
27.3546
31.5676
28.6333
28.1754
28.1522
35.0624
31.2035
31.1391
27.7865
24.8924
28.9550
26.6306
29.1989
28.7328
28.1136
26.3525
30.2582
31.4946
27.7453
26.4567
28.4527
33.6009
25.9880
31.2652
26.2542
31.6026
31.1721
24.9018
36.0360
28.3053
27.9223
19.8028
33.5507
30.9253
23.8139
24.8052
26.4532
25.8783
25.3469
37.3273
28.0148
28.9048
31.7016
28.7319
27.7643
26.9918
32.4738
31.9651
28.3143
24.9719
25.4038
32.5459
31.2713
33.0577
23.9196
29.9007
37.7453
22.2815
31.3327
28.7234
24.1751
27.4331
33.7362
29.5899
25.0142
35.2393
27.7848
25.4490
26.1989
30.9191
24.6378
26.0889
30.5468
32.5028
27.0347
23.3178
31.7801
30.6602
41.4629
31.8803
27.3021
30.1029
32.8324
27.3870
20.5134
23.4701
25.9358
26.6107
34.6407
35.1164
28.1757
30.1966
22.9144
26.9530
23.7574
30.9588
33.1337
29.7883
28.5214
30.2491
24.3555
31.1221
32.8213
27.8677
28.9043
28.0507
30.8707
22.8062
34.6453
28.1704
32.3292
28.9360
25.0698
35.1472
29.1273
32.9575
29.5229
25.7234
34.5639
29.5365
26.7026
27.2802
28.5811
23.6898
18.3307
25.0774
32.1249
28.6477
26.4592
26.1288
27.3716
29.5686
32.5488
19.9426
23.1846
23.9036
31.3637
27.2324
27.3582
29.9810
28.0188
31.7057
32.4837
35.4919
33.1666
29.2533
26.2034
33.9784
31.3026
38.3986
36.2335
27.3823
32.9198
25.1188
33.4259
24.1074
35.4842
30.3775
19.4940
27.2632
32.1766
30.4818
30.8607
36.5977
28.8327
27.2406
24.3410
25.6528
31.4361
32.5934
29.2672
24.5187
33.5321
28.6167
31.3533
27.7370
27.8078
26.7789
26.1977
33.2435
30.1751
27.2865
35.2118
21.7692
26.7677
33.8825
28.2123
25.2311
27.5610
31.9137
25.6167
32.4052
29.5418
25.3932
26.6903
29.8159
30.7771
33.1082
35.3929
30.1192
27.6331
36.6194
21.9712
33.1218
26.9723
27.1725
27.9559
32.3278
26.8825
28.2285
27.8756
29.7701
24.1608
33.6056
34.5272
27.4339
26.0718
30.4454
26.6655
25.8769
22.9289
28.3541
32.3684
36.2230
36.0420
27.5827
27.9602
31.2029
27.9926
32.7597
28.8504
28.7444
33.3955
34.1169
25.5326
25.7120
29.6790
27.5511
27.4825
26.3397
22.3787
28.7040
30.9314
23.6612
30.1864
27.2125
30.7050
34.2733
30.2740
25.6940
27.6925
30.5417
22.5484
26.7712
28.9620
29.8829
29.9777
35.7836
27.7743
26.0391
30.4711
23.3500
29.6689
27.0520
27.2776
23.1510
32.2595
33.8358
36.5595
31.7598
30.2080
24.4049
24.5800
34.2486
26.2708
25.9595
34.4204
30.0582
27.7820
32.7595
31.1069
30.4632
30.0913
23.7994
31.6065
34.8696
27.8349
26.3681
24.7937
29.0684
36.3557
25.0093
22.8097
26.0413
30.3507
29.4476
35.1147
31.5286
33.3749
35.2518
33.7290
23.0218
30.2374
29.0353
33.2687
32.4993
25.0663
27.3409
25.2470
25.8155
30.3189
21.8638
32.7024
27.5775
28.1551
23.9588
21.7345
31.1937
31.5298
30.6762
26.3686
31.7365
35.4816
27.6743
32.3718
29.2841
31.8654
26.3621
36.2000
27.3845
33.8076
30.5906
31.8482
25.1225
29.1587
25.6392
31.8256
31.7812
31.6349
34.0683
28.0953
26.8354
31.0170
25.4084
35.2246
35.4930
27.6292
34.3888
33.9124
33.5218
27.2235
30.0583
29.5972
32.5085
26.6199
29.8654
29.2516
29.3331
30.1654
28.5414
26.6722
27.9644
28.0369
31.6921
31.5061
24.4418
23.6953
25.5510
24.5373
25.7307
23.5984
23.7540
29.4555
30.1187
19.5299
27.8323
32.2059
25.6461
31.3325
27.5410
32.2661
29.3182
27.9659
35.3254
37.4508
24.9165
28.4211
29.9820
27.3861
35.1029
27.3733
21.7614
22.2943
28.9206
22.4167
37.9156
27.8376
34.8015
30.2016
25.7063
24.1181
30.7862
30.4601
23.1152
24.3878
28.7871
22.3122
24.9285
32.0120
30.7207
28.2549
30.6776
26.5901
26.6521
28.8921
27.2640
27.6384
29.3530
27.0676
33.6584
30.9758
28.6444
26.9823
29.2825
24.9524
37.8376
24.3885
28.7074
32.7507
25.4977
25.0824
31.8705
27.0661
28.3041
23.4038
26.6570
29.3738
36.3974
31.6921
26.6455
32.6231
33.1082
32.5332
28.0457
32.7327
22.9242
34.1448
35.1125
28.6845
32.2436
33.0322
29.5426
30.5278
24.4879
25.3704
25.6385
33.4552
27.1990
33.3036
35.6727
28.5274
29.4647
26.2347
28.8164
29.7031
30.1678
35.4897
29.7129
31.6829
36.4392
28.6902
29.2913
27.2673
28.7873
28.4573
28.9129
31.5204
28.2082
35.6328
35.4035
29.4400
26.1983
27.9284
29.1021
33.7924
25.5758
31.9005
35.2961
28.7936
27.9596
25.7261
30.6017
41.7312
27.2615
35.0854
27.5150
30.8648
35.1465
24.2908
23.0808
28.3087
26.5420
26.4477
25.7626
27.8122
35.8134
32.3086
34.0840
28.6481
24.7721
32.5019
21.8024
30.4836
35.8413
37.3668
35.2184
31.2534
28.1521
31.4482
31.7583
30.8105
24.2388
26.8335
33.0593
32.3250
27.9405
31.9958
28.1989
33.4514
20.0688
29.0419
31.3998
30.2497
26.9599
28.4546
19.6141
31.4789
27.8274
32.4648
33.3630
32.5466
24.4633
19.3332
22.9240
26.0268
28.2062
29.0628
28.0235
28.9502
35.9106
24.6095
31.6117
32.5099
31.7026
28.4192
26.4536
29.3549
34.0032
31.4035
29.8397
25.3302
28.8350
32.2659
28.1505
23.1710
31.5810
32.5688
29.0525
27.5637
31.3035
28.0565
29.0733
31.5048
30.3859
34.1714
31.1294
34.9164
36.6111
31.6521
30.0678
30.8345
34.0949
28.0180
30.1662
34.3903
24.3873
31.8153
29.6558
27.6752
34.4182
25.2271
33.1457
30.1018
28.0909
26.8887
32.7172
32.1724
29.7344
32.5614
31.4721
33.3096
33.7813
22.6262
28.5258
27.4020
30.1393
23.9668
24.8507
27.1478
25.7502
33.4009
35.1607
28.4501
33.8783
32.3734
31.0211
32.6890
31.6880
28.2641
35.0101
22.1686
29.5324
29.8300
29.9871
30.2368
28.1160
23.2476
22.1419
27.2201
28.5042
31.4229
29.0281
31.0791
27.6420
33.4768
32.3253
28.4164
27.2015
30.5781
31.7562
29.1878
30.6991
33.1148
30.7812
26.4525
29.8413
28.6369
35.4349
33.2067
27.4913
29.7892
35.0613
27.2251
32.3578
30.8507
32.6808
29.3290
26.4857
23.9749
35.0806
26.0744
32.3058
35.1029
28.5494
25.8392
30.7681
28.8366
33.5923
26.8431
22.8098
27.9628
22.6342
29.8354
32.6579
24.7213
22.5181
29.3559
28.6607
30.6516
26.3450
27.7253
28.6533
26.2625
31.2222
31.2779
25.3979
26.7132
29.3820
21.8767
29.9525
26.4630
27.1348
29.3465
33.4874
31.7720
28.7631
31.9539
29.1794
29.8533
31.0504
34.2624
27.3236
29.9944
29.6162
35.0652
29.9316
27.7168
34.1324
28.7859
27.1604
22.7816
25.3007
33.2950
36.7840
35.9111
29.5293
30.7772
30.4810
27.2745
26.8021
25.3233
35.3122
33.8320
29.5435
34.4777
28.5412
24.1653
29.3367
27.7113
32.5699
29.4070
32.6829
27.6308
25.2647
28.3731
33.2249
29.7026
27.6435
26.8245
29.4442
33.6833
28.1194
34.2739
39.5207
26.9513
29.7402
33.4731
25.8621
27.2517
29.8195
28.2054
25.5818
29.3072
24.2963
28.3434
27.5353
26.0858
25.9660
31.0999
33.1934
25.7472
25.9458
26.0174
32.6114
26.1250
27.8794
32.8321
26.7160
30.9460
35.0695
31.4217
29.4816
32.5854
29.9754
22.9167
21.4617
28.2168
23.4175
30.7047
27.0322
29.0590
30.0580
27.7303
30.3835
30.9004
29.7521
32.4881
29.0477
29.5223
34.0521
26.6916
29.7253
29.0854
33.2605
30.0467
29.9077
21.9097
28.9636
25.1855
32.6040
23.8649
33.6478
30.6179
31.4546
30.8337
26.1902
24.8272
34.0524
29.8564
36.7260
32.4063
28.7154
25.6827
29.7652
27.9097
29.6756
29.5534
34.7813
26.3086
32.6034
29.1001
29.2448
23.7139
27.7089
21.7963
29.6081
32.5603
25.5891
31.7935
32.4209
34.1889
32.4969
31.4207
27.0572
32.9221
30.8121
29.9601
27.0040
32.2941
29.3927
33.2422
32.8667
32.5888
30.9802
25.6845
28.4097
24.9654
32.9927
25.3953
30.8943
30.4447
26.7117
28.1473
31.5454
19.3045
22.8717
29.6394
33.4048
29.9351
30.3203
18.2315
25.1525
30.1375
32.2233
27.4371
28.3867
30.6778
34.6904
28.8594
25.5784
34.8713
24.5718
25.5830
28.3672
29.8542
28.3779
27.4511
23.8741
27.4176
28.8833
35.4547
32.1324
39.8591
31.3790
23.2560
32.8891
25.0692
28.2822
27.9187
29.3601
28.7849
25.6442
25.7630
32.2142
33.5255
23.7820
22.6249
26.5271
23.4267
35.5013
30.3626
32.8102
33.2618
25.1433
27.0680
27.7926
34.9235
33.7469
34.6165
33.2232
32.5375
34.6671
33.1885
32.3612
26.8948
31.7855
27.5874
25.9398
32.8216
39.1223
27.5647
31.0446
24.8804
34.5983
26.7840
28.9895
31.4021
32.5620
26.6554
25.9375
30.6963
26.0712
36.4724
31.8039
28.7519
24.5131
25.9954
32.0254
31.8943
25.3802
23.9380
29.6120
25.4835
31.0972
31.5347
29.2194
24.3327
26.8316
24.2431
26.2960
30.7236
30.7661
27.8477
30.5923
35.7765
30.0797
31.7733
27.8031
31.0894
28.8805
31.6728
28.0528
31.3481
34.4893
39.6786
26.3732
28.5265
30.4728
33.3668
25.9566
32.6948
31.2580
29.3025
31.2352
32.3210
25.4163
24.6388
32.4172
27.0562
29.9967
30.1791
29.8874
34.4661
28.9693
32.4123
33.9719
30.3449
31.4330
35.8465
31.3919
29.6734
35.6721
29.9989
32.8773
32.2947
28.5051
23.8729
28.6644
29.7584
33.5593
25.7741
33.8879
26.6454
27.9681
27.9265
21.3180
28.0742
34.0790
27.9578
31.5798
31.2294
27.1642
27.0770
27.5170
28.1260
31.8603
30.8094
27.3643
28.6142
34.6966
30.6568
31.6503
27.4604
30.0713
27.8356
28.9468
31.2866
30.3609
35.9034
30.0924
29.6756
33.3049
27.4134
31.3308
30.3177
29.6263
28.7259
28.6587
25.6402
26.1088
24.8852
26.4225
30.8176
34.7487
26.8951
31.0089
27.4896
33.8022
20.7060
28.9432
28.6962
31.2461
29.8485
36.1085
33.2190
22.3859
35.0294
28.1976
28.2579
32.0641
31.6679
26.9995
30.0175
32.7330
31.4314
23.1366
34.4694
28.3526
35.1088
35.8624
23.0532
25.7184
29.4207
29.5809
27.9871
37.7973
30.3073
22.3314
24.7606
32.8187
27.3269
25.6902
32.0835
28.9822
28.3773
25.0585
27.8056
30.1357
31.5268
29.7080
21.6175
32.1476
32.7656
34.9577
30.3070
35.0542
29.5222
33.6974
30.7839
32.2053
31.6012
33.0534
34.4173
27.7038
29.3468
33.8354
37.6390
33.0415
23.9304
28.8267
33.2594
29.6838
28.4661
31.6667
21.2907
30.1609
31.9768
31.6417
28.0588
37.4947
26.9288
29.6984
30.7562
25.4145
32.0424
31.0066
25.3438
25.9079
24.3579
32.9935
30.1569
38.0971
31.7411
28.8257
24.7629
25.3272
33.0357
32.0697
27.8967
27.8117
32.4622
31.5432
29.2514
31.2626
31.3721
29.8723
30.3386
27.0151
29.6792
35.9668
32.4921
31.5872
25.6656
33.7141
28.0455
25.8473
32.3466
28.9753
33.2049
31.7604
33.3427
32.1789
20.9554
28.9265
23.4807
33.3072
28.5133
36.4600
31.6346
24.4410
40.3917
33.2567
35.7731
33.9903
22.5148
28.8090
34.2846
35.4352
27.0267
33.3366
31.3737
20.4083
22.8938
24.6324
37.0646
25.6957
26.4132
34.0104
25.6112
28.9592
26.8485
32.6655
27.0371
30.7455
30.1390
28.6675
29.1582
32.3649
31.5642
27.0400
25.8072
31.7651
28.4382
32.2623
33.6468
35.3661
34.7448
26.4753
30.7151
34.7712
30.3040
29.1490
32.2469
33.2914
37.0493
24.8325
24.6188
33.3105
32.1164
28.2896
32.9801
33.2675
30.8940
28.1808
24.4063
30.4648
32.6682
27.5882
30.6908
34.3149
25.4434
24.4756
30.8836
29.7768
33.4484
22.8058
27.6749
32.2006
32.3066
24.6190
26.6165
29.3425
28.0097
31.4298
28.0541
31.4129
27.3725
32.6558
29.0552
29.0054
32.8868
32.1713
30.0047
28.0420
35.4739
27.1274
30.7927
35.6574
33.5987
29.0073
29.1331
27.7098
31.2818
32.6565
29.6555
27.8545
30.8285
36.6802
31.2680
25.8056
27.3019
28.6273
24.1713
29.1742
36.2329
28.8572
32.4921
37.0907
31.9610
37.1543
31.8868
23.3925
27.3913
31.1546
26.5387
27.1096
34.3871
34.0244
27.4601
22.8425
26.8759
28.2508
36.8906
38.9211
29.1922
28.2040
37.5987
32.3539
24.4568
25.1157
28.2808
21.5160
27.9357
24.4709
28.1879
33.4634
33.5409
28.7294
24.0006
32.7707
27.0055
32.4167
26.9224
26.1564
27.6083
31.6296
27.4385
29.4418
26.3739
36.0353
27.4041
26.2679
30.0413
34.0313
29.7006
28.8118
27.2426
29.6273
30.9581
23.8912
24.0660
24.5712
25.1529
27.5484
36.0106
23.9221
30.3009
31.6951
27.6247
34.3567
31.0468
29.6289
28.4580
27.3302
27.0540
29.6568
30.7790
28.0833
26.2254
32.3663
23.0785
31.9359
36.2060
25.2743
33.1862
31.2470
28.1743
25.9650
32.7887
31.3976
27.9707
35.1598
31.0008
33.7182
27.7923
24.7060
25.3851
34.8501
31.9023
32.2565
33.5942
26.8609
24.1694
30.5165
29.5283
34.5168
28.4748
32.2163
37.1555
34.0250
25.1428
34.9214
26.8734
29.9590
26.7179
34.7284
31.6593
35.4769
32.5371
29.8893
26.3114
36.4933
26.6301
27.0205
22.7134
33.2309
32.4964
35.8797
30.4308
24.7138
36.2009
28.1999
32.8574
32.0183
26.7572
30.5311
33.0180
30.0762
31.6046
32.9840
37.0550
25.8636
35.4057
30.3176
35.1631
27.9948
29.8130
31.1813
28.5789
26.3653
34.2868
33.5583
28.9215
30.4910
30.6181
28.0339
30.8584
30.3613
31.3676
31.1783
31.9463
26.0169
30.3014
22.1220
33.1599
32.8118
30.8039
26.0477
35.0152
34.6211
32.1342
32.5655
31.9146
21.6128
25.8669
24.2789
28.3883
32.0021
29.4203
21.1496
35.8979
24.0980
33.5442
24.8436
30.8256
32.5890
35.8443
25.8353
30.2658
24.5050
25.5518
21.5975
31.9649
32.0616
36.8082
28.4392
28.9612
28.2925
30.6580
24.4986
26.2517
30.8007
34.0494
31.9271
32.3246
25.5623
26.7912
34.8896
35.2214
30.5867
31.6017
25.8943
28.7494
28.2966
28.2409
31.4091
22.7077
28.3285
33.2591
28.7195
28.5912
28.2885
29.9927
27.5521
31.5778
32.6581
31.8481
27.8848
28.1756
33.9016
28.9914
32.2301
36.5595
37.4173
31.4074
29.4080
30.1237
26.3112
25.7706
23.4231
25.8172
21.6825
24.6951
24.4360
26.3877
22.5493
30.8826
29.0619
28.1265
34.8634
34.0094
31.6980
35.3743
28.9927
35.5776
34.4151
23.9888
32.5721
28.7703
28.8351
36.6353
30.2593
28.5133
32.8567
24.7447
32.7849
27.1869
24.0180
26.9509
28.0675
23.5224
34.0224
31.3525
26.2802
23.6215
28.8305
30.4917
27.8738
30.5658
28.5076
33.6881
28.6556
23.0295
26.2747
32.6828
27.3306
21.8483
28.6967
29.9007
31.1267
31.3711
33.5568
32.9070
32.6271
27.7705
27.7584
31.9310
32.1464
29.6402
27.3232
28.2124
23.6060
25.5212
27.1048
30.3963
23.9573
31.1720
36.6367
27.7010
30.3651
32.4052
29.8603
23.5867
23.7337
29.8783
25.6577
31.1454
27.8754
32.0827
29.4406
24.1970
35.7259
28.3590
31.0789
26.1857
32.1183
28.0761
28.2455
31.3693
27.6779
24.8937
29.7895
31.3735
31.0176
28.5202
29.9856
30.4503
32.0299
34.7914
27.2078
31.1946
23.8460
28.1766
28.4599
28.9557
33.0738
36.6708
27.2694
27.5448
25.6299
30.9092
31.3918
36.2079
39.0653
31.1737
35.5633
35.9395
35.9364
28.8529
24.9534
29.2456
32.4070
31.1879
29.6132
29.3037
30.9443
27.2495
36.9443
30.1490
35.4239
27.3788
29.0602
27.9166
32.8038
32.9966
31.8584
33.1009
35.7224
26.7458
24.3109
30.2559
29.2887
32.5495
22.7183
29.4005
28.3490
31.8378
32.1467
34.3153
30.3932
30.8972
26.7809
31.6701
29.8431
29.3301
26.7009
32.7207
33.0142
28.7004
26.4967
27.0614
26.7454
22.4829
29.3770
21.8560
26.1157
24.6106
29.0288
28.5357
34.9149
34.9050
28.4795
35.8919
28.6371
29.7624
35.5582
27.5931
33.9810
35.3351
34.8451
38.1470
34.6304
33.8743
25.0304
35.0029
33.9487
28.6767
24.3140
27.9567
30.6940
28.6327
27.3600
22.2781
29.2666
30.8453
35.6180
33.7484
31.7403
26.5677
31.9759
33.7504
28.0413
31.9245
30.6102
29.2268
29.5613
28.3234
30.3039
32.5247
33.0606
28.8865
19.8594
28.9199
29.5665
24.1520
27.9394
26.0485
24.7570
26.9910
37.6671
31.0719
31.7658
28.6797
28.6059
35.0502
33.4411
25.8519
33.6228
31.3107
22.7634
29.3086
32.6859
28.3382
32.5841
31.2236
35.1869
28.4951
27.5282
26.4066
29.3259
22.4282
28.8693
28.4718
28.3993
28.1304
26.7807
29.4354
28.4989
28.2089
31.4673
25.0750
28.9955
32.2925
28.7874
35.9292
31.2164
32.2093
28.6256
27.0898
31.5103
28.1523
30.1599
23.1081
26.5078
22.6921
28.6049
34.6800
31.2191
28.9328
28.8116
30.4765
27.6515
30.0220
28.2435
28.4692
27.9936
23.3670
27.6030
28.6636
23.6506
32.2141
25.4015
26.2468
29.1621
29.7071
37.5085
25.3828
25.5874
23.5993
32.2673
28.5941
33.9989
30.9683
32.7850
32.3358
32.9479
34.5122
32.9525
33.8851
24.8078
22.7485
31.9371
32.6716
23.4620
25.6837
25.9276
29.2494
34.2286
31.2433
33.2137
30.4674
38.8610
32.7842
27.8447
28.2836
29.7664
33.7019
31.7792
26.4468
31.3580
31.6563
30.9311
29.0903
33.2542
31.2469
34.1320
33.5756
28.0025
31.8525
25.7107
25.7370
32.2743
30.4465
21.2052
33.0026
31.6750
22.9189
25.6246
34.8379
31.0664
30.8850
29.6043
30.6072
31.5869
24.9553
35.6377
30.9244
20.1430
28.6138
24.2999
22.1980
23.8532
27.4020
32.5689
25.1764
29.1555
37.5130
32.8417
32.5258
27.9255
30.6682
28.5463
21.5728
29.0540
24.2847
33.2737
33.2901
28.9806
31.9998
30.3085
27.0360
30.4666
26.9456
26.5477
31.7661
29.7990
25.5881
27.3326
34.5195
26.9148
28.3045
35.9568
27.5665
22.9195
28.4132
28.1816
22.2911
31.3783
31.8524
33.2740
30.7669
31.0929
31.2189
26.5080
28.3981
28.4134
29.7129
29.5652
28.7051
35.8516
28.4271
27.0822
26.4476
21.7042
31.6509
35.0381
26.3920
27.5245
29.0191
30.5559
32.9736
31.0177
33.4685
31.5715
24.1426
29.1108
27.8564
29.6182
25.9591
27.3744
27.5759
29.3568
28.9417
22.7215
32.6958
28.3393
28.7412
28.9163
25.5099
33.1994
28.3168
33.9404
33.9170
28.2559
28.6749
30.3801
33.2374
32.9671
28.1487
23.6826
25.2805
29.8616
30.7083
30.4705
29.6118
29.0767
30.5332
30.2251
27.3179
30.1907
32.9450
27.2022
28.5812
28.4668
32.4449
31.6177
31.5241
25.1370
24.6722
32.0028
32.2571
34.2685
31.0675
27.7414
24.3954
29.2537
24.3037
32.9253
33.5318
26.8008
32.3975
29.6447
27.4662
29.4983
25.8785
24.9926
35.1771
27.9506
28.6227
27.5684
30.5500
31.1821
32.7957
30.3449
30.6583
22.5564
32.6343
27.1160
34.1239
32.1654
26.0839
35.5185
28.7870
31.2149
24.1125
32.7910
24.1149
31.2274
24.9991
28.6045
28.3570
30.1837
27.0575
30.2581
35.9901
33.6001
33.6471
25.6646
33.1473
37.2047
26.6885
23.0494
25.7052
26.0027
28.7641
36.7650
29.8426
28.4769
34.1380
26.1182
26.0351
30.7550
30.2300
31.3437
24.1263
28.4638
32.9061
31.5953
31.0906
28.1935
30.2733
24.9397
31.0643
31.7009
34.4455
26.6467
33.7576
35.9334
37.8328
20.5508
28.4299
28.0535
28.2645
26.3582
25.9753
30.0237
28.1769
27.7835
25.8141
32.8823
31.0216
33.1001
32.8035
34.3157
31.6087
28.9122
29.1782
29.2402
30.2986
31.2227
28.3516
35.5407
30.8918
37.4998
29.0358
36.9935
30.7434
35.7833
37.5077
31.6713
31.9807
32.0011
34.1310
27.5579
21.0817
27.4617
32.5449
21.7442
32.3667
31.0067
31.1671
31.2150
29.5366
33.3160
25.3332
30.4655
24.8803
32.4866
35.0378
25.0484
29.9112
26.7905
34.2939
33.0071
32.1810
32.3958
35.1128
35.4421
29.1256
31.8973
32.0441
30.0796
24.6059
32.0540
31.0507
27.1583
31.7996
20.4146
33.0497
29.7709
31.5796
28.4086
26.0203
37.8695
26.5028
28.1738
25.5486
30.5720
32.4768
31.6388
26.1583
27.5758
22.6370
27.3462
25.1170
28.6392
29.3249
30.8109
24.4869
32.5178
22.4321
29.0307
29.5227
28.6085
29.2435
29.8038
28.0286
26.8830
25.7248
26.3856
24.7658
31.7031
32.7247
28.6162
28.9404
38.2878
30.5075
20.8529
23.7705
36.3506
27.4505
28.4636
30.9028
29.5467
36.1469
34.8219
27.4784
23.9314
26.6106
26.2063
30.8810
29.6452
32.2988
30.6027
35.7704
26.2670
30.1189
30.8314
30.3739
25.3322
36.3444
29.0603
30.3761
29.0927
33.6265
28.5187
29.1350
35.4216
29.7114
26.4427
33.2937
31.6143
25.8149
27.7925
30.0111
33.5434
34.7472
25.3536
32.0717
31.0677
30.7688
30.9708
21.4262
20.7201
32.2138
25.6471
29.6131
30.5517
32.3893
27.8633
31.7376
27.0176
27.5998
23.4395
35.4451
30.4589
30.8990
24.7147
29.8385
25.7589
33.1456
24.3835
38.1020
26.9142
27.9923
27.3862
31.8444
31.5726
28.5839
24.9720
31.2677
28.3851
28.7463
29.1348
27.1309
31.8664
33.3703
26.1372
33.4843
29.7190
24.0798
31.8348
26.2881
24.1853
32.7027
33.2859
28.1045
25.6748
34.8142
23.9002
39.2323
33.1290
32.0428
28.4071
24.7763
31.6854
25.1751
24.6180
32.6997
30.2446
31.5102
27.8458
28.7834
28.1443
24.6335
34.5067
25.3208
29.7102
31.8210
26.3686
32.1173
30.2091
24.6810
28.5672
25.0809
32.0848
23.0282
32.9239
23.4174
23.0140
27.3727
25.1558
32.3132
26.5837
34.4145
31.2727
31.0972
29.7599
32.1038
34.0998
32.9233
34.2034
28.8956
19.6670
33.0269
32.1686
32.4088
29.6977
31.1123
22.7915
28.4312
24.6785
31.4624
31.3942
27.8491
25.0901
29.8174
30.8659
34.4849
29.2963
33.6700
28.4381
25.5574
29.3318
23.0397
30.2837
29.9989
36.9614
28.7322
26.4124
27.7676
31.5478
28.4024
30.5346
26.0342
32.1463
27.9794
33.0395
25.6755
26.8191
26.7551
25.4311
25.8088
31.0244
29.5947
30.3834
28.4130
32.9804
28.1609
33.0452
21.5832
25.8747
31.9113
32.5217
32.3860
31.8375
30.4146
24.0268
31.0260
34.8513
28.6655
31.1825
31.3561
30.8600
29.7761
22.4224
32.0064
28.7685
30.6296
35.3195
29.4159
29.0429
35.9764
26.0404
27.0961
26.6702
32.0323
30.2428
32.3830
29.0209
34.3074
30.1247
31.5757
26.5021
28.9610
26.1876
29.7810
27.4877
24.3512
25.2730
30.0278
31.6319
30.2568
25.1921
32.6196
25.7354
28.3242
28.1166
33.0399
29.1743
33.1455
22.1931
23.1575
26.2254
28.5562
34.0885
24.0171
37.7582
32.9372
29.2467
25.6475
19.0807
27.4261
31.2449
29.8517
31.2659
30.6436
34.7367
26.8644
34.4517
31.2035
29.0366
32.2958
31.0288
32.1390
30.1484
26.0572
28.3388
23.5617
32.4129
25.9060
29.0037
34.7062
34.1777
30.2644
29.2180
26.1486
32.0483
33.7042
26.6213
30.4827
27.9670
25.0308
35.0882
28.9321
26.0369
27.4541
28.3588
28.8974
31.4828
26.2446
25.0198
24.6220
27.1316
25.3824
34.8402
28.9932
29.2386
32.8761
26.3243
27.9906
28.5171
25.8821
24.9134
23.3922
32.6838
22.8448
27.5340
25.4370
30.9493
33.9252
33.1546
28.9775
24.4175
30.1947
29.1760
35.4692
31.5818
27.3481
33.6269
28.4908
27.0715
30.6235
25.6923
30.8316
28.1320
26.4715
34.9836
33.3652
27.1287
28.1024
26.1507
30.0128
27.4629
26.8518
26.2021
28.2028
25.8782
25.0485
23.6491
20.5300
30.6122
31.1760
27.1056
25.2632
29.0171
33.6250
27.9953
25.8257
30.4982
29.1582
27.4845
32.8936
26.8281
35.5909
23.0622
23.7449
31.1607
25.1251
32.1800
23.4348
30.3212
30.7717
31.3289
28.8175
29.8510
31.8802
29.4756
30.9090
29.8511
28.9909
33.3701
34.2219
22.7268
33.1803
31.8221
37.9652
34.3731
37.7693
34.2400
36.7000
26.7246
32.6413
24.8555
21.9610
27.9828
32.4279
32.2675
31.1122
32.8592
33.5302
24.6552
30.1620
33.8181
29.6825
27.4542
27.3991
27.3496
29.5668
26.2686
30.8517
33.5382
31.2280
30.2910
26.6259
28.9506
23.4150
26.7534
24.1262
27.2688
28.9876
33.3295
24.7654
31.1096
28.0088
21.7823
29.3311
31.0932
27.5173
30.9915
30.9585
31.7651
31.5593
33.0197
27.3047
30.2062
32.8535
25.0642
31.8770
31.8349
35.4914
30.2972
27.1118
27.8335
25.5915
22.9298
26.6858
33.4301
33.9511
33.7464
33.9858
30.8598
29.1235
30.3736
21.8898
23.6468
28.7468
31.8743
32.5161
31.3048
30.5917
26.0157
36.4983
29.3844
31.6018
26.8703
28.6778
30.9770
24.8526
29.5719
25.2640
31.9056
28.3646
30.0494
25.2982
29.3450
32.6266
24.9051
32.0095
32.1090
28.7095
37.0755
26.3305
29.4783
29.4045
32.0611
33.6019
28.8977
30.1003
30.2517
29.7313
34.8497
31.6476
31.9249
26.9613
32.4883
25.1135
23.9717
29.2362
32.3266
30.7312
33.7314
27.0488
31.5781
26.4950
27.9461
34.5677
31.0004
30.6952
24.9281
29.3622
28.5419
35.7032
36.1260
28.4048
29.4842
37.7991
31.2458
28.7720
25.0562
37.7436
33.8946
29.4820
27.8868
36.6516
38.7257
29.2099
28.6750
31.0890
30.6729
28.2486
30.5568
24.3078
32.6348
24.7811
27.3440
27.1243
26.2633
33.5307
30.0197
26.4380
29.2963
24.0065
28.7077
27.4114
25.1397
23.3243
23.7040
28.9058
30.3854
30.0517
30.7031
34.9054
30.9488
26.1504
31.5455
24.4653
29.4319
30.7497
27.6831
24.7398
29.7925
24.2945
30.1173
31.2319
29.8506
24.3261
24.7680
27.9841
30.2394
29.0155
30.8199
23.0873
25.3427
32.2745
34.3613
36.6483
27.6836
28.1032
28.8507
31.9381
29.3668
23.2815
29.7289
27.1992
24.1244
27.4006
25.8354
31.0838
23.7778
25.0324
27.3640
29.4343
28.3735
28.3555
30.3941
26.5867
28.0935
31.1383
32.4155
29.7990
26.8445
27.5570
33.0025
30.6305
34.6844
31.5706
33.3517
30.1877
37.3308
33.3318
25.3553
31.1214
26.5655
25.2328
30.8517
32.1022
29.5867
34.8499
25.6295
25.4118
30.1784
35.9016
36.8153
29.9888
29.9088
28.7808
34.4306
28.2203
26.7050
25.5260
25.4788
31.8254
24.2775
28.2445
35.2466
31.0337
24.5820
26.8639
35.9918
27.6038
30.9547
19.3810
29.2159
33.6049
22.9727
25.4501
31.9942
31.4013
33.8925
31.2576
26.9736
25.9607
30.0263
30.2544
24.9575
29.6301
32.1528
22.8944
32.7402
27.1991
27.4441
25.5658
25.2860
29.4258
22.3779
26.2156
27.6972
34.7794
27.4660
33.2494
30.6722
25.2887
30.1542
31.1774
27.8882
32.6787
30.7914
30.6593
36.6142
20.6597
30.7024
28.3255
30.4962
28.7605
24.6612
34.6349
30.7035
33.1704
28.7167
21.0384
26.9747
31.9033
28.6852
28.7583
30.5801
33.3186
33.2866
27.4694
32.6989
33.7936
26.4989
28.3993
36.8477
27.3073
29.0409
26.6164
23.9760
23.5490
34.1556
29.4571
31.9350
28.3293
24.1646
27.7783
28.5985
25.3916
32.8012
34.1061
33.7013
34.0558
27.6930
33.9006
29.0216
33.9262
28.1667
28.1880
34.4497
18.5387
33.7001
31.5131
24.1808
26.3156
30.2591
28.3494
33.2592
28.3277
24.3326
28.8981
29.8554
32.7468
34.6222
32.3186
33.5052
35.8057
29.9423
30.9550
30.7002
24.9738
29.0671
35.8536
35.9857
28.6560
28.4618
23.8908
38.8955
30.4172
26.9934
35.1510
22.7305
28.1809
31.4792
32.5595
33.2815
22.8117
33.1492
31.8369
26.9885
29.5924
30.2115
28.0283
29.1412
29.0458
30.5361
32.4127
33.5321
27.8011
33.7065
33.4284
30.2229
27.7218
27.9472
35.2866
32.4169
22.1597
29.3380
33.3579
30.5751
27.4748
29.3416
32.2977
33.6824
31.8882
34.0343
24.6001
23.6742
31.4828
25.3592
29.6699
27.5552
33.8583
28.8049
36.6336
32.8041
27.7134
27.6634
30.8032
27.8560
28.9575
32.5429
28.3311
28.4558
31.7836
28.6319
29.1750
25.4262
28.7065
27.4118
32.8486
32.9322
29.2462
34.0483
34.0793
23.2629
29.0162
31.5692
34.1604
29.1068
27.2342
24.0365
28.5205
31.0760
31.3425
25.0970
27.9652
29.7252
31.7442
26.2406
34.5795
29.9166
33.2048
34.0809
27.1405
33.5217
30.3215
33.6232
32.1125
31.3103
35.8335
32.7575
24.8848
24.4546
32.9183
30.0458
28.7990
30.0583
23.4459
36.1061
28.5627
25.9662
26.6376
30.3937
39.8823
27.5091
34.6642
29.7793
31.4412
32.6312
37.8254
30.9408
23.8715
29.6305
32.9692
28.4064
31.8462
25.4960
25.1731
27.5768
26.2621
30.0015
27.9848
30.4941
30.8282
29.7364
31.7053
34.4248
32.8078
22.8631
27.9143
29.0566
28.0372
25.8143
31.3393
33.7106
32.2794
25.3174
27.8923
29.0587
22.4731
31.3359
31.8721
33.7497
30.3662
28.4345
29.4393
22.1956
30.4341
27.5764
27.3233
30.3947
28.3675
31.0088
33.3225
29.5821
24.6398
24.0937
31.5550
25.9022
26.5308
32.4645
26.3548
29.0191
27.0322
27.1066
26.4327
25.6898
39.7088
25.4239
35.6587
37.1512
26.7208
34.6868
29.4623
31.6262
24.4370
27.0021
25.8137
31.8573
31.1587
25.4871
31.2400
23.6883
28.7119
29.6567
29.8507
31.2083
35.7893
30.2898
27.8082
29.4700
35.2426
33.5931
32.1982
33.7599
29.2663
31.4979
29.5918
30.3469
28.4839
34.7602
33.1599
27.7817
31.0779
23.6878
26.4916
25.5827
27.8589
36.2396
28.8694
27.1111
30.2917
32.4003
30.1251
31.1127
34.8390
26.3192
25.1763
28.3401
28.5181
28.7864
23.0015
30.3262
33.5893
28.8268
34.0894
35.2143
33.4418
24.2643
23.6816
30.4419
33.9258
22.1819
30.4781
36.9832
27.8386
31.5474
28.8532
29.5115
28.9785
27.8198
23.9647
28.1733
31.0442
33.9472
32.6943
26.9549
26.9587
26.4097
26.8290
31.8829
32.0565
36.2020
25.9625
28.9998
23.0421
26.6489
29.4794
30.4543
26.1838
28.1955
32.8864
34.8168
30.3785
30.8904
27.4812
24.5593
25.8351
23.7495
26.9891
31.2821
26.5033
37.2285
29.7877
30.8157
27.7636
28.9951
30.3003
32.4687
29.8791
28.5085
26.9310
33.6030
27.3137
30.8353
31.4609
27.1973
25.5909
26.9863
25.1444
27.7263
28.9414
33.6840
21.5376
25.3010
31.3957
33.9723
31.0214
23.5114
31.6935
27.8966
28.8909
24.0267
29.4127
33.9855
29.9188
34.0924
34.5498
27.9333
25.0367
28.4052
24.8072
26.1814
31.3793
27.9583
30.5688
26.4532
28.6325
28.4938
33.1487
28.1816
30.1681
38.0504
29.4979
28.5986
35.2067
24.1222
26.5812
22.3614
27.6207
35.9115
26.8090
30.0396
30.4134
27.9342
35.2384
27.1083
33.5882
30.3095
25.2413
29.9658
33.3962
32.6110
27.6252
24.9143
29.2144
35.5821
30.1038
27.8148
24.6558
31.5409
22.5964
24.9216
24.6836
28.2626
35.5758
30.9322
36.2458
25.0022
27.1981
29.8887
34.4223
35.4705
29.7020
22.6827
30.3113
33.4723
27.1970
27.4851
35.2283
26.0783
31.7416
24.7456
26.1522
30.9199
29.3114
26.8645
27.2143
31.6173
29.6890
33.3849
30.2061
24.7467
29.2833
24.9319
29.9727
29.5146
23.2787
21.9152
31.5321
32.5866
27.4459
36.7340
24.4226
25.1069
28.5559
31.0394
25.7704
31.6305
33.3887
37.7527
29.6070
28.2522
34.4715
27.6844
28.2378
31.3349
22.5686
32.9256
27.4473
29.3109
28.1857
29.8811
26.9291
27.0627
34.3193
28.3159
32.6062
27.0989
25.8617
32.2666
31.4721
29.5191
25.5281
27.0127
30.1735
29.6826
32.2930
30.6173
33.5149
28.2195
27.2355
28.0551
33.4871
32.4874
22.7224
26.2669
33.2060
28.2643
28.2156
25.2788
31.2651
24.8964
32.4338
19.2335
31.5724
24.2087
34.2677
27.8658
25.5194
27.7958
27.0195
31.1466
29.2847
30.9167
28.9846
31.2055
33.1268
33.3623
27.9846
28.9061
28.3360
25.4443
34.0125
29.3797
22.7049
28.5188
23.4714
27.6245
26.0235
27.1835
36.0906
33.6248
35.7221
25.6800
25.0508
30.1468
32.2188
32.2297
35.1318
28.5237
22.5102
36.0360
34.4867
33.5815
30.6182
31.3813
31.1493
36.2102
28.7265
28.2126
27.0263
25.5941
34.7527
38.0339
39.3214
26.4015
25.5904
29.4732
30.1809
31.9283
29.5591
31.5096
32.7563
25.6509
31.2462
26.8484
33.0001
30.1911
27.4155
30.7251
29.4654
28.5073
28.8905
26.4352
28.9668
30.6305
27.1891
29.9034
26.6707
33.2252
29.8929
36.8533
27.4931
29.2875
34.0128
29.3354
27.0439
29.9637
30.5564
27.0602
31.9398
30.0635
23.9093
27.1365
28.4093
24.3307
29.2426
35.1985
29.6752
27.9279
27.7223
25.4512
24.5242
29.7247
32.3509
25.9176
35.1017
31.0048
28.4967
31.4677
28.2629
28.9214
34.6593
31.1100
27.6354
29.3682
22.8111
28.0954
31.2387
32.3887
35.5907
29.0460
22.2604
24.7569
29.5022
28.3749
34.2529
35.5995
32.9849
33.1193
29.1144
29.4426
23.4330
30.2287
32.4575
36.0510
34.4804
33.6132
31.8824
31.6500
25.9065
31.6791
29.1458
33.2395
22.3743
27.7194
35.3998
25.5697
29.6484
33.3141
26.9533
25.3360
26.8730
24.2763
33.9478
28.6351
25.4807
24.0788
26.7495
32.2765
27.9236
27.6819
21.6079
26.0413
30.0572
31.9550
31.6144
32.2425
33.7655
35.4988
28.4965
32.4863
31.2893
26.7777
34.7877
32.5108
27.5293
26.5121
28.3789
26.0660
30.5514
22.5083
32.6459
24.9659
23.7437
24.6679
30.1291
29.3063
32.5471
37.0945
25.5586
21.4187
33.2470
31.2509
29.6021
33.5306
30.8577
31.9766
32.7845
35.2689
27.5744
28.2562
27.0484
31.2749
34.0563
31.1812
23.8379
26.8363
30.0337
21.2282
26.6638
26.2824
33.8990
26.7776
24.4558
23.1579
32.2321
28.2985
30.5955
29.2060
34.1892
27.1101
31.2225
33.5795
38.0812
35.0662
30.7865
23.2307
30.4653
30.1228
31.4503
25.7128
28.1417
30.0043
25.2082
24.3600
29.5228
27.6482
28.2098
28.6790
25.0326
27.2813
28.8313
27.7479
25.4886
34.3708
29.5720
31.3468
25.8084
26.7965
29.5092
23.1775
35.6798
34.1495
27.1163
30.0981
28.1473
32.5141
26.7716
23.4073
29.1760
27.0494
31.6109
32.1163
27.4605
28.5557
31.9034
34.9066
30.1554
27.3301
28.0703
34.4252
27.6738
33.6188
34.1337
34.2040
26.4645
32.5292
29.2738
27.7749
23.5020
20.1797
27.8219
30.8207
26.0636
38.1870
29.7940
23.1959
29.8154
27.4203
21.8346
29.8143
34.6224
26.5592
25.5192
26.1871
31.6361
28.0601
32.4658
33.9544
27.2511
31.1388
33.0282
33.5847
33.0076
33.2765
23.7041
30.9271
31.8135
36.2191
26.7766
29.5545
26.2050
27.3238
23.9857
27.0084
28.7815
30.8396
32.5083
30.8015
35.3608
31.8450
30.9531
32.1420
27.5330
32.6161
28.7717
27.1317
30.0540
28.9627
35.3874
29.7838
29.3720
30.4631
33.8519
30.2915
33.5868
31.4559
29.9822
37.5382
28.6336
30.0959
26.4544
24.6611
34.1239
29.7206
23.4689
28.8050
27.9231
27.4352
32.5872
30.1318
28.8230
26.4436
23.5876
33.5657
26.1926
30.7215
32.4327
30.4349
29.5615
33.4825
25.1349
28.0004
26.9345
29.8902
32.8326
36.3961
30.7934
28.9949
28.0362
30.8957
34.6106
27.6490
28.2319
20.9703
31.5760
28.7762
28.0773
33.3543
29.3593
26.8926
28.1574
32.1397
25.4508
30.9219
27.8293
23.8599
34.4253
29.6561
23.8465
27.5327
27.8097
24.2013
30.6112
32.4637
30.8978
30.0948
29.9302
27.7570
36.6691
31.3587
30.8656
32.8350
31.3001
34.3713
24.9712
24.6669
33.3110
29.5261
29.7050
34.1587
31.4953
30.6568
29.4780
35.3730
27.1060
26.3032
30.3080
31.4995
27.3667
30.6263
27.9235
31.9064
28.2358
34.0105
24.3535
28.7806
33.3259
31.3669
30.2740
29.3226
26.7394
27.5299
24.5988
24.1025
27.2359
29.0088
31.4318
30.3552
29.1167
32.8792
29.8352
28.5876
29.7242
27.0599
28.5488
34.2920
29.9205
29.5728
25.2880
24.5627
27.0867
25.4656
29.6983
28.3753
33.9323
29.3464
25.1215
28.8091
33.8980
20.7741
29.5303
31.5144
37.6572
29.3813
24.9841
29.0408
25.4462
25.6011
29.5580
26.3226
27.6259
32.0589
29.0431
23.1457
28.2153
29.7533
29.3434
30.8341
30.5669
24.9105
30.2850
27.4394
33.4805
27.6016
31.9498
26.7534
32.6397
28.6580
34.7434
28.7691
25.3391
26.2994
22.0268
31.5612
34.4149
21.5647
27.4232
29.1007
28.9966
27.9414
36.3069
26.1747
31.2416
28.4757
28.7367
24.2739
31.4347
29.6002
31.1383
28.4801
27.1157
29.1629
25.7522
27.8918
27.6252
28.2012
23.2078
30.0214
23.3320
28.3798
30.6224
25.6705
23.3833
28.9308
32.7179
28.1912
33.2761
23.1269
28.7503
29.0735
30.2031
32.2465
24.3492
33.2834
28.5523
25.5813
27.2820
30.1912
27.0122
24.4642
36.3397
29.9609
26.5456
31.5291
26.9529
29.2181
26.0583
32.9058
29.1296
30.0449
31.3904
30.3057
28.0648
29.4292
21.5621
31.0168
28.1972
33.1404
24.7688
28.2247
28.9169
29.7215
32.5340
31.0302
28.4711
34.3820
31.6931
27.1759
26.0082
28.2909
34.8433
29.1868
33.8267
33.0240
28.3691
29.4715
28.7812
26.7860
29.0483
27.2515
23.6540
26.5685
33.4335
28.6034
35.1068
26.2677
25.3282
27.0371
27.5032
34.9239
32.0086
32.6923
26.3184
27.9610
36.7443
33.2009
24.8692
27.5847
30.0778
33.3370
26.4950
24.2005
32.9748
28.5663
28.0404
34.1927
31.4960
31.3836
31.3386
34.0224
31.9485
36.5515
23.7175
30.1849
31.6047
30.7278
29.7969
25.9654
30.7042
28.3485
28.5003
33.9026
29.1470
24.1405
28.2024
27.5550
29.6396
31.7309
39.2766
27.4770
24.7272
25.7856
28.5745
26.2918
30.3703
22.9263
29.7617
32.5400
31.4995
33.4223
26.5325
25.9848
26.2243
37.9540
28.6775
34.0687
26.2425
24.3626
26.6365
35.1518
33.0646
29.7822
27.9368
24.7801
29.1364
30.6042
31.1421
32.5452
27.0747
24.4926
21.8940
32.1764
25.9271
21.6471
27.2465
34.2461
28.0524
26.1972
27.9821
26.5853
28.9393
21.7574
30.2645
28.8956
35.5370
32.0464
36.6671
32.0172
30.1722
27.1545
23.8411
30.5668
32.1895
29.6320
28.8169
28.3604
28.5651
30.7014
36.2352
36.0749
24.4581
30.9416
29.3162
30.1832
26.5506
32.6864
34.7314
33.9609
31.4873
31.3993
28.8301
27.3070
26.9581
28.1006
25.7609
33.1056
37.4814
25.9724
29.4279
23.8163
27.4380
33.6886
38.3304
35.7807
31.1600
26.9551
27.6608
28.0460
26.5673
30.6298
26.1536
36.8703
32.1252
32.7355
25.4136
23.9397
28.2305
26.8345
32.9081
34.0336
28.4450
36.0597
28.3003
27.0115
34.4225
28.3227
34.2515
31.4932
34.5633
27.2918
30.5549
29.4308
25.4551
22.8857
28.0651
28.5494
24.5335
29.1401
27.0584
26.2303
25.6792
24.0686
30.5562
25.6450
28.6366
39.0668
32.3855
35.1410
29.3136
26.0266
28.1049
33.9220
31.3506
33.3737
31.7739
28.1681
31.8781
32.1656
24.7976
27.2255
32.7700
31.4923
25.4832
27.3735
21.4979
33.1496
25.8735
28.7114
28.8925
24.9192
27.7485
27.2501
32.3899
29.1588
36.0278
33.2681
29.6453
24.7076
31.0403
34.4520
27.9563
31.7521
31.6696
29.5680
27.9721
34.3616
25.9017
22.4052
25.0784
28.5269
24.0094
30.3737
27.6897
29.0084
22.6278
26.6597
22.3978
31.9065
25.1468
22.1627
32.4047
29.4228
32.5532
28.9512
33.9272
22.0734
27.5329
33.5319
31.6288
27.4056
26.4703
33.7012
33.3501
27.9358
30.3484
33.3970
31.9656
32.9414
31.2249
25.2144
33.5573
28.9164
23.0507
34.4534
32.3371
34.6667
31.4365
29.4144
30.8151
30.0571
33.0243
31.2640
28.9123
19.5179
28.1841
26.8255
36.1772
29.4678
25.1504
27.6002
23.8007
34.5739
28.3430
29.6374
28.0995
30.1714
32.1601
31.8928
31.4030
29.7936
34.9501
29.9103
29.4283
24.3584
29.4912
26.7372
36.4967
34.3130
31.3692
32.5778
24.6032
26.8292
23.6890
26.9901
20.1327
31.6773
26.7078
26.6514
20.3675
28.5579
33.4283
29.7479
25.4105
34.6823
32.8640
31.0816
29.5916
30.2902
28.8846
27.3123
28.2714
31.9720
31.2834
29.1446
30.4568
33.8485
31.5131
36.6744
32.8379
31.4273
31.7286
30.3753
32.5664
32.8452
29.4785
29.3310
29.6738
32.7043
31.0370
34.5513
26.6518
35.3221
31.4682
28.5840
30.7178
31.2677
36.6622
26.2796
23.4730
30.6678
31.9538
27.5090
33.9801
29.7243
32.8124
26.0018
25.1210
28.4927
29.2696
27.0971
30.9550
28.9586
26.1471
31.3556
25.1796
33.3869
35.8134
26.1871
25.4609
29.4464
26.6244
31.2873
33.4343
29.2569
31.5672
26.1601
35.0698
28.7456
27.1241
24.9889
29.0126
32.0488
29.2753
27.9359
33.2905
27.9627
31.5604
23.4178
27.9240
29.2205
27.6795
26.8894
31.1667
19.8417
31.7094
30.8922
30.9611
27.7895
28.7361
32.2484
31.6200
26.7523
26.3599
29.0253
30.4814
33.2181
26.9340
32.6034
29.9662
28.2536
24.1273
27.6775
31.5028
25.9811
37.8324
28.2830
31.5371
31.5113
34.1271
32.7290
25.8800
27.4762
32.7123
34.4459
23.5541
39.2644
31.1784
34.7377
27.4546
24.5157
30.0497
28.6784
24.6274
28.9794
27.9974
29.4592
35.4526
32.5441
33.0127
27.8937
29.8193
27.0772
32.0795
24.8358
33.1791
26.8697
25.4936
31.8217
31.5288
20.9090
28.3484
26.3801
28.6029
24.2336
27.2695
31.8499
23.9056
26.0162
29.8036
25.0027
29.4036
26.3168
26.3090
24.2045
26.0851
24.1030
25.6293
23.1279
25.2732
31.3797
32.1342
33.5314
28.1632
23.9680
34.6021
27.0604
31.0921
29.2688
27.7385
27.6247
31.4064
27.8079
31.3377
25.5657
28.9759
23.5528
32.7447
29.1883
27.1033
27.2897
29.2555
32.9646
33.2947
33.0188
28.6711
22.6892
36.3951
29.4600
29.5347
27.7758
29.5516
38.9691
32.1859
28.0474
31.0504
27.4898
33.9445
31.5105
33.9439
23.8002
27.4326
24.8198
25.8561
29.1225
34.0114
30.0563
24.1219
32.0829
25.2022
27.3038
22.1967
29.6941
22.3894
32.3248
29.7485
31.6236
30.6707
32.7641
26.4717
25.8656
30.3564
35.9150
26.0676
28.8471
33.2561
29.2606
35.6820
32.0794
30.0925
36.7878
26.3729
29.8155
30.0315
26.2805
29.1385
27.9267
23.0156
27.0593
34.6605
28.6888
29.1401
20.6135
29.7442
31.5054
32.1970
32.0595
26.5334
25.4093
28.8761
26.2832
32.3095
27.0746
34.5804
24.3550
25.1238
27.6977
25.8743
30.2898
23.6974
33.8935
30.2920
31.9008
34.7033
26.9500
31.4110
31.4476
24.4509
27.2875
26.5747
28.5946
32.7465
29.1825
37.0962
26.3002
24.7786
32.1667
29.4846
36.2926
30.7987
34.6932
33.2715
26.0279
36.7040
34.2655
32.1638
28.3061
26.7737
27.2270
25.0999
33.3350
21.7924
31.4941
30.4119
29.7507
34.5738
31.1461
30.4544
29.5023
31.4558
34.8202
26.4072
33.5253
25.7302
28.1029
23.7528
24.1312
30.3003
25.1302
33.6985
29.3371
26.1380
31.8529
24.6222
26.3709
27.6948
22.9886
33.7310
34.1331
28.3236
27.7631
28.1722
26.5410
22.5494
26.7893
26.4016
27.3190
32.6241
30.0656
34.0023
32.9248
30.0960
30.8534
33.9569
32.8368
35.8159
31.5009
29.7459
30.1697
29.0227
28.4344
27.6505
27.3419
28.2434
30.7626
35.6207
28.0393
25.5209
28.3892
24.1188
28.4317
33.5991
29.3623
31.6413
30.0924
34.9552
35.1318
26.0254
32.0014
32.1621
28.7644
27.1848
27.1519
23.7288
28.8816
32.8281
28.5778
28.2899
31.8321
33.0995
26.2973
21.2428
26.9956
32.8500
30.5697
31.5564
29.6380
31.3022
24.9230
32.5982
31.2150
33.0968
30.2708
29.5145
26.4710
27.0331
29.3496
31.9523
32.6762
32.4968
21.0769
33.9229
34.4338
28.7430
29.0814
28.4586
27.6761
29.6517
29.5077
29.8719
30.6425
29.7070
29.3714
31.2768
27.5115
28.4162
25.3561
20.7737
26.9762
25.4740
25.3048
30.0771
26.3280
33.6078
32.7617
28.6922
32.4763
19.2788
28.3281
28.3549
31.1757
30.5126
30.2436
30.1840
26.0001
23.8108
28.2394
27.9417
28.1642
29.8876
27.8115
30.2773
27.4453
23.4516
25.5503
23.9334
33.1762
34.2495
25.8867
25.4042
24.2412
25.0326
30.1414
23.8471
25.4985
28.2767
31.5436
24.4656
32.6753
22.3297
29.5689
29.4794
31.8446
36.1934
33.8586
27.4235
28.2429
33.0531
31.3379
35.0495
29.5363
33.6166
27.9814
33.0771
29.6003
21.4780
29.2014
23.3280
24.5196
28.2882
30.2493
26.8275
28.8118
26.4286
30.8738
30.2008
31.5775
28.1931
36.5556
29.7741
32.5977
23.6482
28.1210
30.9527
31.2193
29.4940
28.4652
29.0987
26.9162
28.2789
31.1336
27.1010
33.9950
32.7724
31.9643
29.0376
26.3291
29.0044
26.8609
31.8790
30.4603
28.5211
25.2345
29.6327
32.3960
27.8303
24.1712
30.4170
34.1154
30.9958
32.0735
23.8005
27.1626
29.8871
30.2029
30.4395
27.3695
33.0554
32.6545
31.0660
28.4509
31.3394
26.2789
34.2526
27.7415
28.6826
30.0940
34.3643
26.7084
27.5108
23.3987
35.0521
29.7691
32.3055
22.6941
27.7083
29.0573
30.8461
31.7676
33.2966
30.1564
31.6712
36.8596
28.8531
32.9855
31.6554
26.5608
23.0054
28.6566
27.6814
29.7286
26.2540
31.1039
36.6022
27.3939
29.5889
27.7438
24.0602
32.7586
28.3140
32.5263
34.8289
27.1879
37.5528
28.6860
30.2458
27.8902
32.9435
26.1683
27.4082
31.8624
30.6289
29.6778
29.6816
30.4773
27.4051
27.0563
28.6506
29.0213
29.9574
32.5570
34.8461
26.7050
24.7826
33.6327
29.7977
21.4044
22.6249
32.4372
24.4520
31.7493
33.6664
25.8545
32.6807
33.0200
25.7383
23.9842
25.4131
29.7900
32.1492
27.4718
32.8490
22.9185
27.0763
27.0239
32.8815
27.8032
31.2335
35.6140
28.8785
22.9741
31.1332
33.2899
22.4715
26.7336
25.9674
23.6150
27.8440
30.7451
28.9432
32.2842
24.9450
30.8747
27.6131
31.2598
30.8301
25.5280
32.0618
27.1165
31.0992
32.6146
22.3528
22.0902
25.1563
31.3973
36.7284
30.5129
24.4208
33.6207
32.1567
26.5729
31.1071
34.8243
31.2482
31.3082
26.1209
21.8460
26.0375
32.8293
30.1548
23.1836
26.1696
33.8506
26.1516
29.7657
27.7999
28.3815
30.8957
32.2939
32.4795
26.5739
29.2876
32.4315
27.6313
30.3763
27.0782
31.9810
26.6787
31.0625
33.6837
33.3309
28.2597
30.7694
29.8085
29.2873
32.0741
23.1043
27.8344
25.5088
32.7042
29.0760
23.2363
28.0532
36.9108
31.7608
36.2551
35.4807
28.8656
33.4662
28.1037
30.6849
35.4041
31.4399
27.9637
27.0229
26.8522
26.5028
30.5935
33.8008
27.8997
29.2710
28.9179
32.3416
30.7582
21.9508
24.7210
31.2723
24.5095
30.1234
34.2816
29.8343
34.7175
33.4877
30.3075
34.1143
26.9321
25.5613
21.8147
30.6128
31.6169
30.0429
26.3034
30.3118
34.7233
30.6308
26.3654
29.9307
31.4726
30.1856
30.8227
32.9682
24.0736
35.7277
26.5732
26.0696
33.7191
27.7672
27.7789
30.4061
27.2528
30.6114
34.5367
25.7085
34.5682
22.3660
31.2315
32.3726
33.3369
34.1981
32.4457
27.0314
28.3821
23.7345
32.9313
29.3042
27.4611
28.7849
29.9326
32.0028
32.8037
31.3336
35.5086
29.6345
24.1385
31.7451
28.7829
25.6335
32.9166
35.0762
35.3684
28.9124
30.5685
29.6016
31.5714
32.0857
29.0566
35.6286
29.2626
28.1909
28.2284
24.0900
28.6890
34.0783
32.1512
26.1909
27.3247
24.1402
34.4835
23.5025
29.1024
31.3695
27.9551
34.0481
25.1732
25.7501
28.5529
29.1616
31.7999
28.6601
28.3479
30.7833
35.0194
34.7275
30.7082
31.4496
28.8270
29.6928
31.3476
28.9677
32.3238
28.4840
33.8941
28.4834
30.6544
33.0111
33.9447
28.3463
31.8345
29.5687
32.7659
33.1613
32.1204
29.9046
32.2551
26.5427
29.1538
31.2866
25.8137
33.7239
36.1036
37.7478
35.8230
31.2904
28.1188
33.3254
21.9824
20.3658
29.7388
29.2249
25.7739
26.8976
27.7240
32.0699
27.7377
24.9889
20.2106
30.9607
31.1927
30.3106
32.7134
31.5248
34.0610
31.6947
31.3142
30.4632
30.9592
33.0905
29.6842
30.5888
27.6236
28.5535
32.1900
23.5484
26.3117
23.8191
38.9136
29.9227
35.7565
29.3300
29.9211
28.4334
31.5243
26.7146
27.6463
35.0231
34.3812
33.7323
31.5756
30.0569
29.3386
29.8752
26.9264
28.3027
34.0269
31.5431
25.4549
28.3298
33.2365
31.0641
33.7042
31.5500
31.9200
32.4135
30.1769
33.8886
24.1677
31.2840
29.6117
23.6817
25.9854
24.2907
26.1015
25.8158
37.4590
30.5736
30.0674
35.8240
39.1586
30.4961
28.6315
21.8765
31.8664
26.1286
29.3370
24.4479
30.8390
29.4894
33.8459
30.4874
29.0922
32.7711
30.7107
30.1852
32.2796
28.8072
34.3025
25.0275
31.3071
32.6126
34.6401
28.7846
26.2594
22.8798
33.8900
34.0156
26.4885
25.3111
26.0120
27.3116
31.0732
30.1677
28.7740
28.8971
32.7611
28.5897
32.0783
27.6123
33.5008
28.7125
26.5635
27.0931
28.0480
29.0765
34.1052
30.4751
32.2729
34.4761
26.0209
30.7381
27.5308
30.6207
33.1394
29.1897
34.5357
24.7463
27.3336
30.4285
29.5419
26.5849
31.9141
34.9178
27.0801
35.7632
28.4723
24.7783
31.0530
30.0973
35.4903
28.0741
29.2195
28.6250
29.3217
29.9236
37.7251
32.5844
35.6013
34.7502
27.0987
28.5690
27.6888
32.0937
28.7743
31.4235
27.3566
30.4114
30.6541
34.6480
32.1888
26.2002
23.2533
27.6872
29.6379
28.5903
28.7431
28.3009
31.6550
30.7590
33.4385
28.6189
29.2707
27.0377
25.7515
29.7629
27.2908
31.8270
24.1341
31.3122
27.5201
28.7699
25.6237
32.0297
28.2817
28.3622
26.8964
30.3718
23.3626
29.8164
28.0606
29.1388
29.7669
26.6784
21.6952
33.8956
31.1100
26.3969
30.5512
26.7194
28.5864
23.8402
27.8396
31.3798
26.9916
23.9026
36.1001
32.4271
27.9531
27.9877
29.3333
33.0483
30.4263
24.9853
29.9363
23.1841
24.5446
22.8088
22.2208
29.6275
32.4816
31.1444
33.0544
31.4831
31.7098
30.1305
36.9222
29.2522
26.3365
25.2819
33.2258
26.2290
29.3738
27.9986
31.1957
28.3011
29.6000
28.1997
24.4125
23.5776
30.8121
30.6705
25.8042
25.9389
31.0428
28.7392
28.6426
25.7742
29.1302
30.7998
27.2337
34.6282
29.0519
35.5918
26.1229
32.0861
30.1669
35.5149
28.2203
26.0878
23.8272
28.1267
29.7412
26.4209
32.3537
31.7391
34.4055
23.3441
28.8539
25.7030
29.5984
31.6490
29.5561
24.8327
25.0008
30.1446
28.7861
29.6019
23.4406
28.9747
30.1812
35.5585
34.3797
31.4563
31.2899
26.6520
33.0578
24.9095
30.5923
28.3014
27.5421
32.4734
29.8766
29.2716
29.2054
22.7655
33.0837
28.7273
33.4696
30.5945
23.0433
33.3202
30.4858
28.6369
31.8437
29.4761
29.3802
25.2790
32.7869
31.7094
33.1362
28.9814
31.3183
29.1378
25.5978
22.4569
26.1120
29.0059
25.0583
24.0655
30.0480
31.1743
27.4622
28.6997
29.2825
25.9171
33.9516
27.7479
29.9714
35.7105
30.3674
32.3346
29.6677
26.9868
31.6922
24.5555
28.1831
27.0817
24.6631
30.7333
29.0285
28.0735
23.9438
31.9820
31.0402
23.8931
30.4668
30.2382
28.4642
28.3495
30.1679
21.4769
30.7613
26.4849
29.8660
30.5059
33.3718
34.6310
36.3646
28.1267
26.5293
25.4782
26.0739
35.1382
29.1914
34.0357
32.5849
30.0924
28.4232
28.3833
30.1955
27.3850
27.8424
32.0788
32.1754
33.3384
29.6849
25.7289
34.3603
24.0059
26.1739
30.9274
27.7560
28.4961
24.3341
32.8860
29.8005
30.4343
32.2642
34.5183
26.6977
24.0391
27.3341
35.7370
34.4930
29.2587
31.1425
23.5495
32.1681
31.6525
31.4453
29.8219
29.3740
25.1086
26.7214
30.1813
31.2963
25.2689
32.4560
22.0671
25.9056
30.8005
28.6940
28.3449
27.5074
24.3665
34.4685
28.2306
36.3010
28.9025
28.2122
25.6430
27.4763
35.1971
31.9905
30.2964
27.5473
32.7729
32.1440
37.3341
33.8894
36.4445
34.0194
30.5872
26.1427
29.3568
29.1844
30.4121
26.1792
30.0199
27.0486
22.4210
31.8289
25.9960
23.1668
28.1506
30.7953
25.3508
21.4363
25.3669
27.6285
28.7439
23.8856
32.1281
29.6815
28.6976
28.2374
28.2602
29.0215
23.7626
29.6353
28.4102
30.4935
25.8522
22.7285
28.8910
23.1695
27.1909
25.3041
22.9207
32.0353
29.2983
27.8810
26.1590
25.3355
29.4853
24.5304
29.4879
32.3013
24.3590
31.4593
26.6374
33.7259
22.4173
27.6912
25.7925
31.3212
26.7967
33.1284
32.3456
26.9298
30.4941
30.8920
28.6253
25.1230
30.4083
31.5099
32.0375
28.4428
25.8076
29.0237
29.3380
26.5085
29.3682
30.7007
37.3169
27.0690
30.1327
28.0344
31.8452
30.3450
30.4648
28.3570
28.3460
30.7968
32.0709
32.5559
28.3274
25.1801
26.6617
25.9458
29.9118
30.1364
31.5008
30.5489
24.3830
35.3499
35.8411
28.8178
22.1300
26.4649
24.0777
32.9845
33.7371
27.5156
28.7785
30.9022
22.9481
29.8074
28.6492
24.9215
33.9757
25.1695
26.1565
32.2013
28.2241
24.5425
26.9062
28.6731
25.0918
24.3202
31.2724
33.1590
27.4670
28.8998
34.4951
36.4439
38.8598
22.2911
28.5044
25.9218
27.6265
27.6203
30.7191
20.4127
23.8219
32.2908
32.5525
31.4834
29.2598
27.7221
25.5784
26.6792
29.7158
33.0962
30.2189
31.9962
26.4398
26.5449
32.0400
27.6759
31.6294
24.2378
27.0257
31.2037
25.9928
24.7549
32.0207
29.2059
34.8482
30.5675
32.8559
34.4225
33.4561
35.2507
27.8443
34.4216
27.6961
27.1369
24.6381
32.7368
29.7054
28.9226
22.4820
29.0494
23.2992
29.1862
30.3313
27.3584
28.1070
24.9863
34.4920
25.1275
31.6967
34.1911
35.0066
36.4216
22.5383
21.9550
30.3562
24.1243
37.0498
26.1638
27.7659
31.9610
27.0625
24.4197
25.5327
30.9110
29.1196
27.2124
34.9287
33.4887
33.8904
29.1121
30.9405
31.3850
31.4763
32.3667
31.4320
32.3182
25.4612
25.9066
28.5002
35.4397
30.7578
32.3890
30.5032
28.2102
31.4677
34.6469
32.9684
27.4427
26.6143
28.6835
30.6167
35.4828
26.9943
26.4606
37.9258
29.2104
28.6721
33.9195
32.5474
33.5128
23.7154
34.3720
26.5143
28.9750
33.8406
23.4885
29.6476
32.2584
26.5282
28.9348
29.7806
28.2113
27.2559
24.7439
26.1672
33.6077
29.5299
34.9348
33.1800
33.1676
31.8971
36.1590
36.7938
25.2789
25.8022
29.7787
34.8838
30.2953
33.2621
28.3881
30.9582
35.7416
31.2867
26.5806
27.7614
30.0274
34.1623
31.0131
31.3632
28.8792
22.8514
24.7944
24.3001
26.3729
21.7406
26.2094
30.2013
26.7649
27.1381
27.8184
22.2834
28.0916
26.6630
31.2474
26.8391
31.5782
34.4654
30.6261
21.9025
28.5770
27.7938
30.0252
23.8551
28.0670
29.1294
33.6206
30.0844
27.1495
30.8947
30.4574
35.5073
31.3120
33.7944
29.8466
33.5289
26.0995
29.4513
27.2432
31.9761
33.8697
32.9629
26.1360
26.5875
27.4843
26.5631
28.7493
34.1282
30.2930
28.5042
33.4174
39.2813
27.4208
28.6586
24.8892
31.2698
29.0400
29.9632
25.6961
26.7413
28.6161
24.2795
29.0553
27.6464
23.0288
30.0531
29.9218
22.8856
25.4059
30.9924
27.1528
25.2953
23.7411
32.9624
26.2905
33.0563
27.2553
30.4087
30.5854
33.0115
29.1596
31.2655
30.1499
25.5011
29.1771
22.6388
26.0532
27.7412
28.6627
32.6808
33.2131
27.8767
28.6075
23.7930
33.5755
29.4254
31.5442
28.8364
32.1877
28.7669
31.7646
23.9169
31.6982
34.3413
28.0974
28.3815
33.6510
22.5649
26.1440
29.3901
30.0396
25.2475
29.0507
23.8321
29.7891
29.1655
25.4239
31.1230
28.5676
31.5180
33.2130
31.5664
20.4719
26.0240
27.0741
33.0999
27.3178
27.6282
27.1542
30.6722
30.4910
21.8854
32.3329
29.9800
23.8377
28.3651
38.2312
30.8866
36.2950
24.3252
29.7354
35.9046
28.4794
32.6152
29.7799
26.8001
29.7509
27.5094
30.2226
27.6981
24.0724
27.9764
30.5935
32.2787
23.0094
26.7043
31.5415
31.9591
32.2908
22.5917
26.9892
29.9735
24.3961
21.9600
36.0363
33.0559
29.3047
29.3682
32.8706
31.0654
30.3922
30.7368
27.5879
34.1024
28.0218
29.8731
28.9696
28.1211
28.4896
31.6853
33.3624
33.3058
31.4819
31.5471
26.4239
31.3778
31.1639
30.0452
29.2671
33.9361
19.6182
29.2691
30.1687
35.8977
24.4276
26.1775
32.8606
30.4106
26.9508
29.7454
32.5475
29.6879
31.6637
29.0583
32.9275
28.7744
30.5460
33.9689
35.5749
30.8728
24.1293
31.1049
28.5723
37.8644
28.6858
26.4707
26.3040
31.5194
33.0471
24.4786
31.7385
33.8541
30.9042
24.2474
27.3092
27.5862
21.7883
26.1900
32.5988
32.4899
29.2445
35.8654
27.3918
22.1671
32.9543
23.0685
32.4488
32.5062
30.1497
29.1702
28.2907
33.0390
32.5205
24.1191
31.7071
31.7264
27.9547
28.8829
26.1738
29.4675
27.4334
24.7925
29.6902
27.4165
29.8338
30.1324
34.2193
33.1587
27.6749
28.2504
30.8123
23.0910
32.8460
29.3131
28.0396
30.5799
31.6026
29.6716
27.8999
26.7276
30.9244
29.7953
30.3770
25.6474
30.8595
26.5113
27.5806
29.4358
30.8349
31.1070
27.4254
33.1697
36.3055
26.5865
26.3851
26.9271
28.8164
26.5638
31.3503
33.9855
29.9192
28.4100
27.7210
27.2138
30.7762
27.2618
28.1109
29.1275
26.5848
33.0989
32.0521
27.2258
23.8771
27.2027
29.1061
28.3081
29.5057
26.6954
24.1256
26.6540
34.6506
27.6290
25.7923
28.5942
32.0073
33.1123
26.3783
25.7798
20.9500
30.6743
24.1828
30.4373
34.1430
33.2214
33.0119
32.9143
28.4437
29.3705
25.5049
27.7649
35.3510
27.3457
27.1429
34.5783
27.2485
27.1138
26.7429
28.8905
24.6755
31.5333
31.5694
29.1236
25.7365
31.2930
29.2379
28.1473
33.8714
27.6892
26.4925
22.4488
33.8320
27.3594
30.5916
30.8376
25.4271
31.4948
27.8312
31.5171
30.6241
26.8800
28.7046
32.6362
35.4330
26.1979
34.8318
27.6608
29.3270
28.8531
33.5987
27.3009
35.2938
28.8161
26.5709
27.1065
30.2206
30.8354
32.7794
33.0957
31.4827
32.1789
33.2346
38.2696
26.8667
28.4077
32.5430
24.7912
28.8453
29.6759
30.3699
29.4069
34.4447
29.0365
31.2959
33.8964
31.4181
25.6306
31.8360
35.5635
29.3016
29.5122
25.0954
25.9959
26.3268
32.4590
31.5329
28.7985
30.2118
34.6343
34.9254
24.4291
27.7272
23.4242
28.6205
30.9849
25.1113
31.2508
27.9329
29.1578
26.7692
27.1589
32.1905
28.5671
30.6527
23.2411
32.0102
26.9761
28.9940
26.6800
28.5978
26.5422
30.8505
23.6330
32.5029
33.7836
25.5559
26.4115
30.9837
32.8826
31.4113
30.4593
32.5757
30.8039
28.4488
30.7335
30.2895
26.4437
30.1817
30.6653
33.8738
27.1579
28.4380
28.5134
28.9516
29.2314
29.0522
22.5793
32.0114
27.9171
31.4172
26.4782
28.3701
30.6868
33.4455
32.2338
38.8281
29.6613
32.4019
30.9424
34.1016
32.3723
28.3172
33.9569
31.3122
24.2236
32.1955
31.7901
30.2494
29.3530
34.3633
33.5746
31.8283
26.1529
27.1175
27.8736
23.5500
27.9576
26.7117
28.3540
25.3864
31.3790
30.8807
27.8254
33.9993
37.9114
31.1003
33.4057
31.2872
24.5476
31.3490
32.8774
34.0747
28.3402
29.3932
33.1601
29.2886
30.3045
25.4681
29.0589
33.6211
23.6795
30.7865
31.0106
33.4313
36.7767
29.9711
36.7174
34.7326
32.7071
26.4305
35.4584
33.2845
33.6174
36.9451
34.7426
28.9651
28.2225
25.2212
24.4446
34.9095
34.1020
29.1939
37.0578
26.1459
25.8523
30.2912
27.2167
29.0719
32.7725
31.3143
28.2212
28.0111
30.2987
31.0796
31.2626
28.2383
35.2391
26.0469
31.7017
30.6780
30.5556
27.2537
25.1245
31.9204
26.8896
36.2260
30.4780
26.4477
26.6960
29.3354
33.8426
30.3809
25.7433
34.1009
25.0373
30.6611
29.2606
25.4755
34.3752
28.2610
23.7744
24.1773
31.3619
27.1406
33.7268
29.2846
27.3363
25.0957
32.4225
32.7112
29.2307
30.2164
33.0586
26.1732
32.3470
34.3891
33.3322
30.0334
24.9838
29.6873
32.2934
30.5190
37.2343
35.3311
29.3462
35.0435
26.6652
24.0186
21.4674
34.6446
27.6481
29.8982
33.3366
29.8770
32.7493
28.8440
31.1657
29.2808
25.4984
36.9517
29.5251
30.7525
28.2226
31.8658
29.1662
32.3398
28.7961
27.9515
29.9717
27.0139
26.6327
25.5172
30.4662
30.8025
30.7182
31.0340
31.7489
29.8378
22.1218
25.1621
25.9634
30.1735
35.2100
33.8337
32.5781
37.6190
21.4814
26.2115
28.7183
32.3471
31.8797
26.7886
27.3340
29.6144
24.6500
23.5539
29.0692
35.5815
26.1009
33.8581
24.6549
23.4102
30.4645
30.0026
25.1917
29.6287
25.9624
31.4584
31.1653
24.6454
26.5111
31.5142
34.7188
31.9376
37.4025
25.5214
28.1032
34.3681
36.2659
33.1630
31.3760
26.4470
30.0674
33.8832
30.5540
27.5874
31.8675
35.7596
23.9893
32.6424
24.0391
31.4638
32.0817
31.6349
30.9427
29.2247
28.2715
31.3686
33.2827
30.9384
32.1551
24.5912
26.4701
32.5468
27.8178
27.4728
32.9301
29.6647
31.9847
30.7509
23.7756
34.3793
29.7438
29.0066
32.0818
34.7530
30.0804
36.3920
27.2781
27.0455
35.4778
28.5441
21.2363
22.3287
25.9109
29.2185
29.8116
25.8503
29.1689
25.2207
29.5003
29.9090
23.3666
28.1014
29.1941
26.3575
25.7187
24.6399
30.7012
27.4723
30.8362
36.5762
30.1848
29.2484
31.5282
26.3960
32.2635
27.5298
26.1653
33.4986
25.4398
27.1187
30.0688
28.6598
26.9270
24.2827
30.9349
35.5423
28.3903
31.7236
25.7114
29.6260
33.6405
30.9090
31.9916
28.8307
29.8159
25.8297
27.1750
36.9943
24.1647
34.5604
30.9534
25.9672
30.4464
32.9409
23.0236
29.1765
33.1214
32.1005
26.5107
33.2274
31.0785
33.2422
34.4067
33.1135
34.5015
30.2299
23.5606
19.6707
34.2507
33.3061
29.8270
29.0717
25.3213
28.0808
31.4894
29.4994
27.6205
28.4935
30.4313
22.2149
27.4676
28.2405
23.0176
28.0895
32.6611
25.7920
32.8491
27.7641
31.2292
29.9383
31.3434
30.1970
32.9394
30.1211
30.6786
32.7482
25.0812
34.2691
35.4600
37.1861
33.1270
31.0276
28.0657
32.8124
32.3314
29.4491
26.3785
36.0418
23.6130
27.5678
34.1259
24.5411
27.5518
31.2076
31.7352
26.3618
31.2314
27.8981
27.7843
29.5620
28.5171
29.6426
29.6806
25.6664
29.5760
24.8532
36.0835
27.1818
34.2239
29.2049
27.4985
25.2151
26.9208
26.7192
27.1249
29.5298
26.8142
28.2541
31.7576
35.6703
32.2496
24.8910
34.7049
28.4789
31.5707
32.4017
28.4934
20.6094
26.7434
30.5877
32.3278
28.0441
25.1413
26.8048
32.5902
26.8760
34.9466
27.5810
25.0870
27.7831
32.1587
29.3445
31.2042
29.8543
35.1184
33.4179
27.5195
27.2938
34.7332
35.6820
28.2956
28.6522
30.6980
22.9716
33.1906
32.5385
30.8899
27.1968
28.9020
27.5187
23.6450
31.7389
28.0526
30.1783
32.1086
30.6534
34.3912
36.1834
31.8426
27.8175
25.0035
29.3962
30.6797
29.6975
25.5437
32.5685
37.5731
28.7906
25.0625
33.1968
22.4704
30.0256
32.9448
30.3501
29.1420
29.7540
23.4532
30.0823
32.1011
27.7782
29.9386
24.2784
33.4874
27.1469
29.4201
29.5347
35.1977
31.4037
30.2604
34.7836
32.2555
26.2925
26.2402
28.9679
25.5557
28.3832
29.1094
31.9508
32.6932
31.9510
26.8927
29.0110
28.3354
25.0666
22.6942
25.9722
29.7157
32.2799
26.7265
33.3190
27.6660
28.8621
25.3836
29.0317
30.7507
28.2025
28.7638
23.8133
26.0597
31.9241
29.6154
27.4930
22.8101
26.7269
22.0758
31.5405
33.0697
31.3744
31.1867
26.7326
33.3020
33.2294
25.6588
21.4788
29.3048
22.3087
24.3917
30.2334
31.1393
32.4467
32.1653
36.5186
30.7466
35.5576
30.4760
30.3614
27.3155
25.8061
30.6922
24.8807
27.6192
24.1670
27.3967
24.4715
31.5378
27.8469
24.7903
26.2391
24.3405
29.8022
22.1208
31.9963
26.1054
27.6011
29.9370
28.0678
27.3047
28.8999
26.9241
31.6647
23.1650
25.5234
28.9880
29.2559
25.0637
29.9597
30.9947
36.7464
25.5356
25.9361
30.0919
24.2796
21.0712
26.4025
31.2007
28.9879
33.2396
23.4672
34.6490
36.7179
30.1503
24.7466
30.1520
36.9122
29.6504
27.7426
32.5468
28.4347
25.5036
31.9085
23.6589
30.0671
29.2399
33.7803
28.7861
24.5443
26.2005
27.0584
29.7882
27.8679
23.8750
28.7601
29.4692
26.4195
25.2448
31.2477
27.4941
33.5375
25.6704
29.7068
34.1978
37.9602
31.6328
28.4968
30.9419
34.9506
34.9682
26.3662
23.7293
24.4323
23.1403
24.7358
31.5723
27.9761
29.5857
29.9961
31.7552
33.1212
26.8420
30.3756
30.6851
29.8818
25.7067
20.9916
27.3376
29.8870
32.3272
29.7510
25.4736
28.1770
31.2433
28.5302
34.9090
28.4624
29.1527
33.6080
22.0711
30.4569
27.1228
27.9077
24.9369
23.0453
28.9859
32.9899
25.6431
25.8696
26.7186
25.4956
24.7989
31.4302
28.1261
28.3134
28.4714
28.9808
34.1897
30.6429
26.0137
30.8127
28.5834
30.6231
24.7963
29.0513
31.2760
18.2992
29.2556
23.6320
26.9801
33.4509
21.6260
31.2684
35.5479
23.8221
23.0106
26.1808
30.4151
28.4785
26.6346
26.2640
33.6805
30.2798
30.2092
33.0749
29.3485
32.3442
28.7138
27.4738
33.5167
28.7541
27.8666
35.9058
29.1037
26.9534
34.1090
25.2727
31.3287
26.9583
23.2869
32.0832
26.6830
25.9131
35.1901
33.1225
24.5994
27.0473
29.5510
27.9990
23.5905
25.2077
31.6779
28.5130
22.6777
25.9518
29.0961
30.9848
29.7198
23.0269
25.9826
25.0443
34.2015
37.9606
30.2208
27.5779
30.5658
32.9281
31.7636
21.1650
32.1387
32.0670
34.3877
24.6660
31.7881
28.2168
32.4831
26.4986
29.8761
29.4624
22.9133
28.2001
25.4300
26.7747
26.8711
25.9097
34.5626
25.0718
25.6487
28.0709
31.1735
33.8115
34.8590
28.9036
29.3136
30.3305
30.7789
33.0000
32.3796
25.2784
31.4249
28.1267
26.6057
29.9135
32.2015
29.9276
36.0786
31.9341
31.6901
28.1231
21.9312
29.0222
31.0656
31.0131
25.7515
28.3618
26.3522
30.1709
35.0883
36.0766
24.1058
28.3339
32.6402
24.5496
29.4929
26.8130
29.3918
35.7728
25.8470
23.6499
31.3183
24.9655
28.1223
25.0663
19.8902
29.9972
28.4206
29.3332
30.7579
28.4801
28.2893
25.8691
32.1705
30.1043
28.8914
25.1235
33.2185
26.4284
31.5338
32.1568
25.5780
27.4482
33.3946
28.0313
32.6940
29.1460
30.9839
32.8848
34.9859
24.6723
34.6262
40.0149
30.6012
24.3569
23.9241
32.4499
30.8902
27.6722
29.1999
28.2436
33.3389
28.2269
25.2854
28.4692
28.9968
28.3878
24.4573
30.4378
28.3991
25.9052
31.0237
28.9737
36.2579
25.1183
23.4630
25.5538
28.4735
31.5183
28.0341
24.7195
28.1920
22.3247
31.7689
38.3046
28.6400
32.4456
29.7631
32.7632
27.9911
32.2333
33.1991
31.3195
36.2519
30.5333
24.2879
34.4755
19.3981
34.6659
30.0074
28.3758
23.5341
21.5235
26.1669
36.2100
28.5851
30.4256
30.4762
21.8395
28.4253
30.2183
28.6778
31.8788
30.8182
29.8459
27.9010
27.3040
24.4029
29.7146
31.0477
28.0873
24.6202
26.7014
29.5163
30.6722
30.8324
28.3664
30.6994
24.3193
27.2383
25.7543
31.0545
28.7509
30.6324
28.9039
27.8419
35.8116
36.4540
29.2863
28.3464
21.1336
28.7820
29.5077
26.6287
32.1921
33.6563
24.1452
25.5225
28.9560
30.4856
29.3448
30.9192
25.2636
41.9005
32.4404
27.9273
30.3681
27.6398
31.2033
31.6785
31.0903
30.4316
30.7791
32.0284
28.7790
30.7727
33.9250
27.8809
27.1235
29.7911
25.9433
24.1513
27.7869
27.9581
23.1275
35.5123
36.1086
32.3291
33.5869
28.9063
30.8056
23.3019
24.6280
25.6380
29.6404
32.3272
25.9015
26.5303
38.8951
31.8519
30.5686
22.9092
29.1963
29.0123
36.8627
29.2502
33.9872
27.1947
31.4354
26.0319
31.8892
32.5240
35.5283
25.6951
28.0238
31.5872
28.4366
31.3937
34.0394
27.8164
34.0964
27.3107
34.0979
29.3233
29.7760
34.3431
24.2081
34.0793
30.4197
26.3978
27.8327
32.3559
34.7849
34.9989
34.5957
30.3657
27.9271
30.9608
29.0853
33.0563
32.7461
29.2246
24.5375
30.1622
34.3814
30.2422
30.0397
29.6863
28.6646
24.9161
28.4925
28.8979
28.7893
27.6473
34.6951
29.1119
34.8093
29.7355
29.0233
25.7588
31.5956
25.8600
27.6237
34.3743
28.0211
27.5465
28.5869
28.1694
32.7649
27.6932
31.8443
24.6084
22.6430
26.5326
29.6254
30.1035
23.1890
28.4204
27.5490
23.4908
25.9556
26.5400
28.8139
27.7554
26.9083
30.1415
31.9220
30.9463
28.7210
27.4845
29.9199
30.2345
26.6987
30.3656
29.8971
27.7586
31.4581
30.3093
27.5324
28.5891
24.0647
27.0052
29.4015
30.1934
27.3630
33.5468
37.7253
36.1847
28.7612
31.3494
25.5050
30.4178
29.3090
34.2564
23.5002
29.3789
26.7129
29.5409
34.5644
31.2467
33.8244
27.6626
30.0087
33.6780
33.2762
26.5140
31.4609
32.1830
28.0579
32.7489
24.0896
31.6565
35.4810
34.2419
34.9343
28.6712
22.6434
31.6040
26.8278
30.1072
32.5896
20.8561
30.6825
30.5220
31.1428
28.5765
29.3307
28.2526
36.8495
31.6975
31.6025
30.4570
31.3803
36.4878
30.8682
33.7283
21.8336
25.7870
31.2066
30.2393
27.4815
36.1912
30.3579
22.0635
25.4577
26.6949
35.0694
28.7332
30.3613
32.4743
20.9800
22.7433
26.3452
27.3521
28.7124
27.1735
24.7727
35.9225
24.2686
35.9899
27.5892
31.4246
32.5195
28.3315
33.9699
30.9808
28.6105
28.6921
28.4360
26.0582
30.1620
25.0363
23.0699
33.4844
28.9441
33.5959
34.9409
35.6335
33.2914
34.3417
28.6935
31.6049
26.6624
30.4062
29.5974
27.9491
36.4264
40.7384
32.1709
35.5669
33.7631
29.8817
34.8753
35.5780
29.9704
28.4339
25.1381
27.2145
35.6853
22.9318
32.9470
31.5346
37.8417
23.8041
31.3973
23.1027
28.2689
23.9291
28.5377
30.6452
33.5054
30.3841
31.0060
29.5581
36.7165
30.7129
33.5280
28.9116
24.7551
29.1483
31.2920
28.1991
27.5130
27.8659
25.6375
24.5103
31.2660
26.7432
31.2667
32.1459
28.7762
35.4817
32.9625
33.5416
29.3255
25.2266
32.9316
31.4905
33.7197
29.8571
33.2683
26.3746
28.7311
31.8045
25.9364
37.5258
31.3965
26.9327
25.8136
31.9490
33.6047
26.4877
28.0458
27.0839
31.4000
31.3860
34.5428
28.9218
30.5191
22.0655
25.3600
22.4563
26.6447
33.6221
32.6894
38.2429
23.9834
24.7346
27.1432
28.4053
31.7684
29.7783
25.8711
30.0766
30.6803
29.0984
24.6853
30.8995
31.2909
28.8722
27.5213
29.7921
28.2354
29.9871
27.8270
26.8874
28.2580
28.4026
27.6745
29.7456
28.2514
29.2424
30.9690
31.7615
34.6798
33.5373
28.1464
29.4314
28.4100
26.1554
34.9713
27.2071
26.8787
35.4589
30.7667
30.6274
25.3380
26.7283
24.9966
24.3269
29.1561
27.4370
26.7814
32.8598
26.7848
33.9418
33.4722
33.5802
31.4318
28.9367
34.6662
28.5955
25.4494
26.4260
26.3414
27.5204
33.5768
30.7873
26.8308
32.5831
22.7461
31.0460
30.9746
33.9588
26.8166
31.3865
23.2526
35.3452
27.7053
26.5607
31.7527
29.9414
26.1746
32.3040
28.8764
31.0827
36.6307
