23.4646
22.8875
19.0575
18.4817
23.5925
20.9482
21.1140
31.8605
32.6733
29.5730
23.1794
27.6033
24.9361
19.9478
26.4545
31.1598
18.7521
20.3505
20.0353
23.3166
26.2699
21.5414
26.3783
18.2581
30.0894
21.9087
18.0167
29.0960
23.3142
25.9737
20.5248
25.4179
25.4576
21.3459
29.5474
22.9814
28.0716
22.1872
19.6252
30.4256
31.3047
31.1235
21.0885
24.6158
18.7944
18.3688
21.0056
26.1906
29.9326
26.3576
26.4645
25.0370
21.5221
27.2179
32.4759
29.2735
24.4438
25.3088
31.4033
24.2194
17.0460
21.8046
26.1340
22.3840
26.5865
20.0910
25.7622
25.9478
23.1180
29.8818
27.4905
28.8839
25.0628
28.1837
23.2558
26.9773
21.8453
27.1121
30.2131
22.6450
26.3206
30.1252
26.1588
28.7726
22.7842
28.7535
24.9823
24.3704
17.4160
20.6308
17.0681
23.4393
20.4604
26.1422
19.4545
21.3815
22.9119
24.7109
20.8637
21.2282
19.8892
20.5611
23.7970
20.6892
17.6831
20.9961
19.2150
20.5663
23.5192
18.1734
26.0216
27.6424
19.9516
21.7327
23.3415
29.5835
22.2058
24.1720
27.5994
25.4914
32.0805
27.3651
28.2618
25.3059
18.2729
17.3973
15.3215
32.0055
21.9649
22.1135
26.7069
26.1902
25.2481
24.3496
19.2165
21.2340
31.8432
20.0933
26.7479
20.9430
17.1611
28.2685
24.7667
19.8463
24.1581
21.7529
23.4837
27.9139
15.3691
24.8678
23.8844
22.4500
28.4694
25.0541
18.2045
23.6690
21.1182
25.1789
27.4801
26.3939
19.3191
31.7870
23.4012
24.3198
18.1760
26.0248
18.9486
23.1602
23.0626
20.3995
19.9602
20.6334
26.7906
22.1546
22.2034
23.3888
19.2587
23.7731
20.9126
18.1532
31.7618
29.3651
18.5661
21.3757
24.4025
19.9948
30.5512
28.9971
26.8342
24.2278
17.2237
21.5354
25.1673
19.0024
24.5007
26.4493
27.5516
21.7312
29.8097
23.2528
25.3749
26.5509
29.8480
23.5466
22.2402
18.5236
19.0512
26.8409
16.8370
22.4999
18.0230
26.0079
26.3632
31.5601
27.9430
21.3335
22.6979
23.5772
30.9857
27.2918
31.5707
21.1179
22.2916
23.5571
20.9441
33.8738
27.6705
21.0033
20.0384
23.9456
24.8312
30.1865
25.2151
17.0313
24.6351
26.3227
20.9342
27.7511
25.3824
21.1589
29.3645
22.0164
23.5490
19.8628
18.7870
26.1369
19.0043
22.0197
22.1207
33.1117
26.9157
29.7734
23.7522
18.9539
20.9107
21.0912
20.9287
31.4056
25.2866
21.5766
21.8810
24.9363
29.4552
22.5129
24.4193
26.5508
20.6753
19.5842
27.1830
26.2406
18.5897
32.1650
25.2959
17.4772
24.2814
22.7230
33.6494
18.4614
27.1327
24.6716
21.5345
30.4384
27.6277
23.4806
29.1699
24.9367
31.2787
20.0770
18.6195
25.0979
26.2939
23.5727
20.2307
19.0768
29.8031
30.4115
29.2125
31.4120
28.9255
24.6367
21.8178
30.8557
24.1095
23.1961
17.9719
17.1005
27.1561
35.9708
20.4763
19.4635
25.1022
26.3313
26.1256
30.1163
25.6555
21.9573
22.9664
22.8883
17.4656
29.6222
22.4138
26.3727
30.7002
31.2712
28.5214
27.3882
25.4709
28.5943
27.7714
27.9447
21.5749
24.4705
24.6796
22.7993
28.1078
31.5328
28.0848
17.5452
22.0253
29.1301
27.7366
21.2068
23.2186
20.7303
28.8930
27.3242
19.9831
24.9177
20.2645
20.5227
25.8361
31.8398
27.1031
22.2623
27.5212
23.8719
26.7062
20.0001
20.0435
25.7701
25.1112
24.4820
20.4143
26.3048
28.0254
19.2134
27.8507
18.2694
27.9460
22.0624
27.6660
27.8658
22.1253
34.4160
22.8801
21.1061
21.2132
25.7688
22.6774
18.6728
23.0207
25.8916
18.2469
27.8261
18.8675
29.8573
26.0165
36.9449
31.5795
23.3947
15.0835
19.9059
20.1373
29.7618
28.5751
23.9859
33.4069
23.6798
34.3877
32.3031
33.6085
25.0386
28.0592
30.3856
27.4191
23.9797
21.9423
21.3356
20.3987
18.4864
18.9034
23.4438
19.2202
30.1101
22.6453
27.7950
22.6362
24.2844
31.8167
21.0135
19.5924
30.7340
19.5562
25.7554
23.3594
17.8315
22.4929
20.4028
16.4199
23.0566
24.9564
31.2847
28.8637
27.2317
16.5733
25.9171
23.4681
21.0213
15.3988
30.9058
26.1690
24.7265
24.8232
26.4723
21.0833
36.0235
26.8122
32.2535
17.0134
21.5105
31.3576
24.6248
18.7412
23.3287
30.1027
34.2634
25.3523
23.8786
27.6438
21.8623
25.5082
34.5607
29.6468
23.9142
23.0813
21.3310
27.9528
25.2576
25.3351
26.0189
23.1241
23.8155
19.7429
30.0308
21.3744
27.9331
29.4129
27.1113
20.6698
22.2188
23.7780
22.1722
22.0091
27.0427
20.0450
23.1376
28.7024
27.5956
19.6391
20.9783
33.1217
22.4618
20.8644
18.3834
24.9052
33.1077
21.0835
25.0793
25.6766
23.0255
28.8763
24.8033
26.9240
27.4645
24.2853
21.3501
32.8763
27.2762
20.7004
24.0142
25.1416
31.8913
25.4876
31.6473
28.7148
23.5219
23.5904
32.4737
22.1538
16.3382
19.0477
20.2516
24.9186
20.3893
24.4026
25.8089
25.2027
18.1877
23.8479
26.0382
23.3719
32.2986
29.1046
22.2526
21.1697
18.9023
24.8439
30.7926
27.7966
19.1715
17.4104
23.5436
23.4998
19.9808
20.7454
27.1466
20.3567
30.3473
26.0974
27.4558
23.9431
26.3191
25.4641
26.4123
21.4830
22.3720
33.3137
20.7645
21.5420
22.2414
24.7160
26.0258
25.4294
22.6526
27.4869
23.1994
24.5562
28.8333
28.5012
30.0566
22.9375
29.4000
16.4312
21.2807
19.6950
15.9084
27.4607
22.2092
31.1099
26.7745
15.9042
32.3530
18.0164
33.7160
21.1791
18.0811
22.3514
20.9896
21.6206
27.2259
26.5879
27.5781
23.3803
24.9782
26.8456
25.0160
23.8047
20.1497
29.2176
24.2110
19.0737
27.9216
19.0395
22.3595
25.1864
22.8949
19.5129
27.6051
25.9971
23.8754
34.9615
26.3162
22.5300
21.7529
20.6601
28.4300
20.6075
23.0556
27.4922
17.4350
22.3921
22.8228
22.4675
30.5658
22.3045
29.2491
24.8205
32.5264
19.0951
25.0381
20.8141
27.3924
22.9194
18.2472
24.5078
22.1270
24.3950
18.3609
23.5405
21.3010
20.9580
20.2319
25.4234
25.8800
24.8092
31.1463
25.1436
24.9462
25.8796
22.4112
20.1086
29.3358
33.2422
28.0236
19.7913
23.5116
26.2382
18.6532
19.9545
22.7575
17.9731
23.1263
26.7824
25.8660
24.2837
19.4759
27.9540
27.6139
25.7099
22.1298
22.9066
23.7961
19.8702
25.0620
18.1236
23.9892
32.7285
25.4495
31.5129
14.6173
28.6636
28.7308
20.4623
21.3885
16.2016
25.6013
21.2503
29.8523
26.0668
30.0642
20.4026
26.3412
20.5121
18.8020
21.4997
24.9353
19.7205
22.4665
23.9465
21.0361
21.6517
23.3306
15.1616
26.7275
24.2086
23.9978
29.3424
23.4863
29.3098
25.4725
17.4101
24.9078
27.4696
28.2005
25.7795
23.4747
24.9794
25.7083
27.6456
21.9178
25.1787
20.7195
26.3029
24.4021
21.3124
30.3878
30.9914
20.9929
22.2559
22.0243
28.7944
25.2954
22.3178
22.8535
19.7181
19.5694
27.8207
28.8758
24.9209
29.3009
27.6033
24.4083
31.5916
21.0554
32.7577
30.4194
19.7756
18.6786
31.6332
22.2139
25.8728
26.5885
18.3870
35.8647
29.6033
24.7970
18.1274
21.2945
21.4468
24.6691
25.9269
26.7467
30.6916
25.4567
20.3681
22.3037
33.2012
26.0864
19.5848
21.5095
17.5847
25.1428
29.6079
32.5756
22.5471
29.5250
24.8008
19.5612
20.7398
27.2972
24.8700
24.4885
23.8394
33.4149
25.5554
25.1689
26.4672
19.8590
28.4967
21.8090
31.6262
26.9425
23.3825
20.5878
24.6517
32.6847
28.4053
18.3158
20.9942
30.1458
24.6076
26.1633
23.9711
20.2711
35.1461
26.2637
26.3713
18.8589
20.7270
18.4001
20.7759
24.9197
25.4873
27.0366
20.7480
23.2330
29.6680
26.2844
34.1234
24.3402
28.0492
20.7317
17.7193
30.8272
24.6298
28.6376
24.6273
23.4111
23.7528
24.4134
23.5965
31.8918
21.8805
27.3564
27.0527
23.2463
18.4818
22.5128
25.1016
20.5247
23.2345
24.0459
24.5667
23.8040
29.0810
21.4683
27.3093
21.7359
25.9753
20.9693
24.2316
29.9852
21.8358
27.9047
27.0372
21.2545
29.4876
23.8878
23.4313
28.3559
22.7592
21.7426
28.6539
26.8340
23.0261
25.0539
23.4109
21.3616
19.7923
29.8378
17.4687
19.8396
27.1344
25.5555
22.4023
19.4761
20.7525
29.3851
21.9537
31.0742
20.3022
26.9869
30.1272
30.1705
23.4295
20.5184
21.1505
35.6139
30.3081
29.7884
17.3437
25.7765
21.3359
29.3144
21.8836
29.0645
24.8737
22.6123
26.7852
23.2963
32.6942
20.1236
36.3706
26.3794
22.5185
33.5349
16.3437
28.2209
32.2104
27.2513
20.8478
28.1524
21.7972
23.8084
22.5209
24.8521
19.5961
23.4869
23.8286
24.7764
23.4133
26.7186
25.3570
23.8531
19.1824
30.5785
28.0666
21.7153
23.9042
26.3577
20.6453
23.4324
20.4164
29.1468
17.7882
29.7618
25.7552
28.6336
19.4296
27.4344
29.0767
23.2581
24.5007
28.5119
20.4994
27.8127
20.8846
25.1338
24.7833
33.9328
17.8882
34.3883
23.6481
23.3950
25.7423
29.0761
29.4499
24.2852
21.7633
24.4090
22.9189
22.4574
22.5899
21.2581
21.0968
18.2380
23.2985
26.5698
26.4801
25.5520
23.1016
22.4071
21.4768
24.9003
28.6172
21.6789
16.3453
22.3984
15.3566
21.1650
22.0430
21.4030
20.1161
24.9234
32.1749
29.7776
21.3024
27.8962
27.2580
28.7159
25.1926
19.8612
19.4655
26.4270
25.2528
25.7846
27.0969
26.0701
27.9283
24.6824
24.2013
29.0944
23.0706
23.0794
23.3572
25.6264
27.4065
23.8019
17.4537
18.7235
17.1550
16.0560
18.5920
24.3815
24.0812
24.8660
19.2015
39.4275
27.9565
29.4472
25.1762
27.0157
28.6246
31.9570
31.2392
26.0891
19.9342
28.2867
23.2629
22.4836
20.6693
15.7675
31.1052
22.3187
23.1298
28.6492
17.1878
21.0603
19.6934
23.8403
18.4839
24.4143
24.6227
19.3188
30.5998
30.9327
23.2884
25.1777
19.6880
23.0754
22.0629
21.9165
21.6962
24.8800
18.8334
32.0081
28.9243
22.9258
20.9320
29.0758
24.2998
30.6718
19.3813
25.7472
20.9176
27.2295
28.2928
21.2152
20.0813
27.9411
23.9381
19.2816
22.6165
23.5610
15.7847
29.1705
23.4145
19.3904
19.9185
20.8380
18.9336
30.5688
23.5866
20.9168
22.0099
26.3264
20.3948
19.9458
28.3803
23.2382
17.8254
24.0432
33.1170
21.8086
16.5483
25.1279
32.2102
23.4699
23.4133
21.1942
24.0227
18.5069
32.1541
22.9589
25.9552
19.4201
22.4594
28.5840
16.5975
17.3382
31.8440
20.1462
30.6640
31.9939
29.6582
20.9753
26.6491
15.8607
29.2473
23.1333
19.4336
19.0530
20.3175
27.6790
18.7837
23.7607
23.8580
18.2260
22.7414
24.5106
18.8132
27.1707
19.3567
16.2910
27.8151
29.0573
20.0274
30.2810
21.8231
22.6673
18.4457
16.5587
17.3603
29.8258
21.7362
19.5638
24.5001
20.7588
21.9433
18.1799
19.9911
25.0133
25.6483
25.3678
24.1312
16.4166
26.9071
24.0061
25.7995
21.7682
22.6284
21.7238
24.8262
28.9813
21.1715
21.9371
32.2448
18.9091
27.4259
21.2726
18.5304
18.4997
26.8321
28.4995
23.1741
23.3390
22.0114
22.3179
24.4273
17.1567
21.7259
24.5844
21.2350
24.8758
28.7048
20.1526
20.7128
31.4418
19.1730
26.5561
18.1320
23.4659
30.9591
28.9380
19.5008
26.2969
21.0002
21.4973
25.7435
30.8723
24.7789
25.9592
24.0834
22.5910
21.8678
27.4032
21.1355
26.3255
24.9769
25.0303
31.0394
32.4688
27.1246
22.1735
19.4548
35.7220
26.0276
20.7157
25.9453
29.9567
21.2795
18.3059
28.1131
19.9403
24.6615
27.8644
22.2241
24.3394
27.9145
23.3658
27.2674
22.2043
29.9549
24.6209
24.9008
23.3169
27.6701
28.4080
25.7963
20.6168
22.1055
20.4438
31.0820
28.7611
26.3958
31.5452
25.4342
30.8341
30.6842
31.0684
24.6185
29.6253
18.7489
30.2193
19.4859
21.7628
27.9129
28.2088
32.4051
24.6058
25.7216
31.4661
22.2139
22.7642
21.9939
18.3812
25.4911
19.1890
19.1200
26.5105
18.7584
23.7502
22.3871
26.6729
16.7306
23.6723
17.9999
21.7817
28.3111
28.2004
21.0208
25.3192
15.9324
27.2607
26.7252
23.1365
23.0892
24.8042
23.9577
26.8355
26.9799
23.4540
29.1750
26.2177
27.5569
25.9151
29.3236
22.6355
32.2115
28.6838
19.9122
19.7225
18.7487
19.2545
30.7865
23.6830
24.7155
19.4400
28.6515
29.4881
25.3428
29.1451
26.3851
27.5773
21.0065
22.1261
21.3581
34.2612
28.9836
23.1385
23.3644
29.6159
25.9464
24.0574
27.7990
20.9307
24.2428
19.2505
19.7440
25.1169
30.3705
23.4643
19.7830
33.0692
33.6214
21.3466
26.3142
25.1218
21.8663
28.5122
24.7358
31.4024
23.1577
21.3932
21.8089
29.0708
26.0578
24.3641
30.6988
17.5909
16.7838
20.9906
35.8302
30.6017
20.9182
16.2743
24.3659
27.8891
16.7163
23.0533
20.2164
24.7966
24.5438
26.2924
30.2904
24.1719
25.0164
29.4280
29.4196
25.5734
22.0416
30.7586
20.8489
17.6809
25.7658
25.2063
26.4514
26.6916
22.6172
21.0522
26.9394
27.2695
22.3534
29.3006
31.1786
23.2072
19.1054
25.4618
21.3710
22.5254
30.9383
27.1624
16.3762
26.9521
18.3919
26.8673
21.8179
15.2283
17.5731
27.4247
26.9365
24.4557
16.5244
18.6193
19.6408
19.4715
20.3704
25.9752
20.3294
18.6812
16.7006
27.0492
23.0092
22.7650
22.2937
20.5835
31.0908
17.7320
22.3135
27.6610
26.7310
24.9513
24.0828
23.2796
29.7383
29.0590
20.4798
21.9118
28.1707
25.3386
25.3236
21.1348
29.2319
25.5579
27.1957
17.9352
19.1465
28.3944
25.5322
20.4460
23.2884
22.2368
25.1666
25.2485
17.5601
18.7113
30.4275
28.1960
23.8951
19.5042
26.6983
24.8757
19.0915
26.3374
26.8045
19.0081
23.5084
28.0899
23.6407
23.5166
26.6044
24.7346
28.1726
22.0160
35.3384
34.1578
21.6645
21.3546
28.9430
19.8891
19.7512
29.6547
24.6394
24.0486
18.4864
20.8432
23.3891
24.0044
18.4786
18.6146
20.0961
21.1145
32.2291
34.9328
29.0289
24.9385
26.0114
21.1502
23.6275
26.3210
26.8334
25.6089
21.4768
22.5379
22.7045
26.9087
29.3720
20.0423
23.9691
22.1082
24.0752
25.5438
23.8941
25.0239
26.8283
25.5133
28.6821
27.9544
22.2914
23.1284
22.3548
22.2941
20.3850
22.8888
20.6773
22.6347
21.8537
25.0222
25.9810
21.3573
22.2905
28.5862
23.0855
28.9272
27.5953
29.2584
28.5144
26.1301
22.5288
18.7199
32.3596
17.1936
24.8263
30.4625
27.3873
21.6846
22.3735
21.5172
26.2082
19.7031
22.9094
30.7108
21.0513
20.2749
27.0657
20.7793
26.2742
18.5926
31.7206
27.3336
25.3550
30.1368
24.3058
29.7368
18.9437
25.4820
32.6315
19.1294
22.6648
33.4902
28.9164
21.5653
23.1403
22.3564
21.3285
25.4276
27.0384
24.4202
33.7574
24.1959
26.4736
26.5709
27.3750
17.3995
24.5073
28.7013
18.3050
27.4509
21.3265
22.2438
21.0221
22.7713
22.0983
23.3862
20.0340
23.8478
18.0587
31.2067
24.4411
25.1998
19.1925
21.3426
17.7798
25.8040
29.4156
18.2366
23.8952
21.8901
32.7304
23.2732
22.8817
19.8056
25.2419
28.8359
22.4174
27.0124
27.9475
25.3538
25.5369
19.2969
21.6206
23.1531
28.0934
21.8637
20.6407
28.5257
27.7658
24.7000
17.3957
29.1585
23.0189
25.4764
31.1146
27.3419
17.4735
26.2694
16.8492
28.9595
22.9001
27.5466
23.8225
22.2502
37.3944
25.1127
18.2158
22.9630
20.1844
17.5893
15.4411
25.3733
34.7306
34.0379
36.3649
20.0674
22.5385
22.2318
22.9390
18.4817
26.6356
22.3112
27.7134
25.4035
20.8764
23.7583
23.8219
26.4108
29.2279
27.1027
30.8943
29.1422
35.3037
33.2996
21.0629
21.9548
21.2253
23.0318
23.9182
23.7698
31.1474
28.5331
20.1995
25.8165
27.4664
21.8736
22.8021
30.9177
23.5784
21.6474
18.6648
28.1023
26.5432
24.6510
28.9486
31.3811
22.6765
32.1923
26.6578
21.2873
22.6755
23.4600
24.8012
26.8617
24.8806
26.3549
19.5459
21.4542
26.1228
26.2719
31.1626
30.4296
31.8689
25.1939
21.0935
27.0631
28.1304
28.4839
25.5405
28.7326
26.4672
21.6936
28.2158
28.7512
18.8657
21.3740
18.8911
20.9480
26.8448
21.0741
26.4842
28.0463
30.1484
17.9014
24.1457
20.2297
22.1545
18.0018
23.0376
29.5891
25.4887
24.3165
24.8039
27.4946
29.3380
21.0612
27.9146
29.6171
24.0424
20.6899
16.5026
23.5691
25.0706
29.5729
26.3841
24.1739
27.3879
26.3392
23.7115
21.1238
20.9439
23.7277
28.2670
24.3130
22.8090
18.5095
18.7491
32.5574
21.5325
19.1124
27.3292
24.2927
34.8626
21.8692
27.7863
18.2740
20.6516
20.9104
24.9780
18.4984
20.9703
26.0208
27.6177
22.2270
31.3255
22.9443
28.1757
20.8277
28.0916
22.4763
32.0709
27.5718
22.6859
26.3194
28.2283
21.6405
24.2725
27.7626
23.3903
21.4862
18.1236
24.0445
29.2969
24.2249
20.1146
30.0034
29.3031
22.8813
23.5153
25.0192
28.8464
21.1796
22.2085
27.7995
28.0830
24.9844
29.0967
24.0929
27.8937
26.9068
19.2463
23.1718
26.3968
16.9429
29.7959
18.5914
29.4372
26.0933
30.9252
31.1298
25.7378
22.9417
26.8653
18.7549
16.6154
23.5911
27.3364
26.4117
27.7895
27.3427
23.4756
20.3494
24.8292
23.8875
26.3150
24.5023
25.0811
19.9212
17.0872
31.9585
23.1865
23.6341
20.3635
21.4748
26.6731
23.0632
26.6398
22.1429
20.9871
28.9497
28.1387
25.9870
16.5784
16.9125
21.7666
26.4322
28.4883
24.7001
26.0369
29.1636
19.1936
23.3092
20.6257
26.8463
25.7509
22.5617
29.6363
22.1075
30.2119
28.7641
28.5740
27.1279
28.9147
27.2676
20.1064
25.3912
22.5434
22.3151
23.7528
26.8911
26.0593
19.5306
26.0523
35.9068
27.3790
18.0945
33.0485
18.2861
36.2058
28.3672
26.3759
25.5017
29.0524
21.8303
24.0779
22.2190
19.3903
23.7217
24.4123
30.1769
19.5198
25.2943
20.1172
21.0363
20.5179
26.6851
32.3921
27.4679
20.9256
32.7343
25.9723
25.4878
22.0622
28.7795
19.9427
30.8291
22.0637
20.5195
22.5400
24.4237
27.3375
20.4231
20.0750
19.5966
29.7942
24.3404
33.9723
21.6115
18.8879
28.2785
25.3713
30.8512
30.1038
29.3231
21.3489
18.0041
22.2560
23.0570
23.2744
22.0401
25.3672
18.8268
22.7211
30.1615
24.3434
34.8107
30.8785
22.2405
25.0812
25.4096
22.5558
22.1913
33.5346
29.0576
21.2412
24.9620
19.2784
18.5319
33.8467
27.5116
25.0165
16.3919
23.6440
25.4643
24.3930
18.8907
31.2995
21.3293
30.7362
25.5694
22.3947
24.1521
17.0032
25.0063
24.0575
24.1375
28.1722
23.7319
18.0725
16.9055
20.6461
27.2266
21.0872
26.6895
16.5810
28.4485
23.2149
29.4879
25.1119
26.8096
24.2328
29.3840
16.2857
28.6416
20.4840
27.2257
20.0779
22.0234
24.6434
21.7786
20.2753
22.8719
19.1790
26.2666
22.2543
26.1969
23.6169
20.9070
18.9160
23.5147
25.8004
17.6156
26.8289
20.9937
27.8346
25.7305
24.8215
26.5870
28.4789
21.5070
21.6267
28.7419
22.5301
18.9146
26.8000
36.0422
27.2901
24.5570
20.3590
24.4278
34.0343
27.0372
30.7757
26.0818
20.3300
21.3913
24.4590
22.5224
26.1033
28.7140
29.5110
24.1167
24.9006
31.1153
23.6699
22.7919
34.2769
17.1431
20.4881
23.5310
24.3324
26.6323
30.0958
25.9961
27.3677
25.2881
25.8069
23.9765
28.7440
27.3966
26.3321
29.4345
25.7197
23.0955
28.3384
29.9761
19.9985
26.2547
29.0958
18.3006
17.3034
18.8394
19.6889
32.4279
29.1525
22.6057
24.1729
21.3306
20.8148
23.2622
21.0248
23.9019
17.6566
29.5794
27.0859
25.5837
17.3270
27.4619
20.5578
23.3656
36.9123
22.6757
24.0304
24.5106
26.9522
21.8873
28.7291
33.7359
18.3677
25.4597
23.9391
23.3555
24.9226
25.9005
22.8634
25.8724
16.3675
27.7405
22.3781
31.4753
28.8629
31.9626
28.3120
23.4979
23.7511
15.3620
30.5911
21.3032
18.5814
22.1659
28.1807
27.2817
24.3856
18.9082
23.8818
27.4896
25.7051
27.4437
21.8613
21.7606
28.7056
22.2165
20.0816
21.9962
22.4080
31.2255
30.6756
19.4977
27.1789
23.4089
25.9802
30.3655
16.8748
24.0218
27.5526
22.1102
23.7556
28.1354
23.6145
27.0473
27.6697
27.6325
21.1458
17.9705
30.1091
26.0648
21.6143
31.7989
25.6262
26.5227
20.2162
25.3650
19.3604
18.4628
28.7898
25.5027
23.6833
22.8243
25.9553
22.6251
29.8923
25.5045
21.3756
23.2149
18.4294
22.3512
22.2089
23.2864
25.9121
16.3927
25.1995
29.7800
28.1817
21.4222
33.0881
22.4443
25.8389
31.1949
20.6209
23.5657
20.9089
21.2771
25.5152
29.4406
33.6836
23.0549
15.1990
25.9078
25.1758
19.4755
25.9677
23.4891
27.0256
22.1133
27.6174
23.8458
31.1151
23.5742
27.2199
18.5531
23.6116
31.4198
26.6607
21.4491
29.2101
25.9197
31.8429
17.6962
26.8736
19.3900
27.5902
30.7946
18.3928
23.9314
19.4397
27.2466
25.1939
25.3324
33.4381
20.1708
27.9768
23.6615
20.5129
31.4445
18.6983
18.8245
21.4328
22.1268
22.0483
21.0808
20.2279
26.6666
20.0354
25.6350
27.4752
23.9648
24.3154
30.9692
23.1196
20.7604
30.3290
21.1870
26.5055
20.1170
22.0979
18.5148
32.7564
26.4447
26.1558
25.4963
25.6325
27.1314
20.3039
21.7278
23.4616
21.2834
21.4828
19.7500
29.9210
23.7148
22.0655
23.5233
22.5546
18.9614
23.4662
31.4961
31.5412
26.4407
24.2453
31.0920
27.3241
18.0363
22.6174
24.6350
27.9994
16.1788
21.8268
24.2572
29.4616
27.9752
28.6474
35.5215
23.0009
27.1525
20.1791
31.4469
21.7408
25.6411
29.3525
23.9692
21.4454
28.5577
25.0268
29.5137
18.9676
20.8184
26.7424
23.8837
21.6930
24.3429
33.9159
23.9087
25.6104
22.0394
25.5803
19.0225
26.0833
28.4068
17.9134
18.6139
20.7400
21.8719
18.2561
22.5300
17.4487
26.0111
27.2656
24.7383
30.5044
34.4242
24.9786
26.6448
18.3824
22.5435
28.7845
23.3217
33.5274
23.8358
19.8327
26.1638
19.6348
25.1740
32.3457
19.5962
28.6603
17.4051
29.8373
26.4821
21.9270
21.3163
28.1493
22.0342
24.4111
29.7454
27.0745
20.7919
27.8741
18.3913
29.3421
20.5725
25.9968
19.5681
21.7718
21.8101
25.5496
23.9462
28.1476
24.3087
16.2476
31.3281
19.1264
20.5997
17.5963
32.4611
20.3807
27.5766
26.3086
16.7159
20.5726
16.5422
24.1653
23.6748
31.1327
20.2792
20.2266
23.4168
17.7989
21.6733
27.2728
27.2361
21.6302
20.4666
24.4687
24.8487
27.7482
23.2376
26.4913
19.9886
21.5009
22.4506
33.5577
30.5033
22.0368
27.2381
20.3923
21.2911
23.9607
23.4364
18.0015
26.7711
25.1687
23.1117
29.0416
27.6866
23.3828
26.1839
31.5120
22.8575
31.1944
15.3293
27.6491
26.7981
27.2942
24.5539
30.4723
24.4149
23.1132
27.2718
19.7864
17.8742
26.2247
22.5375
19.3165
20.3312
27.5279
28.0588
17.7252
20.0469
22.6848
26.0834
31.0915
33.2588
16.7004
24.6657
22.6261
28.4378
24.5484
34.5506
27.7922
22.9166
30.0654
19.2893
29.6069
26.9302
22.7770
24.9422
27.2122
22.2016
26.6454
26.8590
20.6299
18.7869
25.1086
28.7004
29.0833
21.8568
25.9936
26.7029
27.1018
20.9854
24.7328
26.0431
16.7669
35.0745
23.8391
20.3219
25.7871
18.2633
21.4144
22.4555
25.9234
22.2950
22.2196
23.7261
20.1579
22.3349
30.5510
33.1758
25.9048
25.2805
19.0996
25.4643
20.8844
20.8833
27.5982
23.7990
28.2603
19.9846
25.7782
20.7115
24.2677
23.3289
18.6757
26.0741
33.7410
18.5383
29.3333
24.9718
31.6472
24.0254
24.6802
20.2361
18.2790
23.2566
26.1181
26.6115
17.2988
30.2525
15.8525
23.7186
22.6969
37.6707
25.7757
29.6555
19.4346
21.4489
22.4687
30.6278
21.6596
16.5470
21.1719
28.2409
30.8983
16.3652
25.2698
23.5069
27.9495
17.1455
29.1378
23.4631
24.4767
24.3272
31.2647
21.2921
32.1964
22.1038
28.5177
22.5471
21.1778
20.1747
27.2982
22.8256
18.6953
33.6146
25.3570
25.4017
36.0252
18.0314
28.0070
29.2164
17.9122
19.2954
24.5658
23.2399
22.3816
24.9165
26.7386
25.5089
21.9117
32.8273
23.3472
19.1174
34.9514
31.0787
25.1604
27.1450
27.8467
30.7362
35.8780
26.3638
27.0143
17.4859
23.9478
19.4357
31.7207
26.0592
32.1769
31.6932
33.2551
16.7813
31.5105
25.2820
19.6236
26.4121
25.6894
21.3971
20.9872
29.4989
25.7628
25.3162
23.2165
29.1443
29.4291
28.1107
20.9457
27.3188
18.7592
24.2996
28.9674
24.5210
30.7788
29.6589
26.6675
19.1567
22.1360
17.4637
30.2648
25.7713
25.4119
20.8620
23.8215
27.9040
25.8906
29.8183
19.3901
23.1502
14.8726
28.0297
19.2345
28.9184
29.7870
20.7807
23.8988
19.6789
20.5824
24.5476
17.7766
29.9631
24.6771
21.2679
22.5892
22.7046
26.1336
22.4818
24.2304
26.9652
21.8105
22.4005
23.7904
22.8808
22.5420
30.5587
31.9714
21.6908
21.6070
24.4372
28.4424
24.6570
27.2613
26.0068
20.9629
24.1594
20.8548
28.9829
19.3604
21.5497
23.9187
20.0299
24.2290
18.9937
22.7800
19.9561
20.4646
29.2662
16.8005
22.8069
23.9874
19.2705
32.9096
29.1201
28.0772
24.2710
20.1582
25.3061
20.9517
33.0323
25.3138
29.9419
15.9084
22.7237
30.5708
17.5143
22.6845
23.1107
18.8008
32.8476
21.3181
26.4552
24.9725
22.0952
24.3578
18.7295
19.0166
30.0654
18.6578
31.8561
28.3418
23.9356
17.5347
17.5927
32.1279
37.1937
35.4627
30.7820
23.6293
19.7979
28.5014
21.2619
20.5545
23.6436
18.4669
23.1973
27.7924
23.2188
20.3360
19.1912
16.2920
20.3636
26.1784
22.2799
32.8774
22.4844
29.1299
30.8109
18.5006
26.3188
21.8931
25.2143
22.6920
27.9344
26.1724
18.7703
31.7319
32.0913
26.4124
23.2404
21.6850
24.9995
27.8944
24.8837
28.2117
21.9017
23.5571
27.6968
33.8895
25.8402
22.7605
23.2241
33.0106
25.1230
30.8338
21.7682
31.3135
22.2482
18.2628
20.0703
29.8578
20.0572
29.0267
29.7423
23.2980
24.4606
30.0216
26.6639
20.9262
24.3908
20.9441
28.4765
27.7669
23.7291
36.6468
22.2767
21.4796
22.8660
27.3176
23.4445
23.0066
21.3562
26.5110
24.1538
26.3494
18.9393
25.5862
23.5906
23.6004
23.2118
26.5950
18.3472
16.3697
23.2871
31.9987
17.3830
19.2696
31.9174
29.2456
33.2742
21.6932
22.2997
32.4908
25.6190
25.5653
30.1747
18.4457
27.0059
23.6835
22.2110
19.5712
25.2616
21.9052
20.1103
28.7566
27.9630
31.1947
29.3983
18.0780
21.6371
22.9872
28.5901
19.1539
24.7364
23.8011
19.9812
30.7293
26.2653
30.1076
28.9288
26.6084
27.7417
19.8240
29.2340
28.6714
26.6402
31.7354
23.2500
27.2882
26.7876
24.6292
21.6970
15.5327
22.4124
29.4573
24.7853
22.3384
20.2382
21.5359
22.7880
22.7207
19.9039
20.2239
24.2940
20.1947
28.5439
20.1316
21.4655
23.0329
23.6048
25.8415
24.1063
21.2723
21.4234
26.6547
28.6217
18.9385
20.3769
24.7424
26.7564
18.2172
27.1868
26.0026
30.8981
20.8903
27.7790
19.8213
24.0242
15.9117
20.5787
24.8162
19.8168
25.6127
29.7791
32.9583
21.6862
33.0281
30.1156
19.6605
29.5730
34.5005
28.5673
21.8253
19.7502
28.6319
28.8737
19.9046
20.0874
25.3816
26.3971
17.7196
29.4696
18.0437
27.0485
23.7944
17.5370
21.8564
31.0362
24.2499
25.5758
25.6987
28.7232
21.8129
19.1816
29.3637
19.3977
22.8989
25.4568
25.8528
20.4624
23.3626
22.8485
28.0099
29.5967
32.0713
32.6812
32.7430
23.5980
22.1366
33.3070
29.7844
28.7294
25.5867
21.2965
24.5020
25.7742
23.8927
21.2165
25.2856
22.1327
18.3467
31.6048
26.6326
28.2192
24.7012
19.0695
26.4083
28.6631
23.2783
27.3086
35.3337
19.4001
20.4919
27.4134
34.7998
22.4300
25.7753
24.1966
26.7741
25.5514
28.5606
24.3010
22.1231
26.8756
26.6334
24.5551
20.4894
27.9205
26.4212
21.8146
23.5739
27.4284
20.0772
21.2047
21.0580
19.3630
19.7877
29.1546
24.0912
25.0878
30.3788
23.6597
22.8281
30.5913
15.0162
20.7570
19.4190
29.0568
25.2436
18.3097
20.1324
23.8756
25.0181
26.0913
29.3562
23.1838
27.4737
30.7950
23.8243
25.8373
24.7925
23.8800
28.6256
23.2043
30.2088
25.8729
17.7331
22.8704
24.3509
30.1834
25.6671
30.8653
22.0745
30.1785
23.6644
24.7959
23.8443
18.6298
26.6402
33.4739
22.2646
28.6992
24.8954
34.6063
21.3005
21.3235
27.6312
25.2396
21.3644
23.1637
25.2410
22.0869
30.5310
22.6677
25.5017
17.3399
19.1046
24.7092
27.9037
24.8512
24.6815
21.4173
19.5177
21.6359
21.0612
24.3247
23.8900
21.7775
20.5486
20.2843
27.8862
23.4535
16.2909
24.5224
26.9255
27.8009
25.6645
25.3992
24.0887
30.4402
26.9858
25.4575
25.0635
23.7243
22.5977
23.4723
26.7994
29.9121
22.9472
22.3262
31.6278
21.3484
32.5747
21.0993
28.3229
27.3382
19.8243
23.3979
19.5387
25.6309
20.0036
19.3819
17.2152
30.4613
29.1329
24.6942
28.0555
23.3358
30.8312
21.1184
22.1705
26.3646
21.8159
24.3935
30.5843
27.4706
25.4434
28.9156
28.3731
19.8988
22.5854
23.8171
21.7047
24.6217
32.5699
18.3121
25.4329
18.7689
24.0408
24.6424
25.3328
23.1220
25.6766
27.4538
30.2934
28.8013
18.5628
25.1257
29.9178
17.6521
26.1627
30.2984
33.0236
26.8757
23.1058
21.9773
19.3041
24.0843
24.6168
22.9221
18.8991
21.7986
29.1457
27.0705
20.0012
20.2663
28.3290
22.3831
24.3695
20.0018
20.3603
24.6601
26.0221
21.7361
25.6888
19.1285
26.4260
19.7768
26.3897
27.3810
27.7789
25.6253
17.3831
27.3097
23.3170
26.7189
33.2473
21.7553
24.0345
32.3270
25.3460
31.2077
27.6221
28.5962
20.1301
20.7648
35.3556
24.5823
28.3623
25.8685
24.5473
32.9730
21.2393
17.9984
23.2250
23.5266
17.2433
23.2040
20.8166
21.4186
22.0920
23.8994
19.6242
19.7245
19.4397
22.4130
24.8303
21.0110
30.8540
22.6947
27.7582
18.6322
17.2269
32.6977
26.5387
32.8525
30.0003
16.1789
20.8415
26.2452
24.1424
21.5512
32.5432
24.5818
25.3643
26.5321
24.5037
22.2935
27.5191
19.4487
29.6814
23.7075
23.8953
17.8696
24.9544
30.8436
26.3327
21.5144
23.1139
19.6789
23.1596
20.7153
26.1339
23.6675
18.8650
23.3370
25.5551
25.5087
21.7636
27.5790
20.3541
31.3700
22.2800
19.5800
23.5660
28.3079
32.4565
21.1542
26.9406
24.1549
27.6161
28.1643
28.1537
26.7621
24.7562
28.8794
18.5090
22.5816
22.9220
22.7787
24.3207
27.9714
27.0528
24.0202
21.1168
19.8989
23.2590
19.7103
24.8504
23.4831
24.3745
26.1507
23.9122
28.4084
19.7294
17.3331
25.3584
27.0945
32.7511
28.9746
29.7110
28.6283
20.5558
21.9901
26.3035
18.4363
29.8093
21.1455
24.6910
17.5475
27.2800
20.8727
29.4366
21.1091
27.7735
28.2705
22.9798
23.5797
27.7588
25.6579
17.7224
28.0435
18.9256
22.6332
22.5058
21.7229
21.5732
22.3134
24.8212
27.6773
30.1578
29.6268
26.9660
26.9706
20.4818
26.7085
20.3775
28.6283
25.3830
19.9782
29.3931
32.0516
21.2327
22.5075
20.1936
18.4387
20.4957
20.4601
18.0523
18.5298
27.0821
18.1367
27.4774
29.3892
23.7953
21.6658
21.3344
25.1701
28.0583
28.8811
25.9565
16.8240
23.4097
29.5662
28.7307
25.1670
25.5656
23.9125
27.0041
33.0902
22.5406
22.1760
23.1642
20.2562
27.9268
23.9077
18.2297
22.3290
20.4352
21.4130
21.3460
33.8570
20.0467
22.3970
31.8642
30.4380
22.4621
18.9729
28.3639
20.9548
24.4535
26.8561
24.0935
26.9536
27.7966
23.0398
24.9576
30.3352
16.4474
20.7681
28.8568
28.0453
21.6568
25.8145
24.6413
26.8237
24.8011
21.0922
31.4060
21.4243
21.6290
27.8040
17.4616
26.6063
28.3573
21.4356
21.4422
34.8042
20.9938
21.4927
24.6304
25.2308
22.4948
19.3346
25.2333
32.7527
31.1233
24.0014
31.6213
15.9426
27.5371
27.4295
22.7934
25.9923
21.3967
25.3052
28.1935
26.8883
21.0804
30.7638
33.4408
24.7368
26.6759
23.7338
29.1559
28.9836
18.2329
30.8241
28.1058
24.6694
26.1672
23.0376
26.0012
27.2170
26.3342
25.4490
24.4344
19.9126
22.6297
26.8249
21.6685
27.1164
25.9893
33.2661
29.0666
28.6673
25.8569
24.9523
24.5830
20.4198
25.3191
27.7881
23.8373
32.0968
25.1873
22.3533
28.7659
27.2030
29.5105
27.6155
22.5423
25.8036
26.6380
20.3099
20.4589
21.8891
18.7695
26.1267
24.6499
23.3023
29.1451
30.8044
20.0289
31.3435
28.0189
29.6768
23.5918
27.5999
26.7031
23.9540
25.6055
21.1092
22.6016
28.3123
25.4602
23.4597
24.3339
23.3098
30.9851
19.3644
31.5951
22.8004
27.8994
19.0673
28.2571
21.2287
26.8793
26.0556
25.4374
25.0497
25.1066
25.0644
30.4826
19.1548
19.6594
32.2448
27.4704
17.8810
34.6218
20.8071
27.1486
23.6804
19.4494
26.6856
23.7566
26.6399
26.6684
24.7160
22.9084
22.6853
24.9772
24.4221
35.1213
22.1361
22.0253
30.9011
26.2214
21.8828
19.3699
29.2345
29.8232
32.8726
24.0118
22.4958
31.9618
17.9773
25.9530
27.7750
25.2905
21.2236
22.9316
24.2829
32.2547
19.0090
28.5113
34.2375
20.0674
28.4479
26.8381
20.8149
18.1455
22.6981
29.7240
31.9348
21.2235
25.8757
27.6774
27.5404
30.3391
33.0197
20.9155
19.4627
22.0552
20.0340
33.9587
22.4286
31.6014
26.7266
21.6551
31.2106
24.3648
17.7297
26.6949
17.4671
30.4678
21.6322
21.4903
28.6318
24.2676
28.0798
20.8376
21.6174
19.6002
32.3113
28.8267
21.7059
18.4043
19.7201
19.5844
24.9636
21.3353
23.9305
19.3794
30.3976
25.7202
23.8322
26.7365
30.0440
32.7983
26.2416
18.8490
21.3471
26.9010
23.2777
17.4715
26.7278
20.3741
27.5322
24.3796
18.5130
22.4379
29.1054
27.8230
32.1361
24.3711
24.8869
28.4428
28.6841
27.4727
23.9098
15.5634
23.9637
20.6906
27.2456
21.9504
19.9846
23.6659
26.1998
21.2257
23.7779
32.3282
20.9116
27.5638
23.3235
25.9457
24.7379
27.8577
24.8987
23.9042
27.1892
25.4549
26.4386
22.7062
23.7254
29.3376
17.0328
24.8644
29.3007
23.2051
19.2945
31.6693
17.6926
21.4622
25.0423
25.2834
29.0631
21.2546
16.1919
28.8190
22.7316
24.3013
25.9710
25.9772
23.7289
22.7151
24.6568
21.6039
21.1999
30.3004
34.0444
21.5414
19.0827
21.9675
19.5918
28.0988
19.0147
25.3946
22.7128
21.5194
26.1740
23.5333
28.5346
24.9397
20.4939
20.2110
21.3489
20.9503
26.5216
31.9519
29.6975
20.0864
22.1650
31.4717
26.2602
25.3670
31.8682
19.7194
31.0257
27.5951
22.5260
17.4532
26.7549
25.3300
27.3234
23.5739
31.1689
28.5968
29.8972
25.0188
27.5168
24.3119
19.0244
24.1412
22.2583
30.3344
28.0417
26.8626
22.7158
27.3952
16.7331
23.9564
30.3672
27.8350
19.8755
29.8143
31.8130
19.0198
24.7844
30.6940
27.5622
28.7128
22.4260
20.3035
21.3231
21.7858
18.0447
26.1775
21.4501
25.0479
28.9603
22.1982
29.0042
21.7766
33.5971
17.2767
22.0241
25.3606
23.4849
14.4115
23.5902
23.3832
25.3163
24.3369
21.6624
29.1657
17.4024
31.3686
26.2167
23.1722
25.6467
24.4591
26.0946
24.5442
15.4014
35.6758
29.3247
25.7201
16.6397
17.7274
24.5248
27.9933
22.3120
18.3517
18.3263
20.3242
28.0313
28.2791
20.7752
20.6192
23.4621
31.3603
31.7181
22.3483
22.1728
32.2062
20.2581
22.8566
24.3219
24.5165
22.8560
32.2122
32.2113
24.4430
24.0146
17.6600
25.4421
24.5056
23.9012
26.8480
15.6561
21.5754
27.9160
18.7802
24.8416
22.4632
27.5730
30.7499
20.0206
24.7003
22.6351
22.9824
18.1934
22.2149
23.4369
23.1646
29.2284
33.4116
20.4003
19.7669
25.8915
19.4189
20.0548
21.3458
18.1285
36.5595
24.0517
26.5703
34.2320
18.6073
22.8939
26.8901
26.9556
24.2830
23.4571
20.7895
21.4330
22.7387
23.3108
16.6445
26.1283
31.6130
23.6833
22.0050
26.0932
20.1434
19.0412
23.0411
32.0740
28.4679
20.6721
26.0734
24.7874
26.6337
18.9047
24.2144
24.3415
31.2733
30.0095
20.7886
30.1618
24.4879
27.4962
24.5290
21.4107
27.4826
21.2696
24.2971
21.7908
17.1161
29.3275
23.2274
28.6378
27.9780
23.4936
27.7941
25.3860
29.7354
25.1087
26.3657
25.0729
27.5016
18.0979
23.5385
23.4577
20.1269
25.2598
27.2760
25.1700
18.8173
27.6537
29.2865
24.8534
23.7580
31.6063
26.6148
29.3156
27.0662
30.1812
20.9666
22.3097
31.0589
30.9574
19.5818
27.2713
21.1854
26.1731
21.0122
29.5404
25.7428
25.7331
17.3974
28.3091
27.3544
21.1221
24.7618
17.7271
24.1840
25.0860
20.9525
22.6466
29.5487
26.2067
19.6815
33.0426
21.0594
21.2558
30.0814
22.2908
21.9855
20.6088
24.8000
28.4266
19.5842
22.9975
27.8259
16.6069
17.0387
23.9446
23.4206
24.9764
29.6297
32.5771
29.0273
29.4707
20.1669
26.2989
24.3823
28.1111
21.8939
27.1774
18.8708
29.5730
30.4284
23.7230
26.9850
27.1197
21.6020
25.2507
26.1044
28.9100
28.7220
24.8244
19.7401
29.9641
31.8363
22.7969
23.8432
20.5650
22.7368
23.7654
20.1607
23.8169
21.0928
31.9547
21.0499
21.6293
22.8020
29.5483
22.2157
30.5559
21.0279
18.8146
23.1776
30.3978
15.8252
23.7921
31.9513
20.1308
19.1889
23.7953
32.2020
28.6403
23.2036
28.6480
21.7612
35.8031
22.9112
28.8731
19.3805
24.5993
17.5863
31.5272
29.9952
26.9814
23.5548
29.6564
21.8256
22.1322
22.1063
26.0105
26.6135
26.2153
23.1280
25.1325
23.4859
22.4643
21.1294
34.5825
23.7605
27.0617
24.0572
27.0074
30.7391
31.5624
31.9722
21.7539
23.1179
20.3736
21.9202
25.9000
28.1946
26.0385
31.2030
20.0334
23.7304
30.3672
22.4454
19.2833
30.0675
23.2659
20.2254
31.9352
19.0906
25.0359
28.3968
21.1952
22.1870
34.8325
28.8385
21.7666
30.8109
27.2862
17.9760
29.0054
20.9729
16.9349
23.6367
28.8321
24.4606
18.7707
32.6749
27.7935
16.2666
22.8128
23.6758
20.3222
17.3706
21.7856
27.8066
20.3785
25.5572
22.4969
23.5976
24.3059
30.6024
28.4441
24.8330
24.4006
23.5089
20.9823
22.8967
26.0959
38.4584
20.2366
30.7592
23.0016
28.7357
17.5909
21.5845
23.5556
26.6369
26.3073
21.4633
30.8452
25.6672
23.0708
24.6376
17.5135
17.4217
30.5194
22.7070
27.7790
21.5573
26.2934
27.7231
24.3825
23.1002
26.0382
28.1916
20.8709
20.8150
24.7222
36.7254
23.7564
29.1526
26.6930
24.6630
28.7598
27.5811
29.2295
17.6462
27.6712
23.4290
22.6868
23.7712
23.2719
22.1919
22.2544
24.3611
26.0431
26.8220
19.1306
31.1399
22.5157
30.1598
30.2433
26.1784
28.8504
29.0943
30.3415
26.9917
33.1893
25.2213
27.5094
25.3136
25.1017
32.7441
26.5779
23.3947
26.3050
26.7974
23.0420
21.2922
20.2322
18.5317
26.7672
23.9647
19.2168
22.4114
25.5666
29.2381
33.4367
34.4485
33.0121
29.0383
28.8849
24.6172
25.6625
26.7571
21.8763
27.4805
21.6466
20.8739
23.4447
26.1171
25.5321
29.7003
16.7865
28.9751
22.2326
20.1477
22.2125
23.9585
24.0410
27.0553
18.4724
25.1740
31.9525
28.0423
25.9947
26.6522
24.5342
32.1657
26.1318
29.4135
20.8032
24.9271
20.2175
26.6766
27.7629
22.4494
30.0699
24.3050
16.4251
30.0935
29.5027
28.4396
22.3057
19.1418
22.4315
34.6956
26.9794
19.1875
24.6252
31.4172
28.1003
28.0506
24.5035
23.9055
22.0933
23.6541
19.9059
20.8100
25.3447
29.3589
21.8781
17.3244
26.6851
24.4048
20.2532
22.9038
30.6759
35.0990
32.3322
22.2572
23.8660
25.3866
19.3205
18.6301
26.8548
27.4575
21.2443
29.2045
23.2829
26.7788
24.2278
26.0829
23.7805
25.7137
19.8114
24.6422
18.7580
27.4018
19.3709
24.1677
28.7940
23.6289
27.9069
20.0219
31.1092
29.3080
20.7818
26.8193
22.2817
23.0702
20.3898
31.0887
28.7703
30.0109
23.4964
18.0028
24.6179
24.6165
28.3083
27.9650
27.2346
29.1170
22.9372
25.7349
29.1445
24.6844
23.2496
28.7612
27.2481
25.0383
28.9480
24.9666
17.7590
23.1177
26.7872
21.4618
21.0448
24.3796
21.7636
27.2600
26.0320
25.3726
22.6816
24.5643
33.2036
31.6822
19.7655
27.4098
20.8543
17.5911
26.6042
25.6754
24.9292
30.2556
20.3866
26.3112
21.8311
20.7034
28.0556
27.9482
21.0669
24.6269
28.3087
18.5169
27.5535
17.8413
19.1304
28.3548
28.1800
21.0348
22.3688
27.0321
21.1846
24.5242
23.1476
19.5760
29.6731
28.0472
26.6716
22.1011
22.0716
20.9100
21.8777
26.4939
25.7172
27.0857
24.4069
29.5857
24.0498
30.4475
20.0172
21.2203
15.8330
25.7026
17.9600
27.2540
24.3670
26.6494
26.0978
26.6130
26.6997
25.2512
24.0664
24.9893
20.2258
20.0115
24.4273
27.4821
21.2661
29.2424
28.0785
18.7618
21.5583
16.4171
19.4801
30.5839
21.1329
29.9536
21.0406
19.5019
19.4283
26.8311
23.6132
21.2843
23.3071
28.0429
23.1615
18.9978
16.6279
22.4368
23.5061
27.5289
22.9714
25.5687
21.2496
27.9380
21.4510
24.6825
24.5544
28.2195
23.7312
22.6393
27.9966
22.7096
28.0368
27.9472
23.6447
30.8413
26.5170
23.5247
28.9246
23.4577
26.5916
22.8489
21.1384
22.4910
24.2608
16.7110
25.8572
21.0739
29.4822
18.6412
24.4625
24.4456
25.4343
29.1834
34.0789
20.1095
33.5497
24.4053
24.2604
26.1473
21.4824
27.0385
19.7308
22.0815
27.2950
32.7336
28.6997
25.2230
24.8700
31.7848
21.3524
29.0643
29.2066
22.8032
26.1767
20.7877
29.4748
29.6010
24.6535
29.5914
17.8584
20.1526
21.6477
26.6466
26.2233
29.8609
22.1599
20.3225
32.7855
21.3740
30.3892
29.7206
24.2869
23.5646
18.7603
22.9822
20.1030
32.6621
25.3683
32.4174
29.0252
26.8603
20.5507
27.6824
23.1778
25.6957
18.3501
21.4337
26.7056
25.0972
20.4864
20.5430
26.1659
18.7033
23.8716
18.4289
25.8230
21.7166
16.2628
25.2906
30.5848
29.7149
29.1086
20.7588
29.4989
29.7491
31.9520
25.0986
24.1640
25.9398
25.1659
23.0327
28.1349
19.3665
27.5656
20.2983
28.6016
31.5781
31.5593
26.9048
26.6193
18.6266
18.0505
28.0419
27.4972
28.3604
25.9709
21.4699
19.1899
23.7271
28.0453
18.7468
20.1898
27.0636
20.8168
21.9629
24.8740
21.6103
20.9446
21.2795
18.5593
18.3538
28.6890
23.1746
28.5913
28.3604
24.1223
24.6623
32.4272
22.1143
17.9446
26.8037
27.9807
31.5152
24.7230
25.4030
19.8971
24.7208
24.5917
24.2452
34.4486
27.8493
21.6299
21.4330
24.0662
26.3941
26.0285
23.8834
23.7708
14.3233
21.5294
19.3065
18.0223
24.1203
29.8716
24.4650
17.3355
27.8650
26.2307
20.2416
18.3835
27.9673
25.5538
25.4968
21.6598
24.1862
22.9454
26.9272
21.3092
25.3402
33.0863
31.4007
19.3361
21.0065
22.0443
26.8246
20.8296
32.4061
33.9536
31.3269
21.7271
22.0943
22.7523
21.3762
18.1355
20.0702
19.4769
19.4756
30.7119
23.3388
26.3427
20.3649
20.6786
18.1606
24.9469
21.6868
18.6293
23.0302
27.5457
21.4906
21.4356
23.6017
23.0509
24.3647
20.9771
30.1253
25.4049
26.7728
24.1170
30.6129
27.3709
22.4937
25.0983
27.8778
26.0775
28.6971
20.8666
26.5508
28.4079
24.5080
24.4493
27.3439
28.3874
26.4062
30.1516
22.7911
25.2671
17.1747
27.6900
19.5767
30.2207
18.2396
22.7688
19.8456
29.3499
27.0020
28.3466
24.1565
23.0210
25.5427
22.5745
24.5553
29.7067
21.3903
26.2856
23.3151
20.2079
17.9001
24.3348
26.1338
18.4350
25.0224
27.7895
21.0603
20.8624
29.3239
22.5616
26.8395
24.8198
18.5239
22.7655
29.8446
26.4208
19.0218
25.4141
24.4640
19.5533
34.6928
37.7753
30.6402
21.7233
23.3933
19.9214
28.3673
22.9540
24.4891
26.2250
21.0631
27.1827
24.7202
27.4143
24.9397
24.5803
21.3522
23.0415
23.6193
22.6225
18.6779
29.1463
33.2666
19.8587
18.6924
21.1066
22.3169
29.4627
30.0900
24.6838
21.7687
23.3349
25.7309
29.2498
25.6259
27.0863
26.5830
22.7108
20.0518
22.5390
30.5351
28.9658
25.8613
29.2686
27.7175
32.8701
29.5705
24.7423
26.9992
24.6761
21.9680
24.1571
22.9056
18.1910
21.3548
17.6694
32.1735
28.9267
27.6559
22.9670
23.0610
22.6616
21.7821
28.3163
24.2222
28.1966
22.8993
21.3735
31.6016
28.0225
23.8627
30.9577
28.0714
20.6358
17.0053
27.4180
28.4225
27.5410
30.9119
26.5749
16.7634
32.8940
20.9801
23.2081
25.3040
17.6426
31.8196
26.5785
23.9411
27.0933
18.6515
35.8572
23.3483
29.3332
16.7712
19.0462
21.0991
26.4920
29.7720
23.1336
25.3478
31.5918
23.9886
28.7835
20.3270
35.7804
28.8107
25.0893
14.6862
21.8553
29.1859
29.1081
18.3930
25.3450
29.5901
22.3464
17.6823
19.7619
20.0970
20.1131
26.1882
24.0795
32.0604
25.1579
20.9455
16.7738
26.1407
28.5336
27.6687
22.8712
26.4783
30.6556
25.6897
23.9529
29.4604
31.3228
16.7396
27.9658
28.9090
23.2552
33.6644
25.3246
24.0963
35.0261
30.9197
30.8086
16.2034
17.9002
20.6585
23.2577
23.4762
33.2401
23.2503
26.5112
24.2529
29.3830
24.6326
22.9454
26.0945
25.7222
21.5300
26.6549
21.0500
28.2007
17.9602
21.7847
22.4382
17.2812
28.3866
28.3027
22.3909
22.8446
20.1860
35.1898
23.0519
24.8653
27.6550
24.9198
30.9379
23.2413
27.2560
29.9312
15.5393
23.5423
23.7227
17.1775
21.9075
25.4214
16.2432
29.7127
28.8269
25.3247
20.5011
30.0579
27.9519
22.8778
25.6802
21.4915
21.8237
24.2332
21.0701
22.9875
23.5353
25.8154
22.3342
24.9438
25.4894
24.6073
23.9984
28.5872
25.1900
16.9251
27.7200
25.8548
20.8460
21.0020
26.7265
25.3712
21.7257
23.7193
25.2088
21.8857
23.8794
19.4841
32.1262
21.6026
34.1481
22.3214
29.4127
19.9546
25.0452
31.7841
25.4840
22.3747
18.0185
19.6716
25.6215
20.8491
25.1515
26.9789
25.2862
21.6349
27.0432
27.6786
27.6276
26.4335
20.4106
22.3361
25.1795
30.6052
22.4272
22.1115
24.4436
25.3138
21.3372
25.8326
30.4660
33.1648
19.1580
23.3661
20.4823
20.8279
32.9773
31.6243
20.1316
25.6985
26.7883
25.8465
31.3082
25.3296
21.4021
23.0857
26.2444
28.6506
25.8662
31.6312
21.5424
25.9847
30.3004
20.2343
26.0324
22.1015
18.7367
27.0049
19.7071
29.0768
22.8895
24.0289
26.9865
27.7767
24.2095
21.2745
24.6626
17.8188
22.4851
24.9371
23.5377
22.0745
26.5091
23.2339
19.0777
23.0299
27.3796
27.9169
23.9794
28.9018
26.1048
31.5724
31.9726
30.0689
27.6479
19.9176
29.4966
32.0481
24.5313
21.9176
31.1325
25.5170
25.7062
21.8848
21.3105
19.6500
32.8586
30.1103
26.3596
20.4770
16.5316
21.5984
29.8109
18.2683
30.7127
20.7933
31.4294
22.7325
32.3958
28.5719
32.4740
25.3271
20.3517
21.3061
21.2278
24.5051
18.8045
16.7211
28.8834
20.8786
30.5932
31.0328
25.8258
23.7379
22.7128
21.2095
21.4478
26.5142
27.1181
23.2868
29.6780
28.1905
25.9018
18.6853
20.4005
30.4913
28.2017
29.8967
23.2560
21.3561
23.5958
25.0099
24.5642
28.3529
18.3250
24.2441
29.7730
18.2848
25.8140
21.5604
21.8913
17.7522
23.0018
22.2619
19.8192
31.6838
31.8289
21.4492
32.1189
25.7810
23.2422
21.9929
23.1669
25.2438
21.3582
22.6533
20.9531
22.8578
25.2117
17.4689
22.6733
32.0532
27.1427
28.5534
23.7737
33.1026
18.9735
19.4390
30.8259
20.0732
22.4704
18.9457
26.2772
23.9434
32.4913
16.2797
30.1573
18.6090
27.3443
23.9342
23.8208
21.6144
24.5990
25.4601
23.2783
31.5469
35.8862
24.3418
20.5502
30.1145
22.3269
30.0548
26.4631
27.7563
22.2126
28.9503
24.0201
23.8655
21.6851
29.7252
29.5303
29.5125
30.9488
21.1548
22.0984
28.2589
31.1783
33.2369
25.8129
25.9257
24.4698
30.0632
25.4256
20.6101
25.5182
29.0796
19.8489
30.6822
29.0365
23.1921
22.7845
23.2252
22.7345
24.9113
25.8128
24.6283
25.4725
22.8806
20.3481
18.8710
21.9443
22.8649
21.7006
25.5876
26.3673
24.1392
24.5270
29.1009
25.7621
19.2903
20.0265
28.2345
28.5286
28.4018
18.9521
17.6008
20.9968
19.9114
28.6373
25.8022
27.5938
20.4756
18.5439
27.4454
24.2327
25.4331
23.7438
24.1942
25.6359
26.1492
32.5024
23.8680
32.6580
26.7495
20.7352
23.0781
21.0299
23.0280
31.0524
29.2155
24.5846
19.3257
30.7917
25.9569
20.6333
22.6625
31.9098
21.4578
23.2911
25.8287
23.1937
32.0262
26.7184
27.5467
30.7991
21.0360
18.0650
23.5902
25.6723
17.4943
24.7433
19.2454
18.5712
18.7214
25.7733
23.2718
20.3904
23.5254
20.3136
25.9021
29.4764
24.9621
24.0114
19.1131
24.9026
25.7698
21.7256
21.7124
22.7909
29.9881
20.8980
23.6473
26.9998
25.7619
19.4487
23.7134
23.4017
20.0978
20.8439
27.7199
28.1615
16.5893
29.4533
21.4112
19.4341
21.9592
28.7226
28.1712
27.4121
23.2525
32.1513
23.9992
25.9617
24.6773
33.9893
20.3325
20.5154
27.8279
27.4621
29.3630
32.6155
20.8795
25.8745
27.4338
19.0051
21.6289
26.4830
32.0913
22.4846
21.4263
19.2481
22.4182
24.2718
18.9531
26.9408
26.2321
24.4496
25.8194
20.1408
24.6260
30.4568
29.2361
30.5841
19.1460
23.2842
17.2525
25.0189
19.9960
27.6874
27.2767
25.6946
27.4424
16.9057
32.3835
25.4665
28.5777
30.4638
15.3837
30.7003
23.6616
20.1194
26.1864
23.4392
25.6081
23.1725
26.5872
31.9464
21.2868
22.0823
24.9199
27.9299
25.9491
27.8544
24.0667
24.9999
29.5546
23.4050
29.7002
23.4409
27.0108
31.7358
20.9535
25.8941
28.5418
22.1893
26.6879
28.5477
29.8700
28.9027
29.1942
23.5800
22.6812
26.7511
20.6504
28.6606
17.3928
24.1808
25.0986
33.4058
33.1462
22.0377
29.2882
26.2900
20.7961
18.6968
20.8440
22.7371
35.6079
22.8291
16.4625
19.8370
25.5830
28.2273
20.4474
21.5189
27.9799
25.8531
19.1725
21.9630
28.2249
27.6566
25.4076
24.0331
29.9557
19.3476
25.1775
28.7833
28.2096
25.3875
36.1387
32.0591
23.4427
18.2969
28.3133
24.7783
25.1393
20.2683
26.7695
27.4704
34.0442
22.4072
23.2912
29.0224
23.2364
21.3103
27.2365
25.3477
26.6337
22.8440
23.8868
27.2568
20.6559
24.2593
23.3145
23.2697
30.6520
32.7939
23.6640
21.7262
30.5519
19.3625
22.3664
24.7359
19.7699
31.4344
21.6330
25.8196
33.2326
23.7835
22.3824
24.5697
32.6401
27.2614
23.7566
17.6226
22.5778
25.0459
22.6846
35.7138
16.2572
27.3044
29.1465
23.4152
22.0118
26.6475
23.3862
23.4873
22.0323
25.9729
26.3038
21.7799
28.4361
29.9490
17.7741
34.8022
23.4592
32.5808
20.9283
20.9599
20.9063
27.5663
29.2690
29.3850
21.9617
23.1399
32.5709
29.8477
27.8370
27.7396
27.7949
28.5788
29.9820
28.1733
28.4742
21.0163
23.7177
31.6369
18.7626
28.0002
22.8710
31.8436
19.4856
20.5500
31.7978
28.4729
28.5983
26.3209
29.2709
30.0406
32.5461
27.0712
33.8909
23.6565
22.6400
21.7965
37.5794
24.9587
28.6785
30.5383
25.0518
20.6170
35.3482
33.1969
27.5388
19.8965
26.4487
21.8142
28.1289
28.7079
22.3684
22.0058
21.6860
21.7576
34.7365
29.4083
22.5184
26.9898
24.5409
18.9487
24.5521
21.5507
21.3089
22.3234
29.5963
24.6010
25.1218
22.1502
22.4818
27.0762
21.8377
24.2578
19.4738
20.9198
30.4399
19.4046
28.2562
15.5162
30.1278
27.9345
30.6408
25.6762
29.4885
30.0457
20.2454
20.7666
27.5183
31.1685
24.5581
30.6802
25.1671
26.0069
19.8966
24.4146
22.5481
25.2244
18.9045
25.8613
23.3057
26.6733
26.2087
26.8936
29.5867
29.1982
29.6711
25.9668
23.1602
26.0602
18.0608
17.6103
23.4091
30.4932
20.5864
21.4456
24.4933
21.5150
31.1723
29.7450
19.1091
23.4914
23.6132
28.2611
30.0148
23.5717
30.6799
21.3771
18.0777
25.9660
21.5555
17.9140
21.8234
25.3086
19.4745
19.9681
24.9681
19.3757
26.5643
29.9233
26.2388
31.1127
20.1699
31.9306
20.8589
20.2764
32.5204
20.6908
22.1195
23.0898
24.5342
27.7452
24.8282
21.4782
23.2373
31.2336
28.5945
25.7264
25.0950
23.8347
22.1084
24.7940
23.4192
24.1338
23.4691
23.1098
34.9185
21.2268
17.7383
28.7520
26.8579
16.8722
22.9952
17.9286
27.6200
21.3847
23.3105
30.8617
28.0949
24.7395
27.7213
25.1697
24.0642
24.9275
20.2625
19.7100
22.0626
32.4725
22.6139
19.7898
18.4550
20.5621
23.7811
16.1706
24.9420
24.0656
25.1994
20.0946
20.1208
31.3824
28.5417
27.2104
26.9570
21.9892
24.4738
25.1354
26.3380
20.7454
24.9132
23.8716
20.1735
25.5966
23.4872
29.3360
29.3955
26.0241
20.7666
19.0546
28.1287
27.1972
25.6121
19.6958
32.9892
29.8937
19.7294
17.3664
27.5850
21.5392
22.4429
29.2029
29.2679
19.1745
33.1360
24.7737
34.2923
24.5846
19.5631
19.3105
19.2792
18.3231
22.2798
23.8380
29.4853
26.8364
23.5074
21.9828
22.2856
26.9617
34.9144
33.8495
21.0851
22.5899
26.2506
28.3093
26.0300
24.9205
18.9652
19.1273
19.9904
30.9456
19.9229
23.1179
26.4399
27.9862
31.4266
19.9915
17.0468
22.5316
25.6484
27.0997
26.5713
32.3375
25.1064
24.5353
25.4766
21.6879
19.4473
27.3386
16.9001
21.7962
19.5060
29.0927
18.2058
29.2998
24.8544
28.7577
26.4838
26.4201
27.3954
36.1850
22.4017
21.8595
22.0273
22.9741
31.0541
25.9205
29.8907
23.3196
17.3453
18.8147
20.6894
28.4572
24.7182
19.4269
29.1285
21.6797
19.7092
17.4995
23.0531
23.6608
18.8778
25.6947
23.0150
25.4592
23.4285
25.8091
23.5100
25.2523
26.5640
27.1820
23.3831
23.6286
33.2183
23.1737
22.3000
29.5185
19.2483
17.7434
24.7182
30.4505
30.4122
22.3387
19.1977
21.4808
19.5838
23.5108
30.4780
17.1465
22.7366
26.9341
21.5771
17.1002
26.6277
18.6981
27.1361
26.0277
24.4637
18.2475
30.1501
24.2331
31.7627
20.8080
25.2091
20.7346
20.4103
25.8506
25.8223
24.0067
27.7426
17.3733
21.4981
20.1628
28.1086
32.4513
29.6615
25.7963
26.7806
27.7576
23.4784
24.6542
22.0055
17.7688
28.4518
22.6256
24.1839
26.6942
22.8747
32.0427
22.7224
31.1316
19.3269
18.8028
23.6395
26.2475
28.1455
29.4279
18.9349
20.4320
21.0813
21.0049
21.7104
24.0897
29.6691
19.7720
30.5990
22.6057
23.6073
25.9044
32.9624
19.6370
16.1833
25.8225
27.9097
24.7833
19.4236
29.3874
30.5154
19.3853
27.5312
34.8474
27.5094
15.9867
25.4007
16.5548
24.7813
21.8245
21.6116
27.5762
29.1535
24.6649
21.5556
23.2848
24.2168
27.8546
17.5989
21.2910
22.7785
27.8720
29.1535
25.7912
23.6670
25.8433
30.4009
19.4944
26.2966
29.9900
19.7944
21.3369
22.4388
24.4060
17.5054
21.8690
32.9714
24.3669
27.8731
16.0556
27.6103
22.5786
21.9266
19.3757
22.5722
35.2831
26.3986
27.4614
23.4501
22.7627
16.6610
29.8274
25.8313
21.4767
23.7373
23.6026
20.4833
30.8201
25.5870
24.3156
22.1942
21.3463
21.3041
26.8477
25.4823
29.6477
22.4337
27.3981
27.3871
17.4889
20.5203
25.6891
21.0561
22.3926
20.7268
27.0140
27.8531
26.6304
27.1008
31.5612
25.3661
28.9961
20.4999
27.3625
20.6771
21.6032
23.4602
21.2681
19.2736
23.4858
18.0629
28.4761
31.4785
21.5975
17.1751
31.7782
19.7810
25.2439
25.7903
21.1912
19.6403
23.2977
23.5581
21.7518
20.8453
20.4082
26.2774
30.9833
22.9908
22.8811
27.8136
21.4422
33.2564
19.5044
21.5148
22.7290
24.3303
27.4954
19.6827
22.5300
24.7675
20.6500
23.7228
25.4512
32.3181
34.5874
26.6982
20.4591
19.7630
17.4400
24.4978
30.9688
23.7311
25.4667
30.9561
29.3428
20.8323
22.2061
32.3425
24.0198
30.3230
22.7962
26.7372
28.4574
26.4617
26.3066
27.3183
27.4177
26.4229
24.2021
27.0584
30.8789
28.5612
23.8388
21.2295
31.4609
31.1294
18.2940
29.4646
22.5056
22.0473
19.5193
24.5708
19.8523
20.7939
23.4519
22.9147
24.3489
25.1646
19.5369
28.1725
20.8885
20.2187
20.8574
23.8570
20.4675
25.9317
20.2795
26.8960
19.0693
26.9370
28.9866
21.3573
21.5583
27.5345
19.1215
32.0948
25.6456
25.5942
18.9541
26.4019
17.3147
25.8133
32.6431
31.2764
29.3881
30.3801
35.5258
21.1159
32.8222
33.3635
18.2446
26.6833
16.6616
28.2987
20.6033
22.5402
17.5835
26.8719
22.4313
27.7724
21.6205
21.6657
18.7195
30.0754
19.0672
22.7012
26.4546
28.8060
24.4688
28.2022
24.1345
26.5353
26.0828
23.3972
17.7081
28.7695
23.9005
22.4473
27.6032
21.5137
18.1989
25.0160
28.2554
19.6815
27.7446
22.2299
28.1817
32.1079
27.6777
24.0815
25.2554
22.4154
23.6758
20.4825
21.4576
22.9392
24.1161
29.3945
28.4240
29.3422
31.2045
22.6041
15.6083
19.3060
25.2405
29.2137
21.7932
24.1063
23.6660
23.6730
24.3549
21.7163
24.4645
24.0696
26.0329
19.1801
23.6664
22.2625
20.6795
23.5359
25.8140
26.5974
27.9901
20.0730
15.8745
23.8387
22.9330
29.6607
25.7935
19.1136
23.6039
26.4253
24.2465
20.3924
19.0892
23.1396
28.3950
24.3727
29.2455
26.2042
20.1544
25.2335
15.8389
24.6327
17.8628
23.1264
17.5713
23.6196
20.7874
20.1513
27.1750
25.2738
22.3970
24.8019
22.6537
25.6775
26.3848
25.9334
30.8863
18.8601
25.5583
21.4397
25.9454
24.9681
26.5441
17.9976
15.5456
22.6066
29.0676
29.9058
23.0564
36.0252
34.5233
26.7867
28.3548
23.8855
27.5760
20.7342
25.2729
25.7915
22.5392
19.6546
27.1927
23.9123
23.9272
21.7058
25.8735
21.9589
26.1722
17.6462
20.9333
30.8975
22.4506
22.8896
26.5074
26.4934
26.8448
19.7918
28.4588
25.0561
29.7731
31.5632
25.0945
22.0698
22.1332
29.6861
25.1212
26.2320
26.7637
27.8607
29.2843
15.2050
21.2178
31.3074
31.0755
18.4785
17.4148
25.8211
20.3966
30.3891
26.9082
18.5590
26.2913
23.3423
21.8600
31.2853
33.4604
21.4366
31.6695
23.0224
27.8916
20.3795
20.7716
22.3296
24.5882
24.7061
23.4286
28.1791
22.7534
19.4152
19.2005
26.8837
19.5216
26.5637
26.5254
28.3842
21.1735
28.7037
26.7051
27.8336
30.5273
24.7497
16.7051
25.0437
23.3257
24.9965
28.1283
32.5730
16.8800
17.6175
26.6532
27.2117
21.7512
30.5984
18.7617
19.5368
29.3071
29.6507
18.5552
33.2099
26.2842
26.8497
18.9106
20.5730
19.7449
24.1650
24.6690
21.9571
28.0131
28.6390
23.0960
33.0422
19.7891
26.6957
27.8391
16.5171
23.9508
26.4786
25.0278
18.1896
20.0890
17.4033
22.0604
25.9948
25.2826
28.1209
29.2354
24.5153
29.0686
22.9756
26.1096
28.3384
19.5475
21.2478
26.8743
23.9989
16.7582
16.8692
23.9898
26.6703
24.0927
29.7864
17.0630
31.4762
23.7163
26.7711
18.2372
24.0267
19.9011
23.5861
22.6676
34.0565
24.5781
22.4850
21.1190
20.7355
25.4355
30.8733
17.1868
25.6809
25.4312
24.6759
22.9974
29.8588
26.1342
32.9976
28.7366
18.6342
21.6988
29.3890
23.7337
27.3982
20.4259
27.7250
28.4398
19.6746
25.1338
22.8386
26.4027
20.9533
31.1796
27.6954
26.4091
23.0320
24.8132
26.3824
28.4607
18.4081
24.5819
22.3387
21.0002
30.0542
24.3021
24.7701
28.2357
31.6669
34.2727
35.2581
33.1080
26.4810
21.9608
31.8490
27.9236
25.4450
27.9388
26.2324
30.0449
32.6090
22.2938
23.7925
26.3936
33.3825
31.6216
28.7704
28.4672
25.2908
20.7348
27.5533
20.8990
28.5559
22.4126
23.5301
20.3485
19.3141
26.4312
25.0181
24.4762
28.2149
28.6863
18.9435
26.8541
20.0807
23.6642
27.6392
23.9360
21.6148
23.8262
28.1473
24.9469
24.4396
21.1353
37.6899
29.8385
21.8018
23.2486
24.8638
26.4761
29.1262
28.0949
27.0314
26.5813
21.6743
24.0868
33.6455
22.7206
24.0731
33.2133
20.0581
31.8002
20.7290
23.8320
24.6630
20.6855
23.5623
19.6570
19.0874
22.5332
26.7100
25.9980
23.5661
27.1570
26.7998
28.6718
16.0440
19.0566
15.7523
22.2774
24.3209
27.8161
20.7068
26.0397
21.2038
23.8584
20.8166
21.9267
32.3109
25.8241
16.0413
20.2795
21.5881
24.5868
19.4103
22.4817
22.8268
25.2913
31.7287
19.8879
21.7915
27.2797
29.0782
22.2708
24.9990
24.8473
21.7525
24.2514
27.3359
22.6711
20.7218
24.4947
26.1703
22.7802
20.0515
30.0535
19.6963
26.4819
36.3222
18.3341
24.8684
28.7500
34.1013
27.2673
21.6838
22.2960
17.9985
24.3681
20.9648
24.7924
20.7247
19.5685
20.4501
26.2600
22.6809
20.9574
33.1379
24.2537
26.1249
29.7451
21.1918
26.7074
28.5370
21.4064
19.4596
24.1878
28.7333
21.9659
26.6764
27.6582
22.7827
22.4238
30.4112
15.8941
26.6117
26.7755
29.0830
28.9982
26.6393
26.5453
21.8372
22.8634
29.6942
34.1813
23.7611
19.2099
26.0963
35.2525
28.6447
24.4258
22.8832
26.1347
21.5792
25.1693
32.3450
19.7933
26.3340
28.2806
26.0705
26.8537
26.2175
20.7829
32.2945
25.5260
21.5785
23.2008
27.4132
20.8422
21.1747
24.0279
27.8345
19.3598
18.9674
19.0166
25.6864
24.7243
25.7406
21.7811
24.3128
32.3432
16.5271
30.0303
36.9706
25.0710
31.9427
15.7707
22.9532
17.9728
18.2144
24.3179
22.8972
21.4412
24.6981
29.6811
24.0357
23.4399
24.4647
20.8752
20.1760
25.8587
23.4964
15.5759
24.0256
20.8322
20.0148
22.3799
22.9989
18.9865
20.8731
28.6672
28.4886
20.3886
27.9646
28.3690
21.8845
19.5961
26.8839
31.9620
26.7302
23.4472
33.5200
29.9077
23.7280
20.6103
26.2655
29.1206
21.3329
25.9001
22.5853
27.7306
20.5287
24.0145
23.6918
20.9681
22.8865
36.5594
23.0109
21.2433
21.4314
23.2557
18.3443
23.6272
26.4425
17.3267
21.8504
22.9037
30.1410
27.0319
22.8141
21.3755
31.6709
22.4209
30.4641
19.8573
26.4874
22.8119
26.3368
34.7502
20.3493
29.4112
19.6453
34.0613
21.9488
26.8289
30.4881
26.1441
27.4177
25.2795
28.1750
19.3444
15.8124
27.2545
28.1131
25.2792
19.8617
21.2740
17.7092
24.3939
21.1582
24.0167
29.7668
27.5783
20.1260
24.4211
28.1261
23.7939
29.7289
26.6053
32.9027
32.5439
30.0904
28.7684
27.3342
18.9684
22.3705
21.1137
21.8905
22.1514
30.0053
25.3165
28.6817
25.9728
20.8564
30.5466
21.3142
21.4926
23.7144
19.3083
28.9320
20.9340
21.5683
20.4785
19.6433
23.4152
21.4917
30.8010
23.6312
17.9264
28.5336
21.4538
26.8878
20.8496
22.5413
23.7507
25.5978
23.6033
20.7926
26.3146
25.6072
29.3305
20.7090
23.9403
25.0626
25.3986
29.2607
25.1201
28.2261
27.7917
26.4508
19.0873
26.6492
21.9932
23.6054
29.8113
32.4082
23.9751
26.2951
21.2713
23.0690
23.0143
27.3339
19.5704
28.8000
30.8242
20.0785
23.8999
23.9609
18.6512
19.8551
25.9206
26.8576
22.3060
19.5061
24.5989
24.1184
28.6250
22.0643
24.8444
20.1878
31.5997
27.2490
20.9857
18.3215
23.1068
24.1669
22.6027
34.3888
20.5720
25.9676
19.2028
24.1183
22.0583
24.9296
34.0625
26.0460
24.2681
26.0310
20.6221
20.9700
25.3116
23.5971
24.8595
24.1249
23.5807
24.1421
25.7896
31.5704
20.1843
23.3837
19.9083
24.4501
23.4253
24.5031
26.9738
22.1207
31.1134
20.2484
23.5000
25.6851
23.6520
22.1210
32.4063
25.9174
27.0214
21.7593
23.3442
26.2321
33.8796
23.8739
23.6204
22.3064
21.4228
19.2903
25.5349
23.4010
20.1123
25.5348
26.1402
21.4657
32.0338
25.0047
25.8479
27.5948
26.2666
20.4690
29.8044
22.3256
24.8803
20.7744
26.1321
24.4264
25.0178
28.1385
22.7585
21.8359
22.3746
20.9500
28.6411
29.2293
18.3066
22.9012
23.4400
18.9721
19.3361
31.7518
31.2525
25.5663
19.3430
16.0612
26.5939
23.6138
20.8732
26.6378
25.8007
18.3786
29.3851
29.9736
27.1037
21.8093
26.4812
27.0996
28.2956
21.3089
21.3702
31.2361
37.2388
19.5046
18.3006
23.7819
36.3716
28.2608
21.7561
32.1863
23.0778
17.8137
21.1967
29.7875
25.3701
26.4631
21.8452
24.3993
27.1479
17.4970
24.1411
26.8805
21.3715
23.8267
18.1491
20.2881
15.6869
16.3491
30.8748
29.8904
34.1370
30.0818
30.7105
30.2956
29.6834
27.3915
25.3747
21.5780
23.6215
29.1925
23.9151
33.9915
30.5907
24.6680
37.4468
25.6167
21.1658
23.9581
23.5112
23.3304
21.0508
22.3762
21.7586
24.9324
20.0453
19.6137
22.8325
26.9589
24.9235
19.9287
29.9998
26.7201
32.0806
26.9742
34.1038
25.5379
22.2141
26.9621
31.9917
21.1798
27.2321
24.2700
26.3901
25.8403
20.0240
33.0590
28.0645
25.6774
19.3372
22.9605
18.8040
21.8369
27.7040
29.5004
26.6838
25.4436
25.4490
25.3427
24.4941
25.5585
16.1592
27.5762
26.1741
22.3301
23.6847
28.8954
27.0974
22.4902
22.3215
26.0863
30.0258
22.7990
26.9772
22.8798
27.9648
23.1149
30.3240
18.2516
20.4487
29.1400
24.4837
28.9675
26.1406
27.7588
23.8151
18.3421
26.8932
26.9274
30.4121
22.8911
24.0984
25.7778
22.4877
31.5113
24.1825
25.9398
21.3262
18.4792
24.7760
32.7795
22.0566
19.9678
27.3768
31.0946
21.2460
21.4633
28.7429
31.8096
25.2137
23.1097
25.6648
19.5578
22.3761
18.1920
23.9949
31.6147
25.9553
28.7678
20.5477
31.1587
27.8631
18.1373
23.1065
17.6159
26.2789
29.9154
19.6821
28.2219
17.2513
24.5605
20.6154
22.6468
22.2582
19.2366
26.7329
31.0123
26.8565
23.7944
27.2211
21.2493
19.1310
26.7815
27.3613
18.6685
34.4745
26.0759
20.2749
21.8690
23.3345
28.9506
18.7467
20.3561
28.0654
28.3627
24.6225
23.3976
17.6655
26.9804
27.1314
30.4271
22.8397
26.7438
26.2957
31.0136
29.6180
24.1695
29.2333
23.1385
19.6100
25.8727
23.2363
25.5535
30.1083
32.7115
25.4143
27.1162
27.1365
28.7966
28.4965
22.5453
28.3452
20.5989
24.7281
22.1872
26.1701
19.8982
19.9733
21.2464
38.3806
29.8441
30.4244
21.2586
27.9780
17.2983
24.5371
33.5668
28.2418
31.7906
20.6840
17.9507
21.0816
18.9206
20.5667
28.2984
30.5048
17.8801
25.3650
31.1028
27.2420
26.6560
22.2226
26.2417
27.0963
29.4182
19.8224
26.7549
25.8272
16.2068
24.9040
19.6772
24.0626
28.4222
23.5377
24.2354
32.2398
28.2415
24.5675
18.2168
29.2280
21.6026
16.6347
29.3994
18.7369
25.0630
22.6500
20.2646
21.0941
24.9490
24.5813
25.8965
26.5997
25.1319
28.1829
21.6754
18.6634
22.5864
22.5371
23.3040
33.0027
22.7632
31.3306
25.3858
22.9918
22.0856
24.9684
31.7970
29.2992
21.3950
31.5377
19.9738
27.1548
22.9082
26.4936
29.2217
28.2072
21.3634
29.1514
27.4007
29.6059
26.2766
23.7057
22.6572
18.0229
20.5062
29.1585
18.1117
26.4005
17.2502
27.6942
17.4662
23.3946
26.8044
18.1612
22.8340
23.3591
21.8865
15.0875
29.5671
28.2598
25.7357
27.3850
18.4511
24.8083
29.9692
26.5688
27.8916
30.7731
19.3200
25.8960
26.8276
27.3632
25.2619
20.9694
31.2371
30.2522
24.7983
22.8754
19.1515
31.5265
25.6972
34.3900
19.8693
22.9802
30.6886
23.8590
29.6143
19.2428
17.8367
26.6012
20.8795
26.8765
19.6361
30.7690
29.8051
19.3228
23.8478
27.0870
26.5762
27.0356
34.2357
16.6826
33.0699
25.6863
29.1817
22.8177
27.3134
26.6630
28.6513
20.0339
29.7873
22.8697
30.3955
31.3580
23.4109
26.8756
21.5844
33.1956
23.1330
21.1693
22.6237
27.0934
22.3401
25.9015
26.7705
27.4751
27.2650
30.2677
26.1626
25.1335
23.4574
22.0221
26.5665
31.3293
31.8983
30.8911
22.4048
24.9085
28.6925
22.2737
26.9533
28.7455
20.1351
28.6592
23.4372
28.1918
28.3318
27.3197
25.0052
26.2388
33.1557
20.7817
28.1119
27.5377
25.9258
18.2935
16.1367
25.2721
14.7376
26.3827
17.3049
22.9108
24.5599
25.3226
29.9001
26.5001
29.1720
23.4744
18.6787
29.0805
29.8495
27.4087
22.8713
29.9773
21.9600
19.8070
29.8174
28.6632
31.9690
21.1708
19.9928
20.3686
20.3447
26.4912
23.3293
24.3879
16.3811
29.0897
27.3819
26.8257
17.8931
19.7904
19.6432
26.6809
26.2435
20.9903
26.1332
18.0760
30.7042
27.3901
27.4396
29.5145
22.3220
30.2786
18.5502
29.9644
25.8779
26.4112
32.8118
16.7943
22.4616
31.4567
23.8987
26.7193
23.0105
27.2253
22.9354
24.8345
19.1823
20.7879
20.6884
32.1864
22.5689
21.2883
20.6151
34.2739
28.7390
23.1079
24.0018
20.6390
17.1801
24.4052
23.1392
22.6356
22.7440
33.3679
22.6327
22.7133
25.8347
23.8289
27.2012
16.0426
27.5856
23.0075
26.0213
26.6754
26.6870
29.6342
22.7488
24.1582
31.7759
30.6481
24.5344
27.1115
16.6116
29.0026
17.7361
29.2609
22.3703
33.4996
23.6188
30.2892
23.1726
23.5846
24.3199
27.7481
30.1044
19.3779
25.0615
30.2370
22.3274
19.8729
26.4564
21.0067
17.2407
22.8115
35.7498
16.5888
31.7474
24.4227
28.0666
21.3451
23.4659
20.8445
19.8618
31.0293
24.7314
20.4809
26.6495
21.5231
30.7510
21.8445
29.8667
27.3486
25.4348
25.7840
32.4153
31.6837
26.2871
25.0061
18.1774
25.9456
19.3197
34.7028
23.8657
30.8032
32.8242
23.0493
28.3298
16.5378
23.1735
26.5682
21.3851
30.1714
31.4023
22.8549
20.6583
22.2739
26.0985
20.0492
17.9906
27.8559
16.2891
25.9523
25.1493
23.1116
19.9762
25.1830
25.6594
27.0639
28.2426
19.9383
28.5576
27.6820
19.5478
21.7813
20.1697
23.2078
27.5719
21.1933
22.5577
24.4563
24.1538
20.6608
19.4262
24.6535
22.4957
21.9147
26.5453
26.5645
21.9533
27.1163
29.4755
20.3416
24.6826
24.1064
20.0140
23.7361
23.4836
25.2434
22.8483
29.4809
20.3220
26.9067
32.8902
21.2481
29.0389
19.5059
31.2872
24.1043
28.1666
31.9545
26.0981
25.6277
36.3287
20.4721
24.7141
24.7342
30.0410
25.4584
20.3070
28.8097
30.3665
21.3896
20.8873
25.5848
25.6385
21.4545
20.2346
25.1123
24.7880
18.5913
30.2874
24.8763
24.6547
19.0083
24.5049
20.6038
22.7912
22.8857
27.0374
29.2472
18.7374
25.0744
19.3607
22.8074
23.0301
32.4538
20.6394
23.5032
22.4964
24.2729
24.4465
24.9914
25.8619
24.3613
31.9187
17.9304
17.7495
26.3402
25.4590
20.1566
29.7896
22.3597
26.3793
19.9296
30.4787
25.7518
23.0090
19.7889
23.7881
22.0432
27.7536
31.2270
30.0048
20.5042
24.0337
29.2102
25.5098
18.5356
35.9528
28.9473
23.2446
20.4487
34.8065
24.3141
24.2151
27.7669
24.9632
24.3486
20.2511
28.3541
26.8419
18.0247
27.9812
20.6179
33.4061
26.7809
29.6793
24.8879
29.0494
27.8474
25.7965
28.3350
26.1103
32.6353
21.9421
19.7972
30.4039
26.2279
26.1801
27.5053
18.8223
23.0955
23.6873
25.6718
21.8813
21.0145
28.3451
19.6020
24.2177
19.6836
21.0063
28.1827
16.7641
28.7533
27.5498
25.9234
21.6464
29.1565
22.1340
22.8968
30.1475
31.2891
21.8390
27.9278
19.4808
30.3325
23.5973
21.7706
25.8425
22.6592
20.8516
30.4155
23.0135
22.4922
25.1337
25.0744
27.9791
21.5118
21.2719
25.7729
21.6219
32.1808
28.5812
21.9928
20.1706
26.9553
26.2764
22.8009
16.8750
20.6308
20.6528
27.0501
20.2594
25.8569
17.6304
20.6121
19.4293
23.2873
29.2308
25.5371
24.5072
28.2754
19.6284
18.2209
20.6722
23.2155
27.1324
22.3309
22.9678
26.3284
27.2387
21.7207
25.0677
22.4963
24.6907
21.3234
20.2208
24.8620
18.4674
28.0310
22.1581
30.0025
25.2565
21.8731
20.7288
22.8554
33.1381
33.0075
30.8086
22.1960
21.7460
18.9656
28.9651
20.3135
28.0653
26.1046
24.9177
20.0900
23.3773
18.9688
25.8650
22.4533
31.3744
23.2961
26.3988
29.2205
28.2470
30.9906
30.4298
25.2446
34.6092
29.3417
27.0642
17.8324
27.1826
26.8154
25.9963
26.0214
25.9324
27.4151
34.7533
30.2289
18.6680
20.8889
25.7804
26.7514
27.3657
19.9375
19.2265
20.7278
29.4305
27.8055
22.3648
23.6495
30.9905
25.6919
23.2076
24.7802
25.7295
16.0440
20.9475
25.0339
21.4506
24.8975
21.9011
22.4300
26.4520
20.8098
19.7880
27.3180
22.5786
23.5660
23.9380
33.4264
26.6199
19.6541
28.8561
22.0291
29.9813
29.4772
33.4458
30.6586
26.3601
25.6291
22.8283
26.0412
24.1721
20.2783
28.4104
23.6445
23.2287
24.5698
26.0980
24.0189
23.1587
21.9149
30.3467
19.4236
22.2308
15.9563
25.5535
25.5918
28.2149
19.3576
19.3204
22.9124
21.5131
24.8571
20.0245
16.3548
17.9673
22.7070
29.8613
26.9993
22.2838
22.7283
24.6399
27.4858
27.9845
17.2443
33.2799
29.4712
24.9004
23.5954
22.2897
18.1644
33.4456
19.5601
24.8556
27.6345
22.8073
30.5177
24.5599
19.6151
24.0453
21.9898
20.1549
28.1810
31.2092
31.7975
21.4277
23.1672
24.8788
24.4163
20.6139
19.7091
32.0040
27.2994
22.3980
28.5725
28.6262
21.7887
29.9958
25.1000
27.4217
21.9522
19.3957
24.1373
22.6266
28.8795
25.7141
25.9203
23.0530
24.2725
23.3469
25.2938
25.9582
17.9702
24.6864
17.7477
26.4367
26.0910
24.6982
28.6934
23.6115
22.7295
24.4869
24.7804
24.9578
24.5432
21.7543
28.6370
22.7166
18.3202
30.8639
26.0858
26.7525
24.0130
19.5621
27.3228
26.3150
20.7104
23.4557
27.6680
19.5862
24.5477
33.5194
30.8700
32.7543
20.4508
23.7451
28.2107
28.7737
17.7508
26.2971
29.5125
24.2601
28.4075
24.9993
25.0127
21.2468
29.8252
23.9103
30.2026
23.8817
21.3151
33.9203
27.5424
25.6490
25.5968
26.6656
17.2225
22.1221
20.6598
29.2025
30.8426
18.3251
27.6621
18.0277
24.7648
22.7384
27.2855
26.8731
15.7501
21.0770
29.0251
20.8827
32.0420
24.8624
23.9917
23.7239
21.5245
28.7713
24.2721
28.5077
24.8561
31.5251
23.2143
24.2449
24.4230
19.4478
25.3386
27.5428
22.3627
19.9973
28.6006
22.0751
32.5811
22.2768
19.0667
23.3500
35.6912
19.2897
32.5821
15.3496
17.8398
19.1515
23.9526
26.9749
16.0963
29.9814
25.9426
16.9634
24.6834
21.2764
25.6367
27.3454
24.7146
27.1755
15.9897
22.9950
24.1391
35.7967
21.3719
18.9780
28.6247
22.7394
23.1953
26.6219
22.7538
20.1373
21.9807
24.6364
23.1600
20.3836
24.7503
21.7351
23.8892
33.1884
24.6682
25.5306
20.3689
22.4615
18.1723
22.6432
19.0778
19.3721
22.9183
26.6521
22.2184
21.6986
21.5966
25.1125
20.5433
22.6135
21.5459
28.7642
25.9724
22.6532
28.2801
29.8364
25.8377
24.2650
17.8305
23.0823
32.9929
27.2043
31.5271
20.1540
31.2508
20.8041
25.4689
24.5996
21.0738
29.8609
33.2351
24.9696
22.4695
21.9209
24.1151
17.9242
21.4710
23.9023
28.5849
26.7923
26.6118
32.1107
25.6458
27.2806
18.2647
24.5401
24.8434
28.0012
22.7276
34.8450
28.7994
25.4401
22.9711
21.2002
22.0023
23.9388
34.4468
27.5008
20.9551
19.9004
17.9369
28.3358
18.9431
22.6336
26.2372
34.1370
24.2958
20.7902
29.6480
25.1285
28.3085
24.1284
20.4088
25.9574
20.0776
22.7333
26.8060
24.0670
26.5217
22.5277
28.7099
27.8260
16.1306
24.0400
24.4990
22.4235
32.2688
26.7808
26.0321
25.0689
21.3916
21.5902
22.7031
23.1353
30.1458
25.3441
30.7979
20.7854
21.8557
29.7364
29.6998
22.8782
31.9043
24.9608
21.6346
25.5526
27.9387
21.6906
22.2796
20.6199
36.0160
26.5760
28.5478
28.1002
26.7351
27.9584
26.8793
28.1832
30.9116
17.4272
24.7388
30.6300
20.9286
19.9217
20.3129
29.5820
19.5415
28.7097
19.0033
27.4427
27.7907
30.0103
28.7245
32.8456
18.5072
26.9097
27.5247
26.6586
19.7390
28.0343
29.0179
26.4664
21.0425
25.4830
25.3720
28.9431
31.7736
24.7171
21.9059
19.4824
25.7896
28.7974
27.4849
22.9999
30.0774
23.1997
19.4252
23.5588
23.8865
21.9231
19.9229
20.2725
27.0911
22.6834
31.9875
20.5671
29.7571
17.0739
31.5064
24.7209
19.9953
27.7399
20.6231
25.4636
24.9232
27.7585
30.4508
21.4679
22.3673
22.1739
20.5546
31.8288
24.4859
24.7872
29.1749
24.9628
19.3403
17.0658
25.7294
21.0346
29.8676
24.1695
35.2249
22.9376
26.3387
27.0231
19.5008
28.0096
24.0126
21.8631
21.7799
22.8856
23.6753
28.3490
23.6137
22.7202
35.6833
30.7205
30.2151
27.3094
18.8070
24.5618
24.3073
20.7377
26.1695
31.9392
19.8907
26.0687
30.6059
31.7602
28.8183
22.7627
24.1316
33.3518
18.2298
27.2388
25.9239
18.7924
29.6493
23.3307
22.5084
21.4250
16.5669
21.8764
29.5427
21.8582
25.4285
22.3660
21.2354
29.6442
34.0760
18.8674
22.8924
22.8755
21.2597
25.6152
25.2337
29.1766
26.1867
20.3196
22.5332
25.7999
22.7995
28.4434
28.1134
25.4895
20.4269
22.1634
22.5741
30.0981
24.3623
25.5997
28.7938
22.7920
20.8685
31.0703
29.4901
27.1028
20.2370
31.6564
24.1067
28.2747
36.6272
21.2045
24.3399
29.2310
30.8659
21.6309
25.4307
23.9704
24.9264
26.2970
28.7693
25.2875
25.8624
19.7369
21.6903
18.5912
27.6823
27.4237
27.2668
22.6400
27.3445
21.2662
20.9384
30.6791
18.7673
27.6426
24.1539
21.0931
25.9656
26.1193
21.2702
27.8354
32.2272
16.5806
34.2882
28.4528
16.9598
27.0251
17.9008
23.1547
24.5178
25.5522
18.3238
23.2491
24.7761
24.9208
27.4989
26.7979
33.1829
21.8735
26.9309
28.6798
26.9001
32.1479
18.1049
20.4497
24.1499
32.0736
28.1431
22.1793
19.0198
25.8258
26.7996
26.7277
26.0160
29.1498
19.8129
25.9202
25.8836
24.7670
21.6763
26.4349
25.6613
24.1444
29.2117
23.0498
25.3847
23.8329
23.0675
22.2614
22.9934
26.6661
24.9568
27.6480
28.9972
22.3377
23.5977
22.7830
23.8867
24.6930
27.4966
25.2146
23.5723
24.1296
24.4551
23.2115
19.7330
32.6638
20.7212
22.9672
27.6618
20.0509
24.4513
21.3223
20.5681
19.0488
28.1394
21.6890
18.3854
24.3916
23.4877
21.3109
22.4990
20.6096
25.2021
23.3641
23.3245
30.2900
17.8797
30.2619
19.6992
29.7860
29.9186
21.2090
20.7281
23.0614
17.5968
30.0358
20.1990
18.1588
24.0564
20.0338
21.8016
26.9668
22.5495
18.3727
33.7946
34.2686
26.5865
23.9200
17.9996
26.7232
18.3262
24.9261
29.3394
19.2779
19.0202
18.3415
21.3013
28.8145
26.8231
18.5502
22.6018
30.5283
23.4635
20.6633
23.1040
22.7525
32.6121
25.5644
34.1766
31.4151
24.6049
20.0552
29.8790
28.8325
25.9838
18.7907
26.2063
21.0539
23.1429
27.4433
26.5400
25.6688
24.7755
34.4947
22.4942
22.3406
19.1200
22.5128
28.4121
26.7377
27.8305
24.2251
33.7385
20.5958
23.3387
26.2974
24.3146
21.1037
25.1982
29.6288
28.9907
26.7063
20.4991
25.2058
30.3843
26.1527
26.1296
20.1365
25.6293
31.1389
21.3485
24.4712
21.4516
23.9509
22.2193
21.3163
21.1159
23.7040
32.8685
31.6263
18.7033
30.0807
20.3577
21.7670
27.9815
20.3056
20.2367
22.4397
30.4390
26.9687
26.0872
24.1362
29.2045
25.2802
29.5799
25.3043
26.5951
24.0418
27.9201
29.7278
31.8183
24.4914
31.8716
29.2768
23.6155
16.2455
24.4201
26.0486
23.5681
22.8941
17.9652
19.1980
17.4025
19.1223
28.3715
17.4001
21.1158
26.4507
20.3574
31.5950
26.0527
29.3751
26.9641
21.1690
23.2908
26.7974
23.0774
32.7983
16.8191
21.3403
33.3720
29.0944
25.8617
20.8218
29.7851
17.0727
30.3119
21.8753
23.4944
25.4694
26.1817
29.1146
18.5048
25.5069
20.4220
19.4319
24.4136
25.7162
27.5892
32.0808
26.7139
25.2081
21.0362
21.7133
22.1642
26.5764
33.0055
22.7978
21.0372
19.6344
26.4961
23.7268
18.5996
30.0054
19.0501
24.7983
30.6677
16.4853
22.8831
18.1977
24.0199
29.5334
22.0450
21.9303
32.4021
18.0395
24.1146
29.7937
25.9012
21.7188
20.5630
25.3102
23.7014
27.5400
27.0452
28.5909
31.3383
21.9541
29.0019
26.1406
20.1465
24.4320
20.2799
19.0159
20.5779
27.6111
29.4587
33.4460
17.7482
30.4600
23.3735
33.2031
25.3367
21.9106
29.2048
25.0272
20.8090
18.3681
30.9834
20.4713
22.7442
24.1893
31.3753
22.0165
20.0866
24.9134
26.4874
20.7188
24.7363
23.7248
23.1042
23.9501
28.1509
26.2220
30.3244
28.8991
31.1929
17.1662
21.0402
19.5174
31.3658
27.0204
20.8097
21.6559
24.2340
19.6962
25.0865
23.4507
22.9044
31.2625
28.1524
20.7911
29.4101
28.4547
18.2076
24.0588
31.7189
29.5065
23.3312
19.7428
27.1475
26.1775
23.4440
19.1129
22.5514
20.0410
24.8219
23.1972
31.3859
28.2420
29.8427
28.7600
23.4494
24.0915
16.7228
29.9912
24.8989
31.2262
24.6862
25.2338
25.4296
24.0870
26.8176
31.5361
27.1136
30.9907
22.1808
25.2288
20.2438
25.8148
33.3543
31.3028
28.0640
25.6439
28.8024
29.8202
30.1689
24.0542
19.3518
29.9451
19.9860
27.9957
24.2745
23.2768
23.1248
32.9751
18.7412
23.1980
21.6925
28.6634
22.7531
23.0384
20.5620
25.1766
27.4229
26.7552
24.0814
20.7343
25.1838
18.9088
32.1937
19.9600
25.6157
23.3729
32.0676
27.9297
20.3791
30.4964
34.3410
23.0628
28.2389
33.4416
22.9801
20.3169
30.6516
35.0414
24.3153
20.8460
24.2203
25.5872
30.9332
25.3915
25.7030
27.1457
25.7689
24.7089
23.4298
21.9080
21.6757
26.0100
22.4552
18.6873
27.4316
26.9757
20.7365
25.5230
22.0574
25.6340
26.8340
23.6216
21.4195
22.3536
24.6304
30.9165
20.0273
25.2750
24.9695
22.9644
26.1630
17.1951
19.6825
31.4325
22.4539
30.8354
25.3609
29.9578
21.6301
28.0664
20.0187
22.4056
20.9892
20.7078
19.9264
15.5137
16.9376
22.5521
26.6774
25.8003
26.3943
22.7021
25.1971
21.5417
29.6825
26.0626
28.4736
32.8345
27.6653
20.4759
25.5407
20.4768
17.9351
28.8359
25.1384
32.3588
29.6076
18.3941
21.5264
17.8408
22.1147
29.9880
24.9209
24.4887
23.3003
25.5747
19.6937
23.0811
30.6027
22.0029
26.3043
25.7284
27.1334
18.1823
23.4625
19.2862
20.3441
19.1635
25.2176
27.9758
26.0464
18.6843
20.5615
23.8186
27.4413
30.7683
25.7879
25.2953
21.8258
24.3715
23.2688
28.2227
19.2975
28.6477
24.9281
20.6394
18.0320
23.4213
20.2203
27.7307
22.1075
27.1180
22.5650
24.1502
31.7561
27.8870
25.8817
24.6185
24.0499
22.9778
28.7035
22.2545
25.3630
33.9294
30.7177
28.1897
19.8807
29.4451
29.0160
17.4927
26.6491
30.8119
23.4969
28.0058
19.8080
25.7597
20.0712
29.1812
32.0964
23.5288
25.7861
28.5213
20.9960
19.2795
23.1872
20.6262
22.5851
23.5287
22.1841
28.4433
31.6903
33.2083
24.4168
20.6418
18.3166
21.2063
27.4580
24.1737
28.8926
22.5698
23.3721
25.6739
21.3121
24.7733
27.5663
31.3804
29.3173
20.4099
23.8021
27.5940
19.0875
30.8884
33.3783
26.4522
31.6501
33.8984
22.2179
23.0820
24.2429
21.0269
19.3880
20.9404
25.0799
26.5041
23.1701
16.8520
24.5810
20.9845
23.1868
30.7043
30.4967
27.1074
26.8050
22.6277
37.4606
19.5111
28.2738
25.1225
22.9458
26.9545
23.2032
27.5195
27.4806
25.6382
22.0735
26.4424
30.2501
25.1933
21.8280
17.7305
21.5941
23.1641
25.6059
26.1769
24.6908
19.2863
26.6040
25.7844
24.6511
22.3987
33.5182
27.0621
16.5772
32.0488
29.1938
19.7968
27.5241
21.9218
27.1330
34.1391
26.6258
24.7522
22.1428
23.8245
28.2507
24.5081
26.9089
23.3586
19.3476
19.3691
25.0474
23.4450
28.3724
23.9767
18.6632
26.6204
28.7423
31.9527
21.2598
22.7443
31.4593
29.3746
26.9076
31.1947
27.7649
22.0578
32.4813
28.7392
22.5683
21.4171
20.8745
20.8934
25.4918
28.0761
26.6978
32.0764
24.2738
26.0280
29.5340
18.7675
26.7389
18.8452
27.7477
22.5373
26.3876
23.7085
27.7331
33.4679
19.3712
24.3422
20.5396
28.5668
20.0751
19.6657
29.9281
17.3424
16.4229
23.1698
24.8534
27.4185
21.3027
32.7783
22.6330
20.2543
27.4255
30.7839
26.9342
25.5490
24.8998
20.6078
25.0380
23.0742
26.6367
17.6282
30.5757
21.2526
26.4097
23.1832
31.8239
22.2225
25.1166
27.1022
27.8814
22.9285
27.4300
17.4366
26.1004
30.4059
21.4207
29.3755
25.4488
19.9829
21.0437
25.8805
29.0151
21.5548
28.1241
21.0838
23.9316
30.9344
18.7473
18.2572
29.2230
26.9692
19.5639
27.6650
30.7992
27.7622
25.2304
21.8033
24.0999
30.9615
24.6188
32.7050
28.0448
24.5004
22.8314
21.1671
21.2096
25.0208
21.4869
20.4840
19.6414
24.7062
27.2453
21.3427
28.4932
32.7820
26.3805
23.9784
29.8345
24.2477
20.0091
22.1111
32.1162
29.8977
25.4213
22.1237
20.6001
23.0812
27.8978
30.0533
24.6944
23.3532
25.1803
19.9777
31.7733
25.3409
18.2533
22.2153
22.7196
29.9034
27.5594
17.8224
34.2108
29.9832
30.2615
32.2356
25.4620
19.5503
19.7211
22.8157
29.8800
22.0957
27.3708
25.5156
20.2875
24.8172
24.6685
22.8832
22.9706
28.3047
28.2520
21.1191
30.9370
17.7830
21.4957
29.7251
24.2123
31.1281
21.4500
32.2316
31.4943
16.5182
19.3255
21.8388
23.5735
22.6590
25.3327
25.7159
20.8766
30.1372
25.8723
21.3382
24.6623
20.2976
20.4346
21.5440
24.5230
33.0842
27.4824
23.2371
21.8935
28.3134
19.6341
23.9925
24.0205
18.4141
29.2458
24.5228
25.6343
22.3987
19.3639
23.8023
28.6618
29.7829
19.9155
19.1939
32.3032
25.9491
18.1621
25.2782
32.8646
27.9428
27.8725
27.1030
27.3507
16.7147
31.0612
25.9394
21.9535
21.9842
29.9412
26.1426
29.9124
25.3783
24.7229
28.3243
27.8721
22.2249
27.4012
33.0015
21.7902
21.6373
25.3714
21.0913
19.8035
31.7353
27.3493
32.1104
35.6724
26.9322
23.7240
26.7215
19.0738
28.7043
20.4514
26.9510
30.6804
24.8753
18.6039
25.8830
27.8747
26.3007
29.3892
21.6588
28.6189
29.5784
18.1946
22.8404
18.3887
25.4347
29.3394
30.8950
17.4145
27.6334
35.8219
23.6706
21.1690
23.6602
24.5235
27.7156
25.5608
22.9157
22.6133
24.3334
23.1014
25.6041
23.4184
27.4408
22.0912
23.5535
34.9831
30.8485
23.1784
31.9136
23.3233
18.4032
28.2157
32.4728
28.7901
23.3055
28.0184
20.8680
30.8745
21.9128
22.3564
26.8772
23.2055
26.0887
29.7389
28.0342
25.5805
17.6828
33.5876
27.4216
19.2648
28.2219
28.1490
20.6019
27.7676
28.8668
27.6035
22.7793
25.4926
26.3359
28.3764
18.2382
23.4856
23.5222
25.9205
28.1738
16.2677
23.9768
28.8738
25.6744
22.4012
22.6976
24.0113
24.7759
24.5501
25.9408
25.9307
21.7891
26.9645
22.6510
23.1658
22.1851
27.0649
29.8780
33.6167
26.5870
18.7501
32.8563
22.0374
17.5084
17.8024
28.2882
27.3427
27.8682
29.8480
29.7558
21.7436
25.6312
29.5835
18.8644
22.7828
27.2427
27.8077
20.4109
23.5157
19.5704
24.0619
26.0218
19.9815
24.5473
20.4919
29.3620
16.2555
22.4231
20.5614
30.4047
29.7923
28.7092
25.6266
23.1554
23.9475
26.9454
18.0443
25.0513
18.9097
31.6540
25.7821
16.0176
22.3073
25.3742
20.0569
23.0951
27.4385
18.8173
28.8283
23.0843
29.2616
27.3775
23.2377
29.1969
20.0235
20.8114
34.3084
19.8118
19.9283
29.9165
26.8775
19.9390
23.4112
32.9972
26.1073
29.9061
27.6875
24.1444
28.0374
22.7611
24.8934
23.5424
20.5192
32.3582
25.1281
21.0822
25.4878
20.5829
23.7227
22.6512
28.1729
25.2945
25.3961
27.8354
27.1229
20.5288
29.7460
29.7777
23.6129
18.7747
20.0748
24.8896
16.1376
27.9151
19.8840
25.2291
24.7464
25.7343
22.4965
31.2592
28.5640
20.4726
27.8304
23.3317
32.3552
22.7086
19.1539
26.6686
24.1934
20.6503
32.5440
20.6670
22.3133
26.6131
26.3925
32.6443
29.3330
21.1495
22.4914
26.1205
31.3733
21.3799
26.5765
17.9866
20.2377
29.0180
18.6539
21.1854
31.8711
23.8843
26.2267
20.8536
29.6316
25.2794
25.8449
29.0025
25.5958
29.2292
25.3287
30.7652
20.6018
31.0515
23.6341
25.8639
17.1644
22.7264
24.2259
22.5120
23.0881
15.4613
26.5824
23.3017
31.8018
27.3160
25.5207
27.6834
19.5948
30.0991
20.8285
25.5268
17.6837
25.9810
21.2591
32.5862
24.8618
23.6899
25.8012
30.0173
18.2521
23.0686
27.7348
24.0616
23.4550
20.3757
29.9105
31.1927
25.5259
22.3963
22.2918
26.0662
38.0848
27.4538
28.2565
26.4123
26.0286
28.3186
30.1023
29.7550
23.6450
35.8167
20.0533
21.2438
30.5347
32.6884
22.4816
16.6475
27.5889
23.8277
28.5713
21.0130
21.1870
20.6424
28.9085
31.9933
25.1264
21.1000
18.5525
24.7725
26.4836
25.6938
26.0549
20.9335
24.4784
28.5862
30.0904
27.8240
23.9218
27.8688
27.8910
22.5429
24.4666
23.5900
27.1717
23.7130
29.7231
24.8074
17.9416
24.3437
22.9618
22.7840
24.1470
25.9452
31.0470
33.4925
21.4085
20.5788
21.2957
22.6019
22.2991
30.0667
41.0467
25.0610
29.9429
21.1954
21.8060
15.0298
25.5218
23.0463
18.6178
28.4275
23.7954
23.4478
29.4501
25.0614
28.2415
32.7756
22.1500
24.6130
27.2079
23.5267
25.4750
22.6956
28.8105
21.0164
21.3838
23.0420
26.0264
25.7833
21.4752
28.5794
26.8853
21.5537
25.1443
28.1415
27.2340
29.7039
26.5422
27.8735
24.0553
19.3972
31.6621
24.4391
19.8075
28.8985
31.3860
16.2913
26.1612
21.4062
22.0944
19.3005
18.7745
27.5511
24.9401
32.5894
28.9050
29.4936
23.1618
21.4745
21.5369
24.7983
32.4541
30.2392
29.3209
24.1301
26.2900
20.2427
17.4258
24.8185
23.9311
23.6700
21.9983
24.5796
24.2120
22.3526
20.5215
19.6098
26.7324
19.4597
22.1323
28.9794
24.8164
19.0129
29.2480
20.8780
28.5951
24.8559
25.8941
28.6409
29.8455
22.7263
24.3431
21.3371
27.1846
20.2449
19.4331
24.9896
19.7381
24.6349
18.0165
22.1806
24.9775
20.5894
18.5088
19.5891
24.6250
24.3418
28.3127
29.9578
21.7684
18.9532
16.7009
27.2316
25.8260
21.7204
26.9975
20.3766
19.7246
25.0567
27.0976
23.6999
16.5162
22.5904
22.6999
22.9497
26.5226
22.0762
29.6806
22.2815
22.2864
21.0564
19.1316
28.0432
28.7946
21.4437
22.5466
30.9096
29.2909
25.8434
26.2475
26.8492
25.7977
22.5989
17.2211
24.3105
23.2628
26.3121
20.4396
26.5452
20.4852
19.5857
21.0799
29.1734
22.6686
24.2516
19.9864
21.9570
24.0779
27.5608
21.4949
20.0362
19.7847
32.9184
23.1652
27.6782
27.0549
29.5579
25.8460
20.9532
31.9598
25.0082
21.3081
26.6513
30.3452
24.5889
21.4321
24.0502
21.9645
30.8450
32.7319
24.0701
33.3734
24.9431
27.5001
19.2620
17.7588
18.6248
19.7930
23.1278
23.7592
16.0158
28.2023
28.8423
30.6589
25.0298
20.2217
23.0258
18.5329
22.9081
26.2992
23.1443
26.0361
26.0656
26.1274
22.0264
27.9812
33.6435
18.6165
23.7373
17.9785
22.5721
18.5563
22.8883
29.6823
26.5133
28.6469
21.9739
25.1312
26.6954
23.9611
25.1696
29.1733
25.5205
25.5800
23.1146
23.9243
21.4904
28.1107
21.0014
32.4931
21.9090
28.6952
27.6914
22.9173
32.6396
19.5090
18.5682
20.6189
28.1870
24.9125
30.9794
29.8013
25.2999
31.5879
33.9768
19.6830
24.3296
19.8262
22.1857
19.7284
21.9480
26.7258
26.1914
31.2510
27.7862
20.9632
27.3910
26.1641
22.8926
30.5810
23.0013
24.2756
24.6133
25.4822
23.5153
17.5317
27.4368
27.9215
26.8609
18.7336
23.9938
26.0887
29.2634
25.7490
24.2542
34.1635
32.6294
30.8251
18.9280
25.6107
25.9910
23.9882
24.1426
24.4994
24.2656
20.8501
24.2191
23.1083
24.2714
23.7870
20.0144
29.8399
29.2937
28.6979
20.6664
32.2794
27.4971
21.6695
28.7313
31.6273
29.4590
26.3709
24.6018
26.6811
29.9786
21.4771
23.1377
29.0664
31.2504
27.4027
34.1316
15.5774
24.2713
22.7152
19.8098
25.4065
24.1963
18.2017
21.6170
29.2908
25.8205
32.2926
23.7299
30.8806
20.8041
29.9450
24.3702
24.1422
34.5360
29.3362
26.3008
30.5031
19.9722
34.2963
27.3890
19.6952
23.1555
20.0549
23.9020
21.8714
25.4313
19.4699
22.3676
27.0124
31.0963
26.8353
31.1510
17.6621
24.6863
22.9459
29.6803
23.8410
29.3111
20.4914
18.3475
25.0989
25.5046
33.2060
20.4850
29.1993
17.2119
21.4341
27.9493
24.3600
30.2586
19.3959
31.6136
25.8376
19.8487
34.6901
28.2027
21.6339
33.1647
17.8448
17.3091
20.0519
20.3815
17.8427
23.9050
24.1635
27.2276
27.8878
27.1989
19.2079
20.5199
20.6788
23.6660
18.2514
22.1656
27.1203
23.0145
27.0191
24.9162
26.5952
20.6518
28.7478
32.6850
21.8526
20.7813
30.0937
31.6541
20.7981
23.8042
20.7921
21.9922
32.6968
27.1199
22.0844
23.4193
29.8625
15.6403
21.3910
29.0146
30.7702
16.8554
27.3346
31.2870
33.7188
24.1630
21.1101
21.6566
26.6531
25.7682
32.2715
21.8794
25.6385
26.3390
22.1277
24.9063
35.6199
23.0879
29.5312
24.8041
20.3473
27.9845
28.4608
24.0297
19.3700
26.2575
25.0360
25.6011
22.1060
30.3208
25.3048
27.9945
22.4016
28.1529
26.3434
28.2087
25.9893
25.9473
27.5773
29.5883
23.8676
19.6428
32.4272
29.4452
26.6192
30.1505
24.3124
31.3566
23.7636
25.3289
22.8103
27.7275
20.1458
25.2085
19.7989
19.1036
23.2433
21.7640
21.6250
21.8528
20.2036
36.0846
27.8038
22.1306
29.5162
24.8623
31.4561
19.7443
22.2585
25.1924
22.7171
22.6403
25.0500
23.5727
20.9179
22.9955
20.4758
21.0341
21.7196
32.3083
23.4165
27.5483
34.7063
19.6941
26.3223
17.4049
28.0067
26.0359
21.7065
24.7381
22.9691
28.0254
20.3619
19.9043
19.2936
25.2179
28.6636
29.5808
25.4156
34.3814
30.0505
27.5320
28.6526
15.6613
25.6041
20.0738
23.5958
18.2551
21.8540
35.8697
20.8327
21.2801
20.9680
33.0458
26.4978
28.7340
29.6261
29.7142
19.4131
27.9419
20.1682
26.0071
20.7549
19.8750
25.1139
23.3349
31.4893
29.5411
26.0549
20.4410
19.7007
23.7160
22.7572
22.6598
25.8546
21.9199
30.4312
24.6082
24.9941
24.4686
22.2877
27.0864
29.2789
22.2470
26.3983
18.8566
27.5830
28.5680
26.8318
24.6212
24.4424
30.5121
24.4972
34.6532
25.4165
33.2395
21.0193
31.4732
27.0011
22.4165
18.3904
24.9966
24.8910
31.4990
22.2800
30.9865
25.7165
33.3148
31.8596
19.1022
24.8593
30.2940
17.3697
22.2689
26.6504
26.5095
24.0080
19.0271
21.5111
19.7759
32.4655
16.9055
24.3051
20.4472
17.3237
18.5407
24.4358
16.2126
20.9677
28.1686
24.3145
26.3379
23.0389
28.9070
24.9039
17.3653
30.8478
25.9416
27.4129
25.0946
23.9444
30.0200
27.8621
22.5877
24.6090
26.4642
25.3347
23.4770
22.0792
24.9510
21.4791
21.9136
32.4329
23.3501
29.7020
21.0431
30.1188
27.8771
28.5056
20.6913
24.1620
28.1912
22.1689
28.4140
18.9117
24.0378
24.0427
27.6938
28.2242
26.4811
20.9566
24.2727
27.1510
26.4428
32.6457
19.6192
19.0924
27.8876
19.8790
24.4727
24.1695
20.3053
30.6605
23.6916
22.3760
23.0714
25.2782
22.9517
25.6892
31.6854
24.2783
21.2710
28.5559
25.5577
25.2439
30.4113
20.7371
22.2338
23.6703
24.4464
18.8021
29.4189
25.3383
19.3673
23.7763
25.3572
25.0211
28.5840
25.9267
19.6683
22.5021
23.6506
25.4211
20.2881
19.4363
22.9963
21.1096
28.4899
20.8030
24.8864
26.3083
24.4945
20.2585
19.2457
26.5859
21.9666
15.9831
35.7739
28.7685
25.8400
25.1269
28.8306
30.3189
27.0649
26.7997
29.7243
23.7041
25.7729
26.1102
26.6455
25.1402
18.0773
22.5612
35.5479
21.4469
30.7856
28.7803
19.7276
29.6363
26.6449
32.9632
24.7848
24.9812
36.0147
26.7488
26.5776
19.3485
25.2231
27.7194
24.3532
24.2014
22.9456
26.0513
20.9166
21.8005
25.0770
22.2083
22.5973
25.3726
19.8046
18.5254
22.5678
26.0249
24.9897
31.2928
18.9505
19.7735
27.3209
23.3073
30.9246
27.3556
25.3999
26.7662
25.5592
23.0728
25.9234
17.2142
20.5282
32.6461
27.7193
19.8029
24.4244
25.7226
30.7871
20.6584
25.1532
17.7954
24.8020
23.4779
29.7200
24.7029
32.5624
31.4265
27.6503
20.3614
25.6335
22.9296
29.5189
28.5897
30.3360
24.1801
24.5296
24.4543
20.1532
25.3680
22.1801
28.6202
28.7674
23.1253
26.6835
33.0000
30.5146
26.1157
22.0299
26.6497
23.8855
22.4813
22.5208
33.0322
22.9170
26.6438
22.2735
30.0193
20.9121
25.1810
27.3880
26.8577
23.4205
23.8951
27.5554
26.6128
26.5340
21.3270
29.9641
23.8684
26.8496
19.1526
22.4423
23.9479
20.3195
27.5171
28.6161
22.4747
25.8860
33.8026
25.9052
20.8538
31.0474
19.5971
30.0681
24.0987
30.9130
18.3477
20.1143
23.5567
19.6747
31.7984
27.4296
22.4710
21.4967
24.3690
19.7873
24.8290
23.7346
34.8561
28.1847
21.7552
21.7858
29.7166
20.5543
31.7493
26.8081
18.1300
18.8286
31.6511
27.1991
25.2194
22.0796
29.8406
23.9744
20.2339
31.8023
23.5529
29.3079
19.7579
16.8079
20.5482
20.3703
24.2034
27.3417
27.0441
27.6098
24.2555
30.6626
26.6138
28.9112
24.1059
30.5697
30.5364
27.4151
19.8154
20.4915
19.7072
24.8863
23.7053
22.0373
26.1315
20.3985
30.7393
25.4706
17.6909
19.7127
25.8220
23.8583
30.6501
18.8015
27.4172
20.0021
22.9184
19.0511
28.0327
25.9995
29.0495
26.3023
19.6488
27.5941
27.4494
25.8027
28.2816
26.3544
34.7505
21.7320
17.7262
24.8264
29.3842
27.2826
25.5283
21.1347
33.1122
19.3519
30.6179
25.1122
25.1459
30.4735
