Orientation_Correlation_Function
0.539458382239608
0.32445142975288166
0.1942766900338453
0.11563669871097015
0.06816493925668976
0.03947574313507174
0.022596975603503208
0.012455310928262084
0.0064061022710104835
0.0028904408813261034
0.0012781080456127772
0.0005222057679253764
0.00015565149624043745
0.0003035784678801065
0.0012299746850820278
0.001479075012977446
0.0011724463484159545
0.0010252425909521602
0.0009027333806323198
0.0008216036074085423
0.0006061746005408834
0.0006895341827026278
0.0003671330865783481
0.0004801346732560827
0.0002256771186984891
-9.714622164795098e-05
-1.2989868078827081e-05
-6.902916501528428e-05
0.0
0.0
Avg P-P distance: 5.48132592498793
