26.6521
29.2784
21.4939
28.7242
28.5915
23.7207
32.5824
35.7509
32.7799
32.6966
31.7547
26.7930
27.1187
34.5130
34.8526
29.3800
34.5748
27.2683
27.1071
27.1971
29.4433
27.0003
24.5969
26.0028
29.1034
29.6863
33.4500
31.2974
27.0461
31.8761
34.1119
31.9989
22.5105
35.4056
28.6625
29.3114
31.4303
35.1476
26.8533
26.6148
28.2105
23.3737
26.3022
30.3346
28.0509
30.8063
27.4568
30.7482
32.6010
22.1318
29.0440
25.2435
27.7113
29.2180
30.9254
31.3942
29.1806
21.6605
30.9038
25.3224
31.9881
28.7725
29.3994
28.3302
27.5796
25.6384
30.9254
28.7942
29.2938
24.1848
31.2728
25.9322
28.8500
24.8819
32.4307
28.5714
25.0920
35.7512
34.0179
31.6462
25.8663
33.7640
33.3287
28.5079
32.5798
34.5952
24.8145
27.5236
34.5212
26.6095
24.6759
29.5128
26.2082
31.0099
29.1352
30.4863
31.4271
30.4814
29.5531
31.2505
31.8831
28.0252
37.0866
30.3071
24.7606
31.5586
26.2683
32.6550
25.4805
31.3940
28.6411
28.2466
26.1690
26.8626
31.2991
29.0333
26.5108
26.3585
33.3503
23.2556
29.3327
29.2403
29.2169
25.7725
30.8691
30.1124
31.4366
30.5863
33.7383
29.4869
31.9154
25.6952
29.0672
37.3441
31.9374
30.5242
32.5531
31.0387
24.9533
30.4282
29.9606
33.5629
28.1195
24.7862
34.1497
28.9232
30.1109
26.9879
27.9072
33.0907
26.2092
28.4592
26.8845
30.6833
32.6465
29.2784
28.0789
22.0244
24.3632
28.9772
27.2764
30.2064
34.1565
32.5562
32.6370
29.7007
29.3664
31.1009
27.8767
30.5424
28.2618
22.9060
25.0271
31.2124
26.3570
31.8314
30.8455
29.3184
27.8671
33.9017
25.3758
31.0681
22.0704
29.2009
29.5009
25.7096
30.9829
29.6183
26.4628
30.7916
26.5047
28.8328
36.6284
35.4455
29.3826
30.6345
25.6935
37.1491
27.3496
33.8728
30.3180
23.6181
27.4889
24.3847
32.9045
21.6474
24.1766
32.7981
26.2627
34.0015
25.3931
25.3033
25.1323
31.5846
25.8417
32.0400
29.3166
27.7030
29.7071
35.4348
28.4986
26.7588
26.4023
27.9141
34.1560
32.3191
25.1936
27.8812
32.5228
36.7050
30.5619
25.3890
27.2575
29.2779
32.0023
29.3509
29.2037
36.5020
30.6961
28.6482
34.1886
24.6309
25.5609
30.9602
24.9902
25.0822
24.1602
22.3885
25.3614
29.2201
32.4465
25.5622
32.3685
28.4167
30.1209
28.0806
33.9117
24.5245
30.0050
29.3374
27.5647
29.1220
26.3525
33.7113
35.6968
28.5323
28.4289
34.0582
33.3123
23.1940
23.7599
31.3986
23.7434
22.8152
32.1364
23.8854
30.4584
30.2515
28.2331
22.9640
33.1030
27.5534
21.6388
32.2430
28.6014
32.3257
35.4683
32.0770
28.3915
24.5750
28.7511
23.8546
24.5019
25.5249
26.6647
34.6383
28.4035
34.2513
32.0432
33.1175
31.7861
29.3721
28.8674
25.2342
29.3759
34.7542
26.0900
27.9394
30.5594
30.7799
34.8409
26.9336
29.6382
25.4279
21.2880
25.9863
23.0278
26.0742
30.9151
28.8548
31.0547
28.9908
30.5387
26.3734
29.8171
33.2460
25.4012
32.2452
27.2603
34.3359
34.7757
31.2123
26.1087
32.9205
34.3561
31.7428
32.1417
34.5303
33.7942
24.6676
26.8837
26.1098
29.9102
29.1404
30.8595
28.7965
31.7921
25.4262
25.4828
26.1162
30.6897
27.9308
29.1121
31.7297
29.1312
33.7126
29.6817
32.3632
29.9693
25.8025
22.5720
30.4339
35.4748
28.7643
32.0009
26.7992
34.1643
35.9028
27.8179
32.9568
33.2101
29.1093
26.7942
25.3008
30.3576
24.2412
27.8318
29.6229
29.9866
28.5279
25.7719
30.2097
30.9523
33.5733
30.2477
25.0577
26.1892
29.4987
27.1341
31.0216
29.2558
35.0207
29.0639
29.2867
25.5100
35.5325
30.6247
37.7847
31.2353
33.0423
23.2705
32.4912
27.5616
38.5076
31.9738
28.3047
34.5359
29.6567
31.1711
28.1966
33.8357
32.7844
28.1265
31.8899
32.6982
28.6188
27.7455
31.3939
33.3483
29.9352
29.5771
25.9888
26.4835
29.1628
31.5963
31.6268
30.0339
29.0011
34.3168
23.8959
32.7581
33.8232
24.9962
27.2944
30.5342
26.7622
35.8055
35.1645
31.5771
28.5553
32.4650
31.5207
23.8281
22.3315
26.5934
30.4528
30.9010
35.2004
29.3655
33.8509
26.0548
27.1279
25.7636
24.0314
25.3449
26.2135
33.2598
29.2419
28.0089
29.8296
28.4153
33.8088
32.7147
31.6461
32.1356
25.3814
27.9048
29.9491
27.3500
30.7074
32.9606
28.7952
32.2641
31.0190
36.3349
38.2381
30.4846
31.5334
30.7758
23.8668
31.8521
25.0175
28.0646
25.2155
36.2242
27.0474
25.6513
29.6443
28.1648
26.9167
28.7353
29.5302
29.4765
31.3614
35.3326
29.3948
28.4842
27.9706
35.8835
29.7743
31.0081
25.7078
31.5959
30.9048
31.7449
29.5844
35.8133
27.1892
23.8634
32.5624
33.0892
31.6734
33.2802
30.6440
32.8130
28.4963
31.3467
27.8023
33.0023
34.5541
22.9681
25.6991
34.1730
34.4042
31.1912
30.9474
31.3420
35.3715
33.2837
29.0524
28.5981
28.0072
29.2672
30.4027
27.8847
32.6076
23.7841
25.9157
27.0521
34.3062
30.6181
27.5525
23.5103
27.5310
24.8832
24.5916
33.1182
24.9052
31.5825
29.5123
25.0101
28.1554
32.4897
27.0902
29.8568
31.5826
25.7515
28.9862
30.0158
22.0309
23.4504
24.0368
24.9545
25.9258
28.3655
33.2342
29.2791
35.7741
21.8227
25.6672
34.5528
33.4881
35.8468
25.8798
31.2293
30.6881
28.0986
29.6068
32.4727
24.1955
25.0088
33.9066
26.0944
29.7403
30.0901
26.9877
31.7354
27.6172
26.6860
31.7933
30.7253
31.3001
30.0250
29.9348
27.7953
28.6903
25.5102
24.1940
32.1004
33.5271
35.8921
27.4859
21.8983
31.3805
32.0310
27.4473
22.3586
30.6331
24.0428
27.8146
35.7941
21.3378
23.2651
31.5826
29.6836
23.0794
26.0965
28.7336
31.1502
32.5041
33.0788
26.1292
20.7185
22.5250
28.2926
28.6565
25.8917
25.7095
28.1651
23.2810
21.8773
32.3624
37.3477
25.6037
26.9815
33.4481
27.6289
29.4754
26.5477
30.9915
29.4837
31.2377
26.9909
35.8403
31.3326
29.6449
27.4806
28.1763
28.4051
27.4615
32.9865
24.0623
31.6412
31.5045
26.0938
27.0332
32.7911
40.2161
25.7980
28.5578
31.6130
32.3114
32.2678
34.1149
33.6430
35.1736
36.7384
26.5358
28.6793
31.2658
34.6997
29.6382
31.7510
32.8515
30.2166
33.3714
32.9627
33.7756
28.0434
28.0471
26.6815
27.5241
30.9176
33.4548
33.1260
28.6166
25.9967
27.1468
33.0948
36.4855
29.5826
27.6872
26.7545
31.4100
25.9330
26.1734
26.1398
27.8495
33.2944
33.3657
28.4492
33.6034
25.9932
29.2923
25.4290
28.6487
28.6493
36.9863
33.6698
27.6324
24.4111
25.9756
31.9676
21.8341
27.7273
30.4040
23.6316
23.0857
34.2635
28.4761
23.6071
23.2180
28.6068
31.1157
27.6534
32.2524
27.2370
29.1943
21.8385
25.2793
31.9505
34.0574
27.8210
30.8059
25.3281
27.0290
30.1858
33.8649
27.0294
32.1916
29.5553
26.3437
27.7933
26.9261
24.3576
28.8366
32.0561
27.4978
28.8289
24.4440
23.4161
28.5526
28.1100
24.5145
26.5413
31.4846
26.9712
23.9077
35.7688
28.8519
26.9152
30.5796
26.8797
21.3602
27.1934
29.7866
25.8976
22.2584
30.1540
26.4648
37.0197
28.4745
31.3138
33.4695
32.2454
32.8167
23.6281
29.8029
33.5041
29.8462
23.0235
23.1962
34.6899
26.7185
25.4800
26.9752
25.3520
28.8019
32.5921
28.8846
32.5685
23.5421
32.2544
28.7698
35.0734
27.8169
29.2685
28.1208
34.4522
24.1475
28.8658
26.1331
29.6833
32.3482
28.4887
22.9143
33.0529
30.2204
30.6553
30.5545
26.5591
26.9712
30.5767
31.9825
34.0787
21.8295
27.3600
30.7640
34.6839
27.0513
34.8938
32.2562
26.2325
23.8865
33.4823
22.0992
32.1171
32.1393
27.1053
24.8011
33.6423
28.8817
23.5251
33.0191
37.0445
28.3087
31.6545
32.6540
26.5290
28.2048
30.1176
39.9095
35.7394
32.1895
31.9084
26.0949
29.7670
23.3394
29.8716
32.6157
24.9742
26.5885
28.4053
32.4166
29.4987
24.7019
32.0053
30.5484
32.6575
32.2567
23.7729
27.8384
23.9727
32.8357
29.5951
32.8061
27.1713
23.8084
27.7468
33.4101
28.9772
28.4004
32.8920
33.6665
35.6859
28.5513
35.3948
29.6702
35.9813
30.9145
29.0418
30.3041
23.5931
32.1744
28.5330
28.4893
26.5232
28.1866
29.5862
29.9321
25.6297
32.4173
28.7613
31.5129
26.3813
28.2182
31.2919
27.0733
29.1590
34.1612
34.6107
27.5842
33.8222
25.0869
23.7590
32.2514
33.7370
24.9022
34.5179
27.2373
28.6083
23.3639
29.6167
28.5331
33.1624
31.3213
28.7953
29.2742
22.7620
27.5211
34.2799
24.9360
32.9442
24.1730
30.7043
28.7775
31.8788
29.4348
24.3688
26.1256
34.4517
31.0498
31.7282
23.9760
24.8415
35.5407
30.3460
25.1028
36.7180
31.2609
29.8975
25.7407
24.1774
23.4224
21.3054
26.3235
23.6671
25.2110
31.6575
26.4202
28.4542
31.6855
29.2250
27.8957
24.1383
26.3749
25.2361
28.8553
24.4089
31.1225
30.8033
27.3642
31.5747
25.1393
31.3087
29.3818
31.7569
31.3771
29.7818
25.6552
33.6380
34.7861
34.1126
35.3817
29.1076
24.8532
26.4908
31.0791
23.6164
29.9710
27.5308
25.6422
23.8283
26.6446
33.4198
23.6806
30.0895
27.3020
32.6729
30.5064
28.2521
33.9470
32.1058
33.3940
28.2266
32.2821
29.5698
31.1876
31.0946
33.7273
32.5996
33.5345
25.3580
25.6137
30.6773
31.7937
32.1036
31.6842
30.1829
32.5004
27.3818
29.2996
30.6154
30.9549
28.9316
27.3963
28.9598
30.6136
29.6964
29.7944
29.4101
27.6647
30.7014
27.9620
29.8433
29.9629
32.4406
26.7412
32.9923
32.2882
33.6548
28.7279
32.3682
30.4799
24.6918
28.1083
29.9506
35.0230
25.4421
26.5038
25.9510
23.8559
29.0757
28.8353
37.0933
33.1095
25.9262
29.9332
31.5533
28.6891
22.2833
31.5205
28.1043
26.2494
32.5714
27.2462
28.4271
24.7723
24.2614
25.8207
29.8264
31.1092
36.0622
32.3687
30.8157
29.0025
30.4191
33.9459
31.5671
31.2424
28.3246
21.5373
31.7747
26.9121
30.9893
32.9416
30.1612
29.7330
30.5225
36.3152
30.5616
31.7376
29.5087
31.8275
30.2004
34.4203
35.7207
28.1476
25.0770
31.6194
25.6067
32.9791
29.4480
32.1934
34.3646
30.7500
26.0647
27.5185
23.4205
37.8368
30.2599
28.0905
30.3019
30.3769
27.8025
29.1229
30.7446
30.0587
27.0315
27.5430
34.7956
28.3816
27.6831
32.6776
32.4460
26.1600
27.4825
34.4476
26.6610
33.6337
31.3870
29.6593
26.6585
32.2717
28.4402
27.7712
30.7132
33.5246
27.9122
33.8477
33.5840
31.0148
35.0719
31.9790
28.3580
26.6102
30.5446
26.6163
28.4979
31.0394
38.0570
24.9494
31.6694
23.7524
32.4061
35.0888
29.2192
28.9233
22.5533
29.7010
31.7037
25.6314
37.4306
30.3053
29.3853
29.4898
23.9294
29.2370
28.4396
22.7872
30.7884
36.6339
26.3199
28.6585
22.4445
23.7816
30.3633
30.4906
29.0956
29.9048
26.5574
28.2157
33.8169
31.5057
32.1081
23.6551
26.0826
27.6837
27.7621
34.5393
32.7743
32.7025
31.1225
27.6408
27.3413
27.1044
23.8678
25.4258
28.9742
25.1967
28.5118
24.9520
27.1235
37.1129
32.3365
27.2129
34.8036
29.7660
30.8972
23.5297
30.4904
29.1827
32.1749
30.3835
29.4997
28.4718
29.1653
29.2248
29.0208
31.7839
37.3615
35.3424
30.5767
28.1589
28.8044
30.0474
32.3148
28.0616
25.1875
28.4024
29.8828
25.7550
29.4359
24.8881
32.9528
22.7602
30.6426
33.3653
31.6638
25.0408
31.9524
26.5889
33.2393
33.6109
34.1422
25.5831
27.9382
27.0940
29.1070
32.4338
27.0008
32.1944
27.1220
32.0276
32.7926
28.3222
25.8296
29.1235
29.1284
26.1961
27.1875
32.2604
30.7353
29.4968
34.2698
28.5630
32.7209
30.0007
35.9567
32.0678
30.1494
27.9286
21.8341
24.8948
31.5645
32.1753
28.9896
30.5849
28.1030
28.1846
26.7080
26.7793
33.1761
25.5080
26.6034
28.7969
29.9181
32.6856
28.0286
28.3836
28.6710
29.4526
21.7998
28.0330
34.4241
22.0672
38.4119
26.2883
34.5028
26.2925
28.6327
29.5662
34.8480
32.2510
28.4134
35.4864
34.8744
31.9224
24.8507
35.1760
30.4142
32.8840
26.2191
32.2830
21.5447
31.6124
34.5741
29.7919
32.5443
34.1550
28.3777
27.3763
22.9463
24.1289
31.3223
34.1248
24.9020
26.7311
23.9373
31.0830
26.6454
28.6312
27.7136
27.5580
29.5250
26.4021
28.8618
27.6132
31.0664
27.4590
24.9149
25.7901
26.7549
32.4553
24.4422
28.7687
29.0682
31.9693
28.8693
30.7368
32.4887
32.3507
26.8658
27.7978
29.1063
30.1721
31.3898
25.9680
29.3312
24.8070
28.2786
27.8923
31.8167
29.6629
28.9848
32.4467
32.4602
34.5751
33.5503
28.1115
19.5984
36.1335
31.9577
26.1215
33.6131
36.0131
32.8057
28.0583
31.3450
32.1885
31.4126
28.5238
26.8286
30.8628
34.2880
29.8359
27.8892
28.7682
34.8617
30.5699
33.1043
35.7210
22.9779
31.4327
28.3644
22.9089
32.2437
28.0128
31.7129
30.4247
30.4487
30.9622
35.9423
25.1799
23.9893
26.8224
29.0930
29.3790
28.6528
27.2124
34.3578
29.8083
31.0838
32.6338
24.9740
23.5018
31.8655
32.1602
29.2257
26.4313
30.2621
32.1395
29.0516
30.8818
27.3177
24.7629
24.4080
25.9757
29.9427
28.3824
32.1388
29.5374
25.2337
33.6768
29.5923
26.2181
25.0463
25.7904
26.3502
26.6036
32.9274
30.5857
28.2367
32.5857
24.6239
29.7553
30.2847
30.9889
30.1191
31.2181
28.6993
29.8470
32.3480
28.2202
24.0986
34.4321
25.9023
23.2982
26.2468
28.9581
26.4700
28.6455
34.1786
28.1773
28.6175
32.7529
24.0969
24.6530
35.8692
31.7815
28.9398
29.1708
24.3440
27.1629
21.9606
26.2155
32.8649
27.2147
27.3190
29.7056
29.9566
28.1722
24.7698
26.8110
29.3813
35.3263
32.5285
31.1528
27.8202
26.8670
34.7800
28.9591
33.5384
31.6891
26.1480
29.3299
24.4529
27.0608
22.8866
29.8143
34.4271
31.9373
35.8109
27.0940
26.7095
35.3766
29.8754
33.6860
30.0556
33.2531
31.7954
28.6900
21.0392
31.9877
34.4260
29.2795
21.1569
26.9739
35.7391
28.2591
30.7014
27.5555
25.3588
27.1492
29.4488
22.7049
32.7836
27.5005
29.5338
31.6804
30.9794
26.8747
32.9543
26.9617
30.6039
25.3326
24.9120
28.6875
28.4901
27.2214
28.9204
35.5563
28.5912
31.6044
35.9809
24.7935
36.0884
32.0616
31.4518
33.1244
23.3658
34.1197
29.9439
31.9035
28.1747
34.6316
32.2752
33.1279
27.6434
33.0740
28.4440
30.4579
27.7476
22.6405
28.2429
25.9092
28.2052
28.1462
33.5924
26.3182
23.7494
34.3839
33.2902
36.4273
28.7054
26.8813
32.3712
34.2174
22.8214
25.3454
29.8048
21.4994
28.9930
26.9516
30.7081
39.0325
27.8235
31.5242
26.7379
22.7021
33.2436
32.8821
32.7494
24.0956
32.1272
29.9308
29.3077
33.5039
26.9231
31.1053
34.1048
30.2725
33.2216
35.0833
28.2528
25.9648
25.4115
30.2597
25.0507
27.9238
28.1332
28.6703
30.6712
28.3892
31.7804
27.8588
27.2348
30.8767
34.0498
27.0969
27.3554
35.4311
31.8589
30.1835
26.8974
33.0622
31.4110
27.5482
33.0648
32.0477
31.3287
29.8617
22.3715
33.3715
28.7931
22.0270
26.5735
24.6174
22.9631
30.3448
27.4380
35.7895
34.1195
28.7390
32.5342
26.4243
30.1932
28.7572
32.5160
34.7196
21.5775
28.1500
26.4255
31.0014
30.4480
27.3712
31.1818
29.8429
20.5293
21.4822
23.4023
31.8445
26.9637
25.5078
28.4874
22.9540
25.7850
27.4552
29.0980
29.0518
28.2369
23.7593
23.2888
26.5087
29.8556
26.5194
30.4965
37.0411
33.0013
30.4447
33.7019
26.4545
26.3456
30.3155
26.9983
29.2144
29.5448
24.8341
25.0786
27.6525
24.6521
32.4860
31.7327
26.5403
32.5848
32.0596
35.1848
25.1130
24.6425
30.3050
30.4021
33.3736
22.1873
31.7058
27.0788
29.1491
26.8398
27.3657
31.3222
30.6220
20.2439
23.5699
25.7806
18.3890
30.5216
33.3937
25.7254
31.1149
30.8942
29.1566
28.3301
29.6240
27.5777
30.8362
33.8643
30.5506
31.6838
24.5514
26.8569
27.4062
30.4416
32.7806
35.0671
31.1991
23.4180
26.7897
24.8438
23.4083
26.2634
29.8302
34.7054
26.1482
32.8976
28.6737
26.9471
28.3235
31.7464
27.3374
31.3784
27.9326
28.8345
28.3055
26.7831
34.4225
31.6742
35.0165
30.4136
26.8460
26.9672
35.8264
33.9699
34.1835
33.7698
28.1513
31.3633
35.6466
31.8287
28.5467
33.5594
24.4843
30.8098
31.4179
30.1148
34.9715
31.2485
30.3734
20.9669
33.1319
31.5783
28.0902
23.9618
36.8958
28.6491
30.3349
32.2693
30.9980
32.5322
29.0828
30.5115
24.4238
31.9121
29.6970
31.8540
27.8610
33.8684
31.7007
32.4753
20.0526
28.1372
26.3906
31.0770
27.5253
29.0274
29.5191
28.6576
36.3183
27.6245
29.5172
30.9701
28.3922
29.2634
24.0033
33.3067
29.8502
30.2562
25.2803
26.9900
31.3130
27.8460
30.4025
22.3409
27.7349
28.7866
29.3845
31.2249
31.0855
32.1193
25.3034
32.1468
25.8676
29.3521
28.6067
28.8151
25.3084
25.2257
25.5869
32.7439
34.9846
29.6055
27.9419
23.9679
32.0506
28.1913
25.5172
26.9126
27.4064
30.5471
28.5484
27.1284
29.8621
30.5600
27.1900
30.4448
30.1199
27.6923
27.2959
26.6289
29.9089
33.0095
27.0720
27.1001
24.2776
28.5056
31.0351
39.1979
27.0974
31.9966
27.2981
28.4052
30.0745
31.8535
32.8806
27.5348
29.9716
32.2489
28.0995
29.6088
20.1907
23.2564
29.1249
25.4193
25.5662
32.9705
35.2572
33.2193
30.6861
33.5594
29.5793
31.4874
28.0071
24.9532
24.3935
33.7326
27.9876
25.3947
30.9104
27.1679
24.4489
32.4456
33.5316
29.8891
23.8716
22.1845
24.4977
33.9338
31.2925
33.2867
25.7950
29.0043
37.4394
34.1115
29.8480
27.4696
20.8499
30.3928
27.8108
35.6788
28.7666
30.4609
31.7128
30.6861
28.7343
28.0734
28.8810
27.2317
27.5631
33.0660
35.7976
34.5549
30.9656
27.2504
29.4402
38.3897
30.5818
31.5311
31.9400
30.5425
30.5647
23.9804
28.8620
25.6355
30.2068
32.1155
35.5080
29.1370
33.0943
24.2608
32.9351
27.5542
31.2629
32.1440
29.6983
25.8927
28.1437
29.5295
24.7108
30.9652
24.5075
29.1631
32.1536
33.2389
28.2799
21.7445
28.3902
27.3591
32.5608
29.8959
29.2256
30.8334
25.4029
24.5708
30.9708
24.6013
32.1692
28.4081
27.8353
29.8186
32.3373
27.0330
33.0538
32.8913
30.2650
29.5079
23.1774
30.8666
31.0449
27.3295
30.1001
25.8549
26.1175
28.5505
28.9445
29.8598
30.1263
30.7341
23.6464
33.2261
31.2890
24.8852
31.6667
30.9502
26.4031
30.8638
33.4581
26.6713
30.1222
35.8447
30.7999
33.3936
29.3662
30.3503
31.4888
22.7233
31.2720
25.6320
36.1368
26.2546
26.3882
31.1972
29.5323
24.4483
24.8647
28.6286
24.6050
25.4769
26.0973
22.7787
25.5940
31.9520
23.9382
32.4749
27.5925
30.0887
24.6034
36.1076
31.7817
29.9436
28.9179
32.8617
31.2032
30.1560
26.6394
33.2065
23.8270
26.6247
28.4280
30.0435
28.0885
23.4707
30.4518
30.4983
33.6253
35.4354
32.1375
38.1845
29.3356
23.6878
31.7740
29.9403
25.2651
29.9108
37.3342
23.5350
32.8087
28.2921
27.6949
33.9790
29.6074
30.9531
24.1787
36.4664
21.6667
24.3925
32.2805
28.7993
32.5676
34.3373
26.1589
28.8642
29.3735
29.7146
32.2209
33.3891
31.6333
24.2009
37.0196
32.7226
31.7166
23.2384
29.5799
34.4204
31.2494
22.5574
25.9994
31.0096
28.0574
24.6263
28.5226
27.6146
20.6254
29.8456
32.0845
25.0822
25.2089
31.7082
29.8506
26.5074
27.4196
29.0828
33.1319
26.7689
28.6014
28.0653
26.9766
29.8391
30.2739
22.9036
27.8740
22.9195
34.0649
28.7187
24.4132
31.4611
25.4614
30.9470
24.7769
31.4571
23.9307
26.0742
25.9742
24.6947
31.8912
29.1236
30.2266
30.0967
30.6394
30.5120
31.5350
35.1170
29.9279
26.9258
27.8028
28.7138
35.5487
24.0890
26.2648
34.1974
31.1229
31.2993
35.4983
30.9870
36.4462
24.0434
28.0318
27.7542
29.7368
28.9104
28.0017
28.4068
24.4818
28.0510
29.6509
33.3574
29.2757
30.6381
25.4032
33.9246
30.3570
30.8149
33.2942
25.6237
34.2994
35.8714
32.0679
31.4959
26.4474
36.0301
27.4456
27.2243
35.0314
24.6661
25.7030
29.7082
26.7312
31.2114
31.3232
33.0905
31.3986
33.6964
24.4236
33.3016
31.9067
23.2821
30.7122
31.1380
27.9984
29.6625
29.7762
21.8741
35.6643
34.4812
32.3934
32.2653
33.5043
31.0920
26.4797
26.2971
28.5154
26.3163
31.3270
22.7834
33.7432
27.8684
29.2038
25.5181
27.4921
34.3211
21.9436
29.8007
31.3143
33.9588
32.5314
32.3785
27.7766
30.2729
30.0146
30.3588
31.1967
31.2922
26.7932
29.2684
33.5431
28.4786
27.0910
32.6304
28.2126
29.5462
30.7302
28.7583
28.3989
36.6164
34.2971
32.7086
27.6635
29.4521
32.3566
27.4976
26.2263
29.7495
27.1235
23.8977
27.0279
27.2758
33.9272
28.5692
29.4995
33.1751
23.7568
28.0286
38.7947
23.0383
36.0892
26.8875
34.9396
33.3612
28.5160
27.4494
25.3278
25.0053
23.6290
26.1186
30.2130
33.3860
29.4626
26.4530
37.3343
29.6581
27.7927
37.7135
23.9032
27.0463
27.7640
38.0631
26.1277
32.5602
26.0714
25.5543
34.8613
21.6962
32.9980
34.5536
26.8225
35.8632
31.6057
24.9545
27.2275
28.4822
28.3364
27.6162
30.6737
32.9529
31.5647
20.5619
22.7405
33.2245
35.6913
28.2710
28.4916
23.5959
27.7770
21.0453
22.9108
27.2407
32.7257
27.7868
30.9118
24.9908
36.8799
34.2812
25.0541
27.3966
25.4245
34.5384
26.3510
24.3686
34.5307
27.2523
31.6463
33.2226
36.0093
32.9135
26.8959
25.0576
35.9229
29.2441
23.8041
29.2502
30.6769
24.2035
36.2367
26.2145
31.1791
31.6818
29.2373
32.8116
27.8223
32.1052
30.6756
24.6902
27.6507
32.7960
29.9842
33.1401
30.7708
26.7656
28.9393
27.1496
33.2250
34.6961
22.2785
31.4731
34.2989
27.7648
28.5299
29.0529
33.4693
29.4317
29.2756
25.0863
27.4825
34.9351
27.8513
34.2271
23.6073
31.9309
29.4116
33.2043
22.1940
28.2432
31.5101
28.7445
29.8244
24.7676
31.1799
27.4017
24.8877
33.1124
29.3709
32.8908
36.8716
31.4565
31.5935
35.8341
29.3608
29.2333
34.3935
29.3358
27.4828
31.6577
29.9005
27.3678
27.4523
31.7594
28.4319
27.9744
30.4356
32.5467
35.4865
35.8536
28.8562
27.7202
22.2157
31.7873
32.0692
32.4124
26.8620
27.5451
28.8097
34.5782
34.4968
28.8844
30.1669
26.1299
28.4413
33.4882
29.4523
29.7933
36.4543
27.4338
29.4206
21.9765
26.6350
29.6256
25.6509
33.8362
28.6739
34.6080
31.8572
37.3804
23.6367
30.8769
26.6307
32.5484
29.9022
35.0199
34.3872
24.7398
28.6674
27.4615
30.9071
31.2410
27.8472
31.2806
32.6737
31.1359
28.2394
27.2982
33.1420
28.0501
27.4865
29.8336
29.9201
24.0131
27.2126
26.9187
30.1086
26.8949
25.3208
32.2783
28.8498
35.7272
26.6216
33.0029
34.4232
29.1383
24.2691
30.1188
36.6378
29.6495
29.4405
21.2125
37.0817
33.3003
30.6137
27.5940
26.3507
30.5055
27.3084
29.8828
26.4610
35.6629
32.9065
29.8392
28.1987
33.4735
27.0425
28.0054
33.8849
38.4447
24.6747
30.6111
23.5871
23.1613
28.1656
28.8134
34.2885
31.2732
31.8028
31.7822
31.7755
27.3123
32.2982
27.7817
31.3896
29.2553
20.4571
28.7040
34.3017
24.9641
27.8434
28.0618
33.8386
26.8295
28.4279
29.3797
22.8839
34.5497
27.6427
37.2524
30.1661
32.4206
31.0542
23.1691
27.9713
29.0675
24.7244
39.6799
31.1748
28.8247
35.4687
29.6178
31.3687
26.5144
28.0365
28.4562
26.2207
30.5899
25.4078
29.7971
24.8926
25.4678
33.3782
28.6461
32.3223
30.7244
21.7194
33.1284
26.7144
31.7160
32.4934
26.5672
25.4157
26.6237
29.2370
30.5842
29.9799
22.5428
27.4228
30.0132
29.6102
35.7743
32.6772
28.1390
30.5329
28.8951
26.6577
29.2435
29.8940
34.7958
27.2359
30.2226
34.6595
27.6979
26.3559
30.7389
28.1346
31.5076
33.0447
35.2753
31.8934
30.8142
33.9943
23.6000
26.8199
30.9044
29.2822
25.1973
31.3683
34.3226
27.2943
32.3602
32.2532
26.4950
28.0176
23.4310
28.1945
30.3532
32.9033
29.2323
34.4007
31.4695
24.5498
29.5994
26.5285
30.0457
24.6707
21.8175
22.1974
27.2969
31.9372
26.0056
23.8827
24.6559
32.3750
29.4389
29.5420
29.6140
30.7136
33.5168
30.1887
25.7119
28.7492
26.0475
29.6659
25.2466
30.2437
28.9651
33.2577
27.6718
29.3611
35.4415
27.6269
31.4058
24.0125
28.7240
27.4417
28.1307
22.9270
28.5026
20.6562
25.4361
27.5343
28.3335
28.1121
29.3160
26.5997
28.2646
34.8203
31.3644
25.5462
33.0641
34.9213
31.6631
34.2266
34.1172
33.8654
31.3712
28.9640
29.1272
29.9847
23.8619
28.0026
34.9399
29.1205
31.7042
31.2108
30.9703
32.8921
27.2280
28.1522
26.2813
32.5135
31.4769
28.3145
37.1439
29.1981
33.5534
34.5300
29.5462
20.9021
25.0729
33.8479
26.5603
30.9115
30.3965
34.1601
27.8499
35.3179
33.8232
36.4715
30.1241
25.8317
19.9400
31.0362
32.6699
27.9996
29.6236
29.5352
26.8548
30.3988
26.0817
34.2888
30.1588
24.3185
31.8528
31.1667
29.8486
31.0516
26.7552
27.7883
25.2361
26.6328
31.5181
34.1341
26.7968
28.6905
31.6753
24.3822
29.5442
24.9178
33.6508
30.4146
30.5823
26.9983
30.1576
28.7187
28.0454
30.1708
27.7687
29.9318
28.6979
35.3414
33.0004
31.5578
26.1050
27.8374
28.2400
25.5440
35.4680
33.0527
26.7375
36.3527
30.5317
24.8375
36.2268
21.3585
32.9380
33.7746
25.6109
25.2059
28.5557
24.7156
36.5636
33.3323
33.9464
31.5761
28.4349
32.5892
31.0243
33.3973
24.7108
24.3679
31.2763
39.4044
26.4511
28.6066
34.2950
27.1252
20.8207
32.1063
31.4998
29.7580
32.7693
32.7044
30.0266
25.8746
29.5246
29.1521
34.6669
34.6431
34.1765
32.8597
31.1058
25.9760
26.6919
31.7578
30.0193
33.0997
30.2113
25.3928
33.6694
35.4573
25.4075
25.4756
29.3249
34.7852
32.1345
30.9801
24.5672
26.9654
28.9718
28.3724
27.5345
25.4635
28.5283
28.9980
28.8567
24.0406
24.9729
30.9025
27.8562
24.2576
24.7721
26.1662
26.1732
32.5847
26.6506
29.9205
27.7401
24.9313
27.4012
26.3326
30.2347
33.3281
26.1225
28.7222
33.7085
26.8122
27.4171
28.0509
27.4516
27.1947
27.0260
28.6215
31.4878
35.7546
37.6405
28.5613
28.2895
29.2628
30.7303
36.2727
24.9955
28.0685
31.0043
33.5681
25.7942
22.7039
33.8896
32.3199
28.2624
29.7703
32.0965
31.7561
34.2338
35.4057
25.6400
29.1795
25.3893
30.9283
29.2582
35.7638
36.7220
21.4918
27.5879
27.8646
32.5927
29.1962
27.0353
28.8352
27.5019
24.8196
32.8556
28.7519
28.1045
28.3100
26.9157
24.7365
26.1427
24.7669
30.2690
32.4889
26.6224
36.4185
33.2147
27.3393
23.1324
23.7148
32.1645
27.0321
25.1239
28.2224
27.5849
34.7679
27.9426
25.3042
25.9548
26.5839
29.3399
33.4315
29.8728
29.6760
33.6287
25.5201
28.9855
24.4509
31.7686
29.5553
30.2152
31.6028
30.7078
27.1667
27.4314
29.9151
29.1802
27.6622
31.1623
29.1664
33.8173
33.5644
22.2337
34.1718
26.8315
26.6969
27.4060
25.3751
28.4878
28.0204
23.3941
29.7229
30.6278
31.3304
23.1502
27.0720
30.3288
28.6042
23.2879
27.9227
26.5728
33.5290
29.7707
21.4693
30.1284
32.2251
27.6538
22.5613
27.0510
31.0429
32.7758
32.2483
28.2737
30.4125
28.4258
27.3327
26.8588
26.3060
22.6250
26.9119
30.0770
32.3420
28.9757
29.8679
33.7267
35.8762
28.6121
31.9583
29.4849
28.2820
28.6240
23.6548
29.8571
28.0773
22.6512
29.9206
29.5344
23.3731
29.5258
32.7221
26.9568
25.7974
23.9408
31.8350
32.7503
30.0050
33.1443
30.9459
29.3401
25.2201
29.6872
24.9613
24.8831
35.2276
27.9414
30.2120
33.3400
27.7452
30.9157
34.8037
35.1401
32.8866
29.7470
30.1548
29.5223
31.4323
31.9973
35.2240
27.7629
29.2084
29.3826
31.2656
23.3986
34.6488
32.5205
31.3104
32.1195
28.9974
27.9793
29.0283
34.9131
36.9135
26.0158
30.0493
36.4615
29.1376
32.7779
32.5655
28.2387
20.2414
30.4323
33.5124
34.6820
30.7915
26.5846
27.4992
31.6719
35.2538
28.4238
32.4481
34.3059
28.5232
28.2594
32.7985
25.3750
25.2784
23.5617
34.5254
24.0530
25.5572
33.3766
31.3075
31.5778
26.4293
25.9889
31.5263
24.5791
23.0155
32.2740
29.7220
36.1304
33.2888
32.4731
30.9939
29.2054
35.6450
36.3809
28.7824
32.5843
26.3067
24.5927
28.9591
30.6377
26.6710
24.3144
25.9449
26.0436
27.1056
26.5690
30.0308
34.2768
26.4396
29.8247
29.1826
28.4573
32.5852
29.0201
23.5569
31.9001
28.0510
26.0218
33.3633
26.2923
29.0980
31.7264
26.3290
32.7222
22.9597
25.5597
36.0454
30.0005
29.8201
33.5480
31.1003
22.2629
22.0764
34.8956
27.6037
37.3346
25.7110
30.2712
31.4666
29.6960
30.3697
24.0543
29.8085
29.3927
25.1448
28.8713
36.1935
28.4638
36.8432
29.7323
26.7962
29.4767
26.9170
29.5593
29.4522
27.1036
27.4902
29.5501
27.4739
28.5778
28.2846
28.9855
35.8929
28.5869
26.1537
28.5322
33.1076
28.6281
27.5752
34.7483
30.5841
34.6456
28.2264
27.5515
25.6238
27.9718
30.4839
34.1740
30.8327
32.9013
29.6036
26.3410
30.4100
28.7654
25.0396
30.0384
25.0430
29.5557
30.8256
33.2056
30.7490
29.7416
25.9687
29.5352
26.3834
31.8972
31.2479
30.7998
26.2017
27.2461
28.7739
28.8720
27.4976
35.1086
23.8735
24.7057
28.1646
31.5401
30.0065
32.4715
36.0610
25.9406
30.5172
31.6918
31.7690
30.8081
28.7362
28.7167
24.5700
31.2774
29.5234
25.1196
24.9567
33.5712
32.9078
23.9259
32.1459
32.8608
27.7267
33.7096
29.2788
30.4688
29.0846
32.2358
33.3732
25.6027
28.8056
31.4109
25.6880
34.9302
32.0478
23.5286
28.8279
37.1504
34.3754
25.3577
29.9378
28.0431
24.9808
28.7719
23.0639
25.0157
30.4969
31.4027
33.0918
32.5405
25.1653
25.8080
32.9214
31.3134
32.7661
27.0737
30.4205
27.8766
31.0753
26.5579
28.2020
32.1742
28.1429
28.1408
31.3246
27.5307
27.8491
25.6802
25.3576
25.0634
28.7736
24.7166
33.1426
35.1541
29.7777
34.1954
27.0317
26.8491
26.9214
18.3174
23.8105
31.1580
26.7803
30.0874
31.0404
33.6964
32.8153
30.2619
30.7905
22.8622
30.7845
24.8712
29.4389
35.7180
33.3373
22.5874
35.2685
34.9798
25.5380
26.1432
26.1770
30.9959
30.0557
35.6862
29.7784
31.5740
26.7840
31.1378
26.7943
29.8557
26.8414
28.4567
28.3782
30.4159
30.0530
29.7836
26.5009
27.9103
28.3975
31.4720
28.8039
27.3432
20.4127
27.9248
31.6685
33.2508
32.8491
27.2461
21.5519
30.2008
28.3492
29.9962
27.5031
27.4077
36.9785
34.1628
35.8233
26.5926
35.8792
30.0406
38.1422
22.7233
31.7879
25.0236
29.5100
32.9864
33.4208
23.4457
23.5320
31.7796
28.0168
32.7126
31.0864
32.5158
30.0846
29.6700
27.4546
32.6498
34.3545
29.6390
26.7224
33.2652
28.7367
25.3906
24.5109
27.5987
28.0491
29.4127
30.6207
30.9614
27.3221
31.2261
25.4718
35.1161
20.8577
29.1799
33.0511
27.6353
28.5431
27.9912
28.6850
27.1655
30.9803
29.3855
33.4235
29.9334
33.5349
23.2417
35.7100
32.9183
24.1630
27.6261
31.0337
33.0756
30.9528
27.4808
31.7473
30.3818
26.4248
28.0655
28.9680
33.6602
30.9526
30.3041
24.3006
29.8340
19.9636
27.2995
32.2626
35.3670
30.4473
28.7572
29.9493
31.7922
32.5896
25.7449
29.6363
29.2113
28.5063
28.1182
38.8283
26.0061
30.3214
37.0580
30.1517
27.4888
29.8275
25.1662
28.0091
30.4047
23.9932
29.4553
28.2316
34.0664
30.2922
30.8734
25.5437
34.1565
25.2715
33.0877
34.2626
35.4295
27.0568
31.1571
28.7954
31.0544
32.5833
29.3138
32.3110
28.2105
27.4324
24.1203
27.7156
33.1560
25.7920
21.7470
29.4211
29.8897
31.2196
30.6100
33.5340
28.1980
32.0949
33.6794
22.3941
30.0342
26.0038
33.8932
29.5717
33.1753
25.8750
35.8291
23.8513
22.9739
23.5097
32.5083
31.5734
28.3889
23.2242
19.5161
29.5339
27.3373
23.8034
37.2245
29.5243
26.1467
29.7398
33.5411
19.8597
28.3290
30.3951
27.6368
27.7090
23.4566
30.0258
21.7058
25.1761
25.2906
31.5855
34.4452
30.5125
30.1311
34.4302
33.1975
31.0318
21.3772
29.0191
27.1616
30.3469
34.0483
26.2131
33.8644
32.1335
25.0468
33.4105
28.5932
22.1004
31.4560
28.5456
23.2851
27.1965
31.0370
33.6809
26.9752
26.0140
30.6378
24.4825
26.3266
33.4213
31.0207
26.4811
28.8213
24.5771
30.3619
22.8346
31.4898
29.3206
26.5637
29.0685
30.3219
32.2308
30.5944
25.2207
26.6483
29.6081
26.1519
31.8315
28.3666
31.2847
31.8774
25.3302
28.1846
26.5202
23.0144
30.8998
33.7432
34.6167
31.0940
29.2036
32.8426
28.9830
28.0988
33.3115
36.3559
32.3243
31.6101
29.7509
27.1607
28.7544
25.1555
32.9656
24.1264
25.8463
25.9139
30.4938
30.8635
28.1380
31.9867
25.2858
26.3986
26.5166
31.5240
28.9460
30.7604
27.6927
28.5213
19.0607
33.4277
33.5799
26.1121
35.3316
33.4899
30.1719
28.6557
31.2501
33.4570
25.2414
32.3878
26.8720
27.1065
30.1595
30.4934
33.0554
32.3177
31.0232
22.3188
26.5350
33.6011
34.4398
34.5616
26.9759
34.8645
29.3382
29.0617
32.4952
32.5265
28.8743
27.3630
32.1544
32.5794
33.1785
28.8652
32.5113
36.5416
28.0038
30.2524
23.7524
30.7228
26.3117
26.6967
28.0833
25.9728
23.3880
30.8097
35.5440
29.1973
35.2710
29.1278
31.4017
25.0587
32.9726
32.2542
31.8491
27.7257
29.7915
31.2895
29.7258
33.1576
32.2115
29.9142
30.9208
32.3750
28.2886
37.4298
23.8620
25.5089
29.7420
22.5827
23.3058
27.7430
29.1116
28.3403
22.3736
27.4454
31.3579
28.5884
28.4502
31.5064
26.5236
27.4479
24.8338
29.1595
35.4309
32.5045
27.8765
27.1181
29.0232
34.7278
32.3685
28.0993
26.6191
28.1725
37.7426
30.7241
30.0433
24.7468
23.9083
24.4055
27.4184
32.0902
31.9034
30.2690
28.2780
30.6325
26.4360
26.5322
27.1459
31.7269
32.0034
29.2078
30.1083
26.7718
28.9872
26.2303
29.3359
28.2680
28.6491
32.6328
26.7875
28.7286
26.1313
28.2600
23.3297
29.1031
27.0439
29.3186
34.0989
29.0375
25.8097
30.8080
28.6054
24.6102
30.4442
28.3766
26.6639
25.2482
28.3423
30.0084
30.0758
29.3909
32.4630
33.7215
30.1082
31.7820
30.3766
26.5517
28.1795
31.5489
33.0523
26.0984
27.1556
25.2525
28.4607
30.4905
35.9136
26.5563
22.9984
23.3569
33.5280
30.8480
28.6447
30.6033
36.4564
24.6382
27.1527
22.4090
32.7685
28.3099
31.9583
33.6382
26.4477
32.2537
24.6520
37.5914
35.7811
30.5727
30.6656
24.2151
31.2328
29.3617
24.0317
29.1935
34.0816
28.4349
29.7569
29.5524
34.3827
29.7927
27.1546
31.8480
27.2677
31.8541
26.9734
29.9122
27.0395
30.3574
32.0499
24.6286
22.9305
27.3604
30.4091
35.8804
29.9560
29.5537
37.3189
32.5101
33.0105
27.0270
33.3195
31.2369
22.6673
29.7973
32.0931
27.6883
32.8785
32.4861
30.6716
29.0719
21.9929
26.9099
26.7472
25.6048
27.0610
26.8435
37.8211
28.8791
32.6212
24.2041
19.8788
32.6177
27.9362
29.9272
27.7063
38.8780
33.2615
29.1087
31.2809
36.4585
29.9866
29.9354
27.7822
26.5395
29.0058
28.2583
32.9269
26.5494
28.7253
28.7970
30.3613
34.2586
32.9065
30.1869
30.1925
29.6094
29.0995
30.2546
32.9653
24.5720
22.5686
28.1189
29.9158
29.1111
31.9417
33.1018
35.4400
33.5820
33.2133
24.8153
25.5851
26.4196
28.6565
26.5092
24.7829
33.4674
31.4445
31.8754
33.2371
20.5965
31.7853
29.4045
34.3041
34.9414
36.1247
24.3534
32.8215
28.9434
26.7424
32.5811
27.8732
27.2983
24.4578
34.4135
30.6276
25.8787
26.8723
29.1840
33.1840
26.7980
34.5285
29.9205
26.9010
30.2766
28.1947
24.7438
29.7042
31.2974
30.8769
31.1160
29.5815
26.3158
24.0267
26.5214
32.2360
22.8817
27.5112
32.0906
33.1034
37.1085
29.8072
30.5508
38.6543
30.2138
26.4091
30.4776
28.4213
23.1711
27.0356
27.5107
31.4322
31.2260
28.9375
32.8184
27.9736
28.9692
29.1329
26.5991
30.6258
31.4631
26.6005
37.0948
28.5358
20.7590
25.8705
33.1901
32.5320
26.8006
28.2049
27.1171
27.4486
27.1809
22.2128
26.1993
26.2616
26.2439
33.3062
29.4066
29.1759
22.9711
29.7110
34.0336
32.6978
30.1785
25.6745
29.4357
33.3945
27.0247
28.1434
33.6113
28.9155
32.8269
33.9781
29.8326
29.3566
26.9784
24.9440
28.6049
26.1823
23.0032
23.8325
23.5374
30.2793
32.8619
30.3784
30.8062
26.1417
33.2373
26.4245
32.2364
31.1328
31.8804
30.9778
21.5811
27.9209
26.7521
30.0399
28.6666
24.9341
26.6365
28.7248
31.8506
25.0439
28.1687
28.2049
37.2578
28.7603
26.6937
30.4420
31.0938
37.2791
29.0773
28.0890
28.4096
29.4038
29.1530
32.6671
30.9673
28.3897
28.8001
25.3122
26.8803
34.3039
35.6219
20.6032
26.8842
33.5246
30.7013
33.3181
25.5774
28.6831
32.7037
30.3020
34.7806
32.9766
30.2635
31.6779
27.9784
29.5681
33.3125
25.6907
29.0490
31.0632
30.7285
29.9553
27.1992
27.0828
30.0824
27.9143
33.2167
30.5003
29.1257
25.6736
32.1119
27.6760
27.3097
28.6294
23.8032
33.7470
33.6916
33.7185
29.8662
30.0370
28.1838
31.8308
31.7253
35.3716
22.9907
25.8162
24.0658
31.8692
34.0905
32.3718
26.9871
25.7787
34.6085
26.7729
23.7306
30.8521
34.2643
29.8003
31.8049
21.6412
24.4765
31.1952
26.3280
34.9108
31.3895
28.7723
28.7011
32.5244
31.1452
22.3345
27.6317
26.2794
28.0214
31.8884
22.8668
26.0794
30.8689
35.2844
25.9759
24.1664
30.9640
32.0715
28.3036
30.6806
27.8760
31.5047
27.5599
35.3139
32.9861
25.7716
32.7808
31.3304
33.3815
28.0629
33.7239
24.9099
26.0570
31.6999
30.8058
36.0198
32.7870
31.1816
30.6806
31.0101
30.6737
26.9264
30.9124
29.0297
26.8333
33.1745
27.2865
28.8993
25.7083
29.9577
31.8875
33.9953
24.3073
30.6593
26.6025
28.2912
28.6061
33.4797
27.8367
30.2556
29.9500
33.0776
32.4438
27.1631
29.2024
32.0450
33.9299
33.9476
33.4682
30.1493
30.1101
25.0230
30.8206
31.4669
21.1709
31.9947
24.3305
29.8072
26.7697
36.0781
30.3805
28.8783
33.0343
30.0982
30.2159
30.0708
26.5959
25.3347
35.0224
27.8013
37.0235
33.9854
24.0531
31.0374
36.1459
31.4642
27.9039
24.9472
26.3629
30.5863
32.6387
31.1883
26.2283
29.1280
24.6533
26.0979
27.2458
32.2554
29.9853
32.3493
37.2863
29.2787
29.2650
33.7240
19.8810
31.9754
31.4238
23.8947
28.5145
25.9669
32.0974
31.1310
28.1391
30.8791
32.0057
34.6650
34.9101
31.9493
31.8328
24.9173
31.7007
29.3261
23.0089
32.2717
30.2862
35.6840
29.6302
27.9513
29.0970
25.2039
30.1339
25.9921
25.3914
25.4020
29.2488
28.2199
33.0528
29.4305
30.0697
29.5873
30.4570
34.7091
35.3257
28.5485
33.4918
31.4417
29.7283
30.6131
25.0149
28.0687
27.8037
25.5359
27.2107
26.0716
31.0483
26.7617
32.4762
30.2537
32.2696
25.9014
25.1460
22.0335
30.3518
30.4799
25.8075
27.8743
33.0341
27.9223
26.6156
25.6206
24.1268
28.9628
30.8378
29.7906
27.5304
25.7269
29.8429
24.9904
32.0242
28.9361
30.8836
24.5541
23.7802
29.0668
27.2483
34.6139
28.6336
31.5797
36.9147
36.9860
33.2737
26.5683
29.9371
28.4419
32.8723
21.2130
23.7471
33.4662
27.5851
29.7242
33.8801
27.9575
34.0722
31.2719
28.2510
28.4816
30.3472
33.3964
31.2233
27.4751
30.6036
31.4658
29.8231
26.9465
33.0262
28.7238
28.9310
28.8772
35.4737
27.3201
26.3923
28.9960
24.4263
27.6313
27.1504
24.1273
34.0263
31.0985
30.2772
29.8468
24.9247
34.5631
30.5180
31.8022
25.0816
33.8513
34.0184
30.3638
32.1588
34.6675
30.5800
30.9734
38.2282
28.5442
27.3258
25.8393
35.0395
34.2486
30.7814
28.7759
31.2564
28.9532
34.4577
26.9328
31.2028
28.6789
28.2314
28.8735
26.5805
30.8837
32.5026
29.3561
28.9468
27.9203
27.0481
30.2076
25.7044
34.8873
30.7183
31.4921
27.2639
24.7002
27.4662
27.5962
28.3648
29.7809
28.5359
31.3749
31.5130
32.5011
24.3964
29.3369
31.7212
27.9860
31.3715
25.1911
30.3193
23.9907
33.5093
26.6586
27.2032
27.2577
20.4835
29.0760
34.3151
30.3792
29.3233
33.5917
35.6120
29.8391
30.6999
28.6281
29.3192
29.9704
30.2149
28.2134
28.9329
22.5883
33.1067
29.9206
26.9825
30.3494
32.5667
33.7499
28.3640
27.4002
26.9687
34.0610
31.8708
26.4000
25.1803
32.4434
27.9123
28.1386
23.7952
28.4892
30.0200
27.9447
36.9832
31.3640
31.3896
23.2993
32.9434
24.6461
27.2638
31.2097
21.8367
33.8771
27.2964
38.3266
37.4183
37.6096
30.2102
35.4523
35.7346
32.9497
25.1335
22.1564
31.5894
25.7756
33.6046
33.5608
31.9305
28.9447
22.2705
31.0123
31.3312
25.2406
25.9009
27.8980
29.2871
33.2147
24.6029
29.7577
29.6208
35.4705
26.2757
27.4448
24.3245
27.5753
24.8471
30.8130
36.3289
33.4642
28.7089
32.3799
39.6102
32.0634
26.7694
30.7596
22.7708
31.7876
34.7224
25.5006
23.1781
27.3040
33.6737
30.9859
25.5412
29.7073
31.3784
35.3746
35.7408
35.4781
31.4838
31.0816
35.5168
31.0324
30.5247
30.2467
31.4560
25.5585
25.5791
30.6226
33.4563
33.5811
24.1214
29.0063
36.0904
27.6128
31.0000
35.8824
32.3796
29.1166
26.8983
31.3279
26.7845
30.3538
31.3333
31.7003
24.4575
28.9363
30.0897
30.5257
29.0609
37.2763
31.4002
29.3416
24.2481
30.9936
26.8763
25.5632
26.2231
22.5217
24.2899
35.5934
30.4565
35.4141
27.5499
28.5478
29.5752
26.8552
24.6290
29.4657
31.4048
28.5967
34.2757
32.4893
34.5670
24.4042
29.6183
30.0407
27.3060
30.3667
25.2193
24.7793
26.3907
29.3448
30.9411
24.1881
32.2444
29.1555
32.0051
26.0272
31.0833
23.4438
28.7677
28.0617
35.0872
22.7215
31.6799
28.1180
26.0819
23.3250
28.2733
26.4765
31.4096
28.3141
27.1079
27.3873
28.2373
26.8503
26.7583
24.2875
25.2403
23.9570
27.2468
33.0399
29.0319
31.8257
25.5952
34.3600
32.1182
32.0951
24.1181
32.5619
27.6490
26.7761
27.9603
25.6844
25.0233
27.5803
35.1404
25.8048
27.6793
35.2609
29.5813
32.3209
25.7222
31.9131
27.7087
31.0755
30.8199
31.8645
31.6071
34.6687
34.3123
31.2895
30.0817
28.7099
31.2345
25.4242
33.8148
27.3572
33.9400
28.2888
29.3733
28.6387
32.8561
21.8028
28.7520
26.8574
30.4996
29.9212
34.0480
22.2909
31.4290
29.9151
27.1478
26.0448
32.0776
26.6286
31.7470
35.5533
23.0810
28.4536
35.4487
26.4837
31.4781
29.6306
27.1620
29.7781
31.5417
27.3020
25.9622
29.3111
23.5450
30.7644
28.7118
35.0632
26.5110
31.7495
29.0228
30.7750
30.4601
31.0257
32.7649
28.2932
33.4789
29.7556
28.4602
26.9115
30.1989
27.6861
28.8924
28.7549
28.7175
27.6784
29.7528
33.3073
25.7640
25.9005
26.9796
29.9427
26.5227
28.6362
28.4073
31.7232
25.5462
20.8414
24.1392
33.9082
30.6188
33.7905
24.8302
28.8758
26.1301
30.2869
27.2813
34.0838
23.6460
30.2680
31.3870
28.1785
25.2730
26.9060
28.6193
31.3447
28.1960
31.9583
27.9524
32.8318
30.6427
29.4272
29.8084
25.9554
26.2411
33.7683
30.7376
30.4480
33.7098
24.4571
30.8369
27.2955
28.8938
26.4635
30.2643
29.4096
33.0201
35.2860
32.3090
31.9479
22.0380
26.3814
28.9390
25.0991
28.2635
24.5439
28.8880
31.6119
21.4962
27.6817
24.6015
25.5054
26.0472
33.1916
26.2597
22.3408
31.4003
26.4771
25.6813
33.1061
25.5509
27.8861
39.0957
28.2606
33.2127
36.9355
21.4302
22.9717
29.3058
32.2161
26.7995
26.5542
33.5043
29.6823
27.3388
35.5438
31.0474
33.1453
32.4884
25.5346
27.3807
23.4464
25.2698
28.6850
28.8381
31.5378
26.0079
24.5208
31.1297
25.0541
27.1838
30.1868
30.8415
32.2170
29.7763
27.0150
24.5629
24.8089
32.5102
27.5101
31.7934
32.4372
26.7403
30.8000
25.2364
36.5033
28.2638
30.5607
23.0780
26.9738
34.0942
23.8336
34.1440
26.7129
30.2282
31.7767
33.0553
27.2095
33.6321
35.1406
29.1994
27.5610
27.5225
28.5045
32.3876
30.8041
27.7446
33.2482
27.7349
26.1957
30.7848
22.8685
24.4067
36.3672
32.9870
30.0867
35.5042
31.2501
32.0748
28.8346
31.7459
28.6888
32.8797
28.9794
30.1066
29.7125
31.0967
31.4377
31.1847
35.5470
29.9684
25.8709
29.4847
31.1874
31.7093
30.1312
28.8362
35.4776
32.0981
31.5527
24.3246
28.5306
33.3255
31.5382
24.5082
27.2335
29.7080
30.3249
30.7972
30.1004
22.7836
28.2355
30.4014
26.7523
29.2382
35.2067
28.2663
24.2053
25.7685
33.3224
28.5111
31.9268
22.7433
32.4086
23.7969
33.3666
30.8248
36.3107
27.6768
31.1709
35.2457
28.9578
31.3547
22.4627
26.3035
32.7283
29.9707
29.3433
33.4404
30.6625
37.3345
24.0580
25.9741
27.7527
35.1940
22.7929
26.3841
30.5067
31.5123
36.2675
29.7248
32.0242
27.8422
34.2155
30.7445
29.5206
29.0747
24.5033
30.4751
31.8915
27.5066
24.9381
31.5819
24.9039
28.1496
28.4032
24.7787
30.3130
31.0688
24.5687
25.6000
31.6676
24.0309
27.2197
27.6316
26.3019
28.6950
28.1530
32.6478
26.6429
29.0171
35.5128
32.5710
28.6212
27.1171
35.6937
30.3836
34.0577
29.7018
31.2640
33.0439
28.6350
27.1923
23.8236
33.5996
32.7202
28.5251
28.8709
32.5346
28.5091
30.7173
31.2700
28.2317
29.6134
34.3653
31.9948
31.2885
20.5121
26.0228
29.6822
20.9095
21.2030
33.5852
36.3539
31.7630
34.3807
28.9851
29.2950
36.0199
26.4940
32.7064
31.3924
28.0545
20.8374
27.0669
34.8427
31.1491
26.1694
35.4428
26.8077
29.7374
29.4661
24.4543
31.1962
31.0932
26.3386
28.7387
32.2104
33.1523
33.8853
29.1802
32.9019
28.3282
32.8318
33.1985
36.8786
26.6725
31.3504
32.2277
34.7661
25.9508
28.1230
32.9999
31.3853
25.0640
27.0244
28.3682
30.0358
25.9487
18.7471
24.6044
25.3314
24.1181
28.4247
27.4483
26.0616
29.4013
29.7322
35.5787
33.8414
23.5769
25.2200
27.8018
27.7941
32.4629
34.4415
32.7858
25.6745
30.6000
32.1055
29.6263
30.8706
21.9611
29.7866
26.4620
26.6417
28.8228
38.2079
31.5091
34.7833
38.3152
35.1559
32.1112
26.0964
33.2566
31.8640
29.4952
32.7489
21.6199
31.1060
30.2637
26.0314
32.4831
32.5761
30.5796
24.6494
31.4973
36.6877
34.8836
32.4740
26.9340
29.0804
27.5598
25.4234
31.0615
32.8652
31.7374
22.3611
28.3912
36.1792
27.8539
28.5460
30.3066
27.6663
30.4624
34.5304
27.4763
28.0991
26.5229
31.7920
32.0805
32.8505
28.0138
29.7603
30.4641
23.9610
25.7894
32.6368
35.9365
27.6451
31.3429
34.9560
28.5813
31.7467
29.6278
31.2760
25.7626
28.9546
24.4675
30.6723
29.8354
30.4519
31.1027
23.3642
28.5961
25.7736
33.3911
24.6077
26.8989
24.2882
27.3980
20.4001
31.9954
31.8306
30.1120
27.9007
35.8084
28.6472
30.3360
32.4349
35.2412
28.7186
25.2506
26.4305
33.9428
31.5807
26.5440
31.2769
32.7395
38.1872
23.5656
31.4616
29.8981
28.7019
23.0408
32.8206
35.5387
26.2988
29.2000
31.6570
22.6326
31.4498
32.4914
29.9610
31.9174
29.2990
25.2297
27.0953
26.9299
37.0462
27.1137
26.5763
28.1931
23.6334
26.1750
25.1037
29.6961
29.2571
24.5480
20.0436
33.4827
27.8856
32.5948
28.2468
28.2224
36.2330
33.2257
28.1502
24.8495
29.9678
31.2699
33.4071
35.5016
27.3052
34.6693
31.5762
27.3198
37.3217
30.9213
36.5065
35.1136
30.3125
30.2146
29.2953
26.7777
28.8924
27.7717
32.1034
33.1167
26.6876
34.3183
26.8434
33.9779
27.6962
33.5385
32.7433
30.0733
29.5363
30.4983
24.2344
27.9332
28.7435
32.2921
30.3981
29.8512
33.1344
26.9644
31.1657
33.6103
31.1800
32.9297
24.4201
30.5652
33.0991
31.2023
23.1753
34.7392
34.0738
29.2570
32.7431
33.8056
28.3447
31.5626
30.3113
33.5087
31.4632
31.8471
29.7984
29.4767
26.5761
28.6816
29.7685
23.3985
24.5639
26.0789
27.0199
28.2336
29.7864
36.8580
30.4308
32.2481
29.9653
27.4313
30.2339
26.8467
28.7678
29.0995
25.3011
30.4260
31.3609
31.5940
28.0566
25.7731
25.4312
24.9906
33.8184
31.3058
32.5184
28.4196
26.8754
31.0352
34.5803
35.0045
27.6236
34.1247
27.1914
28.5800
33.3813
30.2233
27.6028
29.5428
30.4454
32.6165
37.6842
27.3174
25.7623
25.4081
26.5618
35.0971
29.4814
30.3955
24.5148
34.6276
27.6436
32.6519
28.3824
23.8111
26.7914
34.9859
31.4675
29.3652
28.7934
36.9224
24.8103
30.4560
32.4895
36.5851
38.7537
29.5426
33.5979
28.5388
25.9148
34.2139
33.9329
27.7082
35.8270
31.8741
29.5680
25.1481
25.8579
27.9856
31.1874
32.6827
33.7840
25.9541
29.2316
26.1547
34.3917
34.3208
28.6666
28.3840
31.7689
31.3988
26.8389
23.7950
35.2118
30.0735
26.0038
34.8848
27.0139
27.0365
26.0186
28.5352
38.4555
29.8840
33.3252
27.2821
25.5374
29.6741
25.1455
22.9618
30.4354
25.3443
24.0238
23.7797
28.1057
35.6722
29.9317
29.9527
30.4557
25.6363
37.5663
28.1182
33.4543
23.3187
22.2643
36.6531
28.6581
33.3568
30.6267
28.4177
25.7826
31.0190
30.4039
31.0594
30.6760
20.1766
24.8557
25.4802
24.1335
29.9786
32.8776
27.7250
26.2649
31.6747
27.8563
31.6966
30.4033
26.6732
29.2945
29.4592
26.2717
35.0344
27.4866
30.8244
31.6363
31.0837
34.5624
26.9358
31.4332
25.7734
25.7354
29.3960
28.4902
29.5036
25.8597
36.8373
27.6077
34.4224
30.1443
32.5967
28.4764
31.7942
35.5609
33.4674
30.7255
26.0167
31.8613
30.7912
31.6411
32.5463
27.7295
26.6851
27.0821
23.7784
31.4793
23.0909
30.0566
28.5332
30.7867
25.7062
33.7659
35.6345
32.8050
25.3496
32.1434
29.5267
29.2463
26.1293
31.8227
34.0385
26.7586
30.1655
28.2032
29.7381
33.3871
33.1173
28.0501
30.5746
25.7811
26.8898
25.6160
28.5610
29.6346
26.8428
25.3407
26.5584
24.5006
27.2283
33.8498
30.9520
32.5097
26.2675
28.3515
32.5795
32.6900
31.0529
25.2856
28.6650
35.8540
26.8839
26.6095
37.7916
29.9842
23.7285
26.9702
30.8825
25.9437
23.2513
37.5075
30.6892
25.9729
28.0991
25.9719
24.8170
25.6745
23.2008
24.9567
33.2120
33.0797
26.2315
24.6792
32.0371
22.3266
29.0693
27.9570
27.8620
32.8547
28.9446
34.0297
33.1480
26.2156
33.2544
33.9968
31.0143
33.5774
32.4130
27.6683
28.9198
31.4424
31.3421
22.7129
28.0187
25.1816
32.4728
33.0519
25.1256
31.4833
28.2558
28.0630
24.5766
25.8337
30.0766
35.5936
22.8682
26.4247
28.8865
33.0442
31.7326
31.5222
31.8757
27.7666
24.4597
29.4505
36.1974
28.4391
29.4987
28.8615
29.0980
28.5979
33.2748
28.8869
23.0312
32.4139
36.5285
28.8300
29.2416
29.0090
25.2508
23.0796
35.5337
30.0665
31.4307
35.0507
32.1012
20.1956
25.6233
25.2223
34.7804
29.5140
29.2406
28.4459
27.3959
21.8127
22.4353
32.5013
31.7530
31.9510
28.9221
31.3515
27.7155
31.0296
33.6321
31.8550
28.8826
28.0227
23.6608
23.5392
31.9446
29.3463
32.2777
37.1981
27.8960
25.2918
23.6969
32.5044
27.9309
32.2444
30.7849
31.1209
34.5480
24.5522
32.6665
30.6080
31.8417
29.1075
25.0805
31.5041
22.7351
22.3541
26.5230
31.7630
32.0515
31.5121
39.5700
27.8699
25.8466
27.5946
29.7126
27.8881
31.0622
24.7754
22.6455
25.3738
29.7811
31.0738
31.1845
33.6213
22.9532
26.8629
29.6750
28.9580
39.0459
30.6394
32.2905
24.8311
25.4953
27.4031
24.9219
27.9408
29.8795
28.1605
29.4871
25.3563
28.5098
23.8737
25.1035
23.6210
26.0138
30.3940
28.7758
32.3407
27.7673
28.6992
28.5833
26.6437
32.1182
33.2373
27.3600
28.3898
32.1232
35.8521
31.6651
30.9545
22.0344
30.7025
38.3706
33.4592
22.8397
29.8873
30.6393
34.3738
29.7767
29.2032
30.9668
31.9551
27.6702
29.6473
28.6475
21.9823
31.3460
26.2143
31.9459
25.2636
34.8153
25.2423
38.1493
33.6715
23.4767
18.1654
31.9104
35.5171
27.4030
29.3618
32.2068
27.9662
31.9267
22.1823
29.1068
27.0276
28.5096
35.9228
32.1742
30.9840
24.2847
31.7963
34.7602
31.0886
29.7501
28.3758
30.4684
22.1661
29.1399
36.4307
35.0919
28.9928
31.5841
29.5290
24.0820
25.3316
26.9394
32.9432
30.3789
26.6363
30.8394
30.5035
35.2769
31.8253
34.7737
30.6165
22.9050
28.9624
31.4002
26.6000
30.6933
31.2229
30.1508
32.6413
29.7586
31.6689
32.7450
24.0164
26.6947
31.4730
25.9831
37.9869
30.5713
37.5188
33.3154
28.5027
25.7084
31.1292
33.7094
28.2361
35.4551
31.2513
29.9586
20.7835
26.9451
28.5994
25.6024
27.2537
31.2074
30.6910
26.9851
33.5281
39.2351
34.9552
28.9569
24.2861
33.1057
29.7489
23.8288
26.3803
30.4953
26.2142
30.7817
21.4752
27.0691
25.1878
33.4641
30.7762
29.0590
25.8162
35.3006
31.0024
20.9892
23.7550
27.0149
27.5683
28.2339
31.9488
27.3603
27.3774
31.5874
28.0448
32.2187
26.9672
23.3503
25.6556
31.9686
28.4771
28.8645
32.3143
33.3508
30.0641
31.2324
25.0901
33.7725
30.6507
29.5232
26.8947
28.7028
30.6064
31.3874
34.0639
30.5622
27.5925
26.0894
28.4129
24.5209
28.3864
32.1774
35.8072
30.0937
25.9134
34.4702
26.1123
30.5220
33.7041
27.9704
30.0574
27.5418
30.3824
30.8895
33.6651
25.7258
28.9803
27.7645
26.2540
31.3295
37.4788
33.4913
26.7811
31.0674
31.1771
29.2553
24.5108
22.3947
36.2368
27.3371
31.1296
29.1086
33.9990
27.0755
27.0086
32.2509
32.5326
31.8417
35.3573
30.2705
37.2334
33.0326
28.3011
29.0268
27.6068
29.2813
28.8157
27.5758
23.4119
33.3325
39.2979
26.4885
28.3546
24.5445
26.7230
28.1629
25.7266
33.7467
33.4326
27.3335
27.3299
37.0882
23.7095
30.9399
24.0126
33.0750
26.2130
32.4565
28.7630
32.6686
25.9580
27.5191
24.8921
28.3963
26.4363
31.0815
25.0467
30.6471
26.9319
28.6183
31.3374
33.1487
27.1025
33.8930
35.9451
32.9292
26.9610
27.5329
33.8250
26.8403
28.5498
26.0574
31.0056
19.9021
28.8157
27.0002
27.4765
27.6478
30.3575
27.2744
22.6754
22.8592
23.0134
34.0192
26.1365
24.8871
24.5532
25.9247
31.8100
28.1168
27.8693
31.0422
31.2378
26.1961
38.6509
31.9706
28.3681
27.6251
24.6444
33.3867
26.7155
31.0550
32.2683
31.9835
31.2113
26.9005
32.0128
30.3090
24.6454
29.0600
31.1202
31.7223
21.5509
22.7948
28.8740
33.7830
30.1000
30.5473
27.7301
22.3763
31.8518
26.2774
29.4211
32.8021
28.6803
29.8621
31.5622
27.7915
28.9898
31.1398
28.8588
29.9788
27.8518
25.4905
27.5384
31.1836
32.1861
25.0319
32.3410
28.0296
30.3986
29.0806
27.0445
29.0304
33.2478
31.7312
35.9742
31.8943
27.7620
25.3382
30.4314
29.1824
32.7799
27.4366
27.2889
30.5801
26.0274
24.7181
35.9684
28.8223
31.8410
33.5964
22.0708
23.2272
26.9466
26.1728
30.7144
29.3302
33.9626
25.2896
29.9941
31.8787
28.7235
34.7982
31.8634
28.3971
27.2311
35.8784
30.4425
33.8372
28.7475
32.4921
30.8136
27.8454
31.9064
31.2270
28.0287
20.7668
37.7202
31.2226
29.0434
32.3129
33.0727
26.6480
28.3948
25.8761
26.5579
30.8610
27.0534
30.4223
32.1963
31.7950
31.5845
26.4630
31.0865
28.4832
29.2729
33.0717
30.2835
29.5541
34.7049
31.0238
28.6442
33.0197
25.7545
32.1689
28.1587
22.7563
31.2791
27.0687
28.5714
37.7441
31.5598
30.7386
30.4573
32.8311
28.3930
28.7246
33.5491
27.7992
26.6911
29.6577
31.9126
30.5053
31.7890
22.5060
30.7212
23.8102
37.6669
29.7331
27.5846
36.5234
25.5348
31.3086
28.6614
31.0506
24.4599
32.1008
25.5013
26.6106
23.0203
33.8173
25.3365
33.0668
30.6317
30.9116
27.8299
33.7061
33.2755
32.2366
26.3678
34.8613
32.1716
29.8045
30.2639
27.5855
27.8360
26.4003
34.2339
28.9293
24.5144
29.7142
36.1365
32.0013
34.0427
33.9896
33.2020
27.5634
24.9170
34.6854
35.4824
31.0285
32.4792
31.0188
30.2981
26.0500
27.8985
31.8926
32.8099
30.8141
26.7017
30.9950
28.1987
24.5546
29.1425
31.1591
30.1359
36.2430
30.2121
28.6903
27.2621
24.8553
26.4682
32.1546
31.6569
26.2877
29.1405
29.2205
34.9803
35.3427
27.8525
33.3560
29.2523
30.2313
30.2714
35.8502
36.1234
28.6806
34.8229
26.4526
32.2175
28.8257
29.3261
29.7812
25.1918
28.7995
36.1829
22.2381
31.4708
30.1011
27.6974
29.6695
28.3232
27.5067
24.5255
23.7364
30.6158
29.7149
29.0173
32.5779
30.4007
32.5694
28.8951
31.9348
30.6532
32.2758
27.8884
30.7186
27.1395
33.7831
27.7393
22.4314
30.7453
29.2985
24.7193
23.1160
26.4932
29.2941
24.2809
30.2146
34.6282
31.8022
27.0232
26.4323
26.0595
31.5174
31.8244
31.2219
30.3812
31.7878
29.7839
33.2049
23.3763
26.3685
26.3579
30.9130
31.3508
31.0419
27.8489
26.1039
30.5533
29.2046
28.7458
33.2934
22.3854
33.5649
36.4145
32.3016
23.9117
28.1015
29.5939
29.5357
33.8806
32.6470
30.7865
33.6714
30.3480
35.5682
28.0050
28.6030
34.1225
33.4194
25.6887
28.3124
28.0127
33.1688
27.7296
32.9367
31.7706
32.0688
28.5056
26.1826
24.3804
24.0316
21.8155
23.9708
32.0629
29.1553
23.7259
34.0128
25.5180
26.6824
31.8999
28.0550
34.6836
32.4464
30.6162
31.9621
32.3410
32.4143
28.0473
26.3402
23.5881
25.7331
34.4143
34.5942
32.7912
22.6004
21.7189
30.5329
27.3408
29.1833
34.0190
33.1525
27.4279
34.5995
26.5436
30.2297
30.6302
25.8786
28.4725
28.5446
28.9707
29.3221
26.2658
33.9568
30.7837
26.2538
31.4791
27.8505
36.0817
27.4855
28.9389
27.8762
36.4303
26.0779
20.2953
31.5006
35.4256
24.0068
31.3706
34.1069
28.7865
28.6667
29.9634
30.6601
28.5908
27.1707
33.1783
29.1035
25.0110
26.8797
24.8766
26.3740
25.4973
28.9545
34.3714
25.4914
33.4045
31.9581
33.4576
31.9510
31.9538
31.2068
29.0220
28.0047
26.0268
36.3407
28.6721
26.6966
29.2754
28.7680
33.1304
29.2554
34.8239
29.8252
32.5874
22.0870
23.6493
30.8368
25.0377
32.0264
35.5674
25.2852
33.1505
33.2412
28.2197
32.6784
28.5319
31.4663
27.8371
27.2949
24.7235
36.8013
30.4467
24.9500
28.7236
25.9979
30.2161
30.5187
29.5346
30.2144
34.9782
28.8146
26.6445
33.3939
26.4150
25.5734
31.6962
29.5147
30.1735
27.4862
29.3966
28.3420
26.8187
30.6845
35.6588
26.1658
30.6849
25.2536
30.1825
27.6332
28.6715
27.2642
23.3885
21.8835
30.2529
31.2132
31.2768
26.7464
31.1546
25.8354
28.9586
29.6044
27.0119
30.0261
34.2891
30.2974
29.9847
28.6673
25.1165
33.0635
27.3883
31.3931
32.5332
28.8344
25.8869
25.5812
23.0223
33.3610
34.7920
30.1526
31.4840
34.2535
30.6336
28.8511
31.0571
23.2073
30.2385
34.1131
32.9233
35.6884
28.7252
29.2514
25.8742
26.5497
29.8571
25.3595
22.7079
29.2856
29.5213
29.8495
25.1224
32.9083
29.0398
26.3360
27.2666
28.4661
22.9604
33.2113
33.5170
35.8441
33.2615
36.1590
24.2485
31.7086
30.3095
30.4884
33.7580
28.6349
27.0674
30.5225
33.8310
28.8326
31.2484
31.9972
25.6976
30.8300
36.0424
30.8576
30.1782
22.0941
33.6167
32.0950
26.3015
27.7069
30.8402
28.1317
32.7623
33.5033
26.0740
28.5187
27.9863
25.8597
28.1460
28.7144
35.8628
32.3832
32.8663
32.7305
25.2692
29.2386
30.3286
27.7550
29.8238
26.4390
32.9312
25.2267
21.6252
22.2168
26.9803
31.8385
29.3365
26.8388
36.5026
33.0820
31.4933
25.0983
28.8618
29.5235
27.6881
31.1905
29.9908
27.3844
28.9932
25.1121
28.6959
32.1786
28.8431
29.4074
30.1542
32.2656
31.7699
30.2324
24.5907
27.3861
27.3109
32.6708
35.2068
30.6109
30.1846
27.9701
35.0990
30.6355
28.4045
30.8015
29.5960
26.8165
27.5585
33.1100
33.0947
27.3672
34.0141
29.2776
28.9223
25.4315
30.1321
29.8131
32.4125
27.3563
23.8006
28.0115
29.4557
32.2814
30.8120
29.2933
34.6277
30.2375
33.8465
32.5941
30.2295
28.9379
29.7494
24.7329
31.9471
31.7862
34.5709
31.2590
35.0991
29.3107
33.1962
36.9058
28.7862
28.5027
29.7396
30.6509
35.3492
35.7341
32.0603
33.0322
20.8843
31.0247
25.1011
29.1589
28.1052
33.6641
31.9098
27.6698
32.5244
26.3545
30.4126
30.1023
25.1314
32.4082
33.4222
29.2857
25.6795
38.2452
28.6919
24.2874
26.6327
24.4459
26.8219
25.1725
30.1667
31.7205
30.6420
34.3063
27.0455
31.4282
33.3051
30.9518
30.9442
26.2004
33.5269
23.5428
29.0893
29.9685
28.3263
29.5666
28.6676
36.5431
27.1101
30.9999
30.3513
30.2607
31.8298
31.2418
21.8739
30.0137
31.7814
28.1116
37.0302
27.7263
32.8256
31.4754
36.4340
25.1515
24.5890
28.7504
25.1307
31.4242
26.8055
29.3602
26.4490
30.5590
32.3201
26.7140
35.4534
31.0436
26.0860
27.4781
30.1423
28.5471
29.9374
24.4302
23.7848
32.7889
27.9490
21.8582
24.4699
29.2162
23.6447
31.8373
25.8685
26.3570
29.1146
28.3279
27.3551
24.9525
22.7287
30.4452
29.9299
31.7051
31.4786
29.3877
28.5340
31.4994
28.9224
32.6107
33.2465
21.7990
31.6893
28.5179
28.2809
24.5496
24.9647
30.4366
24.9935
26.6692
30.9438
25.5022
32.4721
29.8276
35.3095
31.3993
27.5362
30.4851
31.1548
34.9777
31.4489
26.9512
35.2327
33.9898
27.7749
26.6554
31.8006
24.9210
35.0257
34.8319
26.1783
29.0182
28.2433
25.9115
35.6310
28.1808
24.5312
22.0708
31.4740
31.3190
34.6494
27.8954
36.0193
24.6048
34.1341
22.4876
27.3666
30.9128
31.4381
29.0203
30.4036
29.6880
34.3788
28.8562
35.2364
30.9178
25.6820
30.3003
36.1781
31.0540
30.5844
32.1329
29.8308
26.4451
26.6784
31.1591
27.7079
26.6563
27.8490
33.4184
23.0713
30.1962
32.5377
30.3546
35.2615
26.1593
35.5872
27.2457
32.4632
36.4772
35.3092
28.0454
28.9713
29.4942
24.3896
30.4512
30.4007
33.5147
32.8859
25.1584
26.2265
27.5670
28.3413
32.0291
26.8295
26.9545
28.7092
31.1584
35.8567
31.7250
27.2253
24.6002
31.0458
29.4948
26.0448
29.7513
32.2290
31.7372
23.9228
27.7593
28.0179
24.8107
32.3081
33.4414
31.4859
28.4246
29.7312
32.4473
28.1590
31.8347
31.8952
29.1631
25.8956
32.9008
32.1260
27.8923
28.3185
26.3432
28.0091
23.5968
31.7195
34.5800
34.3353
29.8070
35.8272
31.0604
28.2605
36.5464
26.8443
32.6275
35.3121
28.7309
27.9092
31.7113
22.1285
28.4226
34.2284
31.8619
24.6353
34.5411
35.4806
30.0655
27.0147
30.0470
26.2117
31.1284
28.7655
28.6206
28.4745
31.6786
29.8069
24.3906
26.8821
28.7804
27.6493
33.4271
28.3034
22.2825
26.7362
23.3621
33.2911
34.5511
34.3856
34.6325
26.4502
31.3446
26.8756
30.9739
28.8451
35.9185
27.4380
27.3445
29.9668
30.2155
27.1900
33.3737
29.2335
30.4053
31.0053
26.8695
28.9543
37.3976
31.5403
27.8589
32.1824
28.5243
27.6957
26.5533
31.3322
26.8509
25.7449
32.9962
25.6789
28.3891
35.7033
25.8151
28.7299
34.3636
27.3251
28.5179
26.3715
27.3037
25.0236
28.9702
30.9148
31.5217
24.4713
23.2765
27.8857
28.0220
30.7173
28.7391
27.4233
29.2782
32.3011
28.3536
28.9750
28.3347
28.1342
24.1663
28.7425
30.7929
25.1577
26.8826
35.7982
34.9549
28.5717
33.2149
23.6400
26.8932
33.0493
31.1517
30.4316
28.0149
36.2308
31.1188
27.1728
27.8768
21.3402
27.5924
31.7340
38.2219
29.3517
26.5646
36.7975
34.4592
30.8732
26.1527
30.4174
31.8705
28.0560
22.3055
30.7795
39.0325
25.4764
34.8898
33.0953
24.8723
28.6223
30.1863
27.3775
30.7877
29.6934
31.5435
30.1200
29.2706
27.4810
24.4644
23.5383
24.6851
33.7262
28.5967
24.6215
30.7343
31.2727
31.6018
33.3071
29.1832
32.8593
22.5789
32.6644
32.5115
26.9039
29.7276
30.3380
34.2532
21.1134
29.9935
34.8166
25.0270
31.2733
26.5399
26.3341
28.9664
36.5291
23.1530
34.6244
31.6159
30.1437
29.8492
33.2393
24.7110
33.2208
30.1177
32.4483
36.3336
31.2611
31.5650
26.5505
28.5982
31.8664
23.5152
34.1849
34.7873
30.2644
24.1891
28.2269
27.7526
24.6577
24.1494
27.2124
25.7516
35.5814
29.1054
30.0864
25.9810
31.8009
25.4729
31.3283
26.6156
27.7998
26.5934
31.8979
24.9595
25.8923
32.4773
34.5703
31.7779
30.4042
26.9968
28.2819
31.8822
31.4325
24.1285
32.4408
30.3685
27.1755
27.4482
30.9874
27.7406
35.0620
35.7511
29.5106
23.3211
25.5135
28.5511
26.1511
30.5137
32.5184
29.5909
27.0726
24.5088
22.4086
27.4646
33.5307
28.3474
27.9554
31.0042
28.2090
25.7728
36.0754
28.8468
30.5416
23.9000
28.5139
29.3885
25.6914
24.1950
32.8254
28.7879
35.6147
27.1183
27.5765
32.8003
29.0944
23.1011
35.6594
34.4169
31.9615
25.5906
29.7120
33.5343
35.5513
25.1615
25.4470
26.5077
26.2310
26.8171
28.3142
32.5011
33.4580
25.0411
32.0974
32.0719
35.1826
27.7366
26.7815
25.1016
25.2412
34.5570
26.2638
27.5980
30.6552
30.0811
38.5747
28.4859
33.0225
37.3273
24.3826
25.3043
29.9052
30.8920
29.6032
25.0926
30.4788
26.0221
29.7002
31.6752
26.4396
33.7151
36.6872
23.1400
35.7133
32.7321
34.8385
21.9792
25.3150
33.5940
26.1044
19.5003
27.3899
26.2338
24.8737
28.3832
36.2069
29.4103
36.9764
27.6636
34.0351
24.0006
33.7834
29.4295
29.4258
30.6062
29.8703
25.8272
23.8016
29.1190
30.5594
37.1351
26.9110
23.9214
26.5921
32.5013
33.8616
28.0345
27.0544
34.3406
36.9765
31.0319
30.2431
36.2878
29.3650
30.4327
31.7513
38.7533
22.9857
26.5114
31.3184
28.2787
24.1165
30.1690
25.2824
28.7288
28.7987
27.1092
25.2102
25.3499
30.7314
28.7732
32.1772
24.8518
27.7711
24.4620
31.8380
30.1063
21.6139
29.6993
34.5250
32.4421
30.4502
30.7516
26.9310
30.7699
32.9870
27.9017
32.1303
30.9579
32.1634
27.6419
29.3625
30.6089
24.9354
31.7089
31.2821
26.8109
32.2702
33.3854
29.6081
24.0258
29.5097
28.3924
31.2826
29.6460
27.5545
34.1094
28.4856
31.3015
29.1504
28.1369
29.8436
27.5601
30.2913
31.7410
34.1296
22.8935
30.1169
34.2202
33.9525
29.9233
24.4723
32.7698
27.7934
30.3688
26.8181
23.8693
35.5030
29.7304
29.2503
29.9326
27.2941
29.1606
32.3515
33.8103
38.7006
32.8021
29.4319
32.8999
32.3775
31.7424
32.6397
23.7150
37.9189
28.1509
27.8266
26.3336
25.5618
27.6722
28.1458
25.8859
35.7054
26.8410
33.0303
27.2144
18.9729
24.8744
26.0341
33.9982
36.7657
31.4653
33.4424
24.5547
20.7872
28.6407
33.0107
25.1448
27.5522
34.4777
37.4309
25.7394
25.7081
28.4986
27.0593
34.9996
35.7003
31.5775
30.6800
29.2245
28.7782
30.6313
33.7671
33.2667
31.2049
30.5762
33.7179
24.1064
28.8705
27.3413
28.5436
24.2196
32.7688
23.9900
27.2468
29.6399
35.2324
27.6777
25.7598
30.9066
26.1098
33.5196
27.2735
22.5864
26.4710
25.3864
26.4598
30.9502
31.3584
28.8360
29.7485
25.2921
28.6987
35.5024
32.5949
29.6771
33.5388
30.7514
26.5841
37.8743
25.0787
33.1106
25.2118
34.3265
31.3340
25.4298
27.5500
28.8348
31.5471
32.4119
24.5435
29.5251
34.2285
27.0837
30.3333
22.3710
32.2340
25.6914
31.7574
32.1897
33.1444
30.1807
29.2410
31.3607
33.1831
24.1047
28.5350
32.8736
23.9640
33.6381
31.4460
23.3806
21.4608
32.7827
26.4961
27.6894
30.0405
30.5664
30.3143
28.7601
35.1901
30.1161
36.0511
22.8388
34.5583
30.6820
32.8238
27.7186
34.1139
28.6969
32.7054
34.0070
25.1133
32.1870
33.6730
33.9336
33.7932
25.1249
21.0327
26.0110
24.6752
29.9864
31.0991
29.6242
26.4138
31.6409
29.1826
26.5207
31.6651
26.3988
25.4804
33.0244
27.3393
37.2520
22.4563
33.2153
23.4569
25.3389
28.4907
29.9932
36.8440
32.0647
28.9738
30.1738
30.2558
28.3888
25.8209
34.7012
30.7742
27.7975
34.3204
23.9102
25.7448
26.9517
30.8192
29.0750
26.2695
29.0554
28.5244
27.9977
30.5037
32.3680
30.1126
28.6286
35.1213
31.7367
33.2234
34.7449
29.1358
34.9723
21.3115
28.9469
29.4802
35.0448
25.5342
33.8638
25.7923
33.1251
22.0523
36.4454
26.9623
34.3530
24.7070
28.0668
29.6804
33.2529
34.3727
26.7561
20.9571
31.6058
28.5223
33.3922
33.2679
30.1751
28.4775
29.6854
29.3889
29.1275
26.7363
30.5720
33.4071
34.4257
29.7552
23.3445
28.5977
34.5368
25.7464
30.6195
31.8787
29.2376
31.3294
30.0795
29.9154
33.5447
33.3399
26.3458
29.3970
33.7863
31.1254
27.2882
28.0848
36.8515
22.1871
27.5425
31.6792
28.6799
26.5376
30.2659
25.3038
26.4162
25.3323
28.8806
30.6798
31.6661
30.9135
30.8543
32.9519
32.3267
31.4383
28.2687
27.9052
30.4898
26.9451
28.2694
31.2399
27.2930
33.7331
29.1848
32.4524
28.4172
23.0575
31.4042
27.4222
25.3295
28.1237
32.9951
27.7696
28.9158
31.8195
24.1613
25.7617
27.6049
30.1589
33.7233
31.4084
30.0788
30.1820
30.2752
33.0462
26.2022
28.5419
29.2755
32.1804
35.4974
33.9171
30.8941
26.0261
32.7329
29.8275
30.7189
30.0821
31.7709
27.6490
31.3790
32.8715
29.4603
32.4514
32.0085
24.5186
29.8358
36.0166
28.7329
34.3784
23.2670
30.2806
25.3769
29.6536
27.6410
26.2281
28.6593
30.3013
29.6212
29.0491
24.2495
26.5667
31.0448
31.0219
34.7112
28.1106
28.1511
35.3650
33.9121
25.9704
26.6889
30.9299
30.5781
33.9062
25.6172
30.7021
28.7697
25.2948
30.6846
25.9944
32.1975
29.5086
22.4610
29.9398
25.1192
23.7291
32.2283
29.9942
31.8075
30.3795
32.4335
27.6940
25.2192
25.3681
33.6341
35.1561
33.2065
31.8352
29.2732
28.9634
25.7457
30.3491
27.7749
36.7946
32.9307
28.6543
28.7525
25.9490
27.4576
30.9749
23.1895
26.0864
34.1830
32.7664
27.7967
26.8269
25.8150
30.4298
28.7498
33.1535
31.5424
29.6304
29.3261
27.2604
28.3913
31.6993
32.3263
24.6170
22.4970
25.9383
37.3752
34.0815
28.2324
32.7293
31.9691
33.8829
35.9275
30.8640
33.8443
29.9587
29.3451
26.1969
28.7795
29.6402
26.3400
32.1520
29.0608
31.3568
33.4736
28.7908
24.5420
29.6182
27.8704
26.9319
27.8534
23.9032
33.2639
34.6865
32.8823
25.0730
26.4526
27.0696
35.8738
37.0065
30.7248
33.2628
26.8478
26.3911
28.5770
31.1115
35.0573
30.8995
30.1435
35.5446
33.5880
27.0493
21.7702
23.2137
33.1173
33.0779
29.9125
29.2179
24.4909
31.0802
22.6708
28.8827
21.1045
33.9274
28.5370
29.8846
34.8785
29.4639
29.2560
25.0930
33.3164
25.5213
26.4488
31.6273
30.1099
29.8611
30.4618
31.8694
25.4415
35.5933
24.5901
35.1964
27.9341
30.3672
31.4488
31.8481
26.6644
29.2081
30.2306
35.4245
27.8527
26.1221
32.9149
34.1909
26.0870
30.1911
32.1567
36.2178
28.5017
27.6495
28.8816
30.3980
30.3760
25.4443
28.7063
33.9841
30.3924
32.6322
30.1720
32.3516
27.9445
32.2520
35.6426
31.5356
24.6518
32.4856
33.3803
26.6660
37.8995
25.3188
31.4750
26.5144
25.8852
31.2045
29.5955
30.9063
30.5459
33.6890
22.5636
28.1081
31.8759
35.1135
35.0118
24.5578
38.2049
29.6220
28.9828
21.2331
31.3512
20.7866
34.6433
29.5206
26.7649
27.9258
29.8249
31.7983
24.1454
33.8016
24.0044
25.2167
29.9758
31.7617
27.8598
26.4948
29.2762
25.7793
38.5064
32.6688
36.2862
28.3972
31.0000
28.2333
28.7691
32.7011
24.8446
32.5952
30.6119
27.0571
31.3685
25.1966
29.0950
27.4676
32.1449
25.4324
24.5836
31.3930
30.0140
36.2940
30.4616
28.0719
37.5464
29.5573
33.9265
32.6041
21.6917
26.1578
28.2276
26.6486
31.3025
28.9201
33.6321
32.9561
21.1982
24.0667
30.4023
28.1476
21.4949
30.0142
36.1432
27.5857
26.6464
34.6741
31.2187
28.1688
25.0195
29.4616
31.2071
24.3403
27.4289
32.2484
23.0194
24.2070
25.4938
30.6399
29.6695
29.3512
34.8359
22.5372
26.4010
30.8967
37.1840
25.8262
25.5059
29.1339
32.5054
32.6621
31.8361
32.2861
25.2874
22.0074
30.6582
25.8895
35.2210
28.3510
35.0878
28.6260
33.6861
25.9544
25.8065
26.6466
29.5012
35.4989
32.0119
28.8949
28.3444
31.9937
27.6657
24.4693
35.1993
33.2341
30.9165
27.2764
24.9232
30.3685
25.4196
26.5469
29.7054
29.6776
30.6704
32.7564
31.0491
25.9632
32.5733
28.0651
23.7431
20.4644
35.3077
30.5193
32.4581
39.5098
33.4131
33.7057
33.4929
27.5555
29.4894
25.1547
31.4984
31.6883
30.7689
24.6185
30.0339
27.8888
33.8433
27.7568
30.6519
29.2308
28.5562
28.8155
30.4791
22.6986
25.1033
28.9947
28.7733
21.4529
25.8409
32.3650
31.7401
26.7158
37.6365
29.2649
24.6283
28.8491
28.2424
33.6955
31.4350
33.0911
33.2525
30.6914
24.1459
29.4640
29.6718
23.3427
19.9203
29.1110
30.7368
25.6018
27.6480
25.7148
26.4595
21.2671
25.1313
33.2864
25.8671
25.4038
32.7231
25.9899
25.3843
29.6402
33.1301
27.5887
30.2212
24.6636
35.9908
29.6723
33.6307
25.3589
28.9860
24.6841
28.2300
37.6138
25.5447
30.0983
29.9185
26.5053
35.7680
25.6667
26.5809
28.7845
32.1612
33.6541
30.5547
24.9089
25.9236
32.2282
34.7764
29.8765
29.7660
28.8549
25.1759
30.7903
25.1985
35.2107
29.5658
33.5072
34.9091
28.1689
22.7171
29.3922
28.4853
31.9352
27.7028
27.7084
23.2922
28.2407
30.2787
20.7608
26.8675
30.4486
32.3612
27.6023
28.4452
22.5865
26.9394
29.2700
26.4454
32.6786
29.9010
26.7158
22.3688
21.9104
32.9426
35.0385
24.9005
29.6117
24.2108
26.8081
31.4426
27.7953
27.9938
33.7356
31.5096
29.2025
31.1038
22.7728
33.4670
29.9953
32.5444
31.8792
30.1176
34.2612
27.6222
28.3080
24.0289
30.3144
28.5340
27.4674
23.8707
28.7247
23.2393
25.9171
24.7136
28.3130
26.2719
24.8673
25.2246
27.1387
25.8510
33.6592
27.8486
33.8774
29.2515
30.1803
29.4072
27.9147
28.4606
27.6964
29.9471
25.3806
32.1286
29.2988
24.2941
27.2281
31.2583
31.1458
28.7940
24.4497
24.5447
29.7252
27.2732
22.2774
32.0697
27.1926
25.9436
27.4887
29.5384
33.6011
32.7399
30.0503
31.1725
33.0302
23.3439
30.1476
34.7852
30.0240
30.5179
30.3530
29.2918
27.9346
28.1411
27.5048
32.3810
28.6040
23.3113
27.9126
23.6205
27.0445
39.4645
26.6398
27.7576
33.2515
24.2443
28.7663
30.5401
30.9121
31.6895
31.8979
24.9615
32.1521
26.2475
26.7372
24.2401
25.4178
30.6187
25.3359
27.9188
34.8565
28.5153
28.0270
29.8821
32.2579
27.0116
32.8131
26.7934
27.8557
25.9494
22.9157
27.4446
30.1634
27.6372
23.9897
28.9403
32.4964
30.8135
28.0425
25.6082
33.5790
36.3703
33.1472
30.8565
27.2049
32.7930
32.9578
25.6384
27.7567
31.9975
32.7830
27.0416
27.9669
25.3098
28.9904
21.1625
33.0867
27.8076
28.5675
23.4357
28.7255
24.9528
29.2452
29.7079
26.5780
30.5693
26.6497
24.1184
28.7394
31.2561
26.3442
25.6228
24.0101
26.5716
25.6638
25.4544
30.0988
31.0485
21.2956
28.8034
33.7263
30.8431
27.4348
32.8815
35.1275
30.1433
20.9543
26.4184
31.9789
29.9491
32.0472
34.3658
30.6575
31.1637
26.5056
25.6171
24.0765
29.8279
27.4340
27.7719
29.3440
24.3051
26.0767
26.3435
37.6015
34.0478
30.1512
33.2051
28.7376
23.7783
30.2783
34.2412
34.2355
27.1844
25.8095
37.3238
30.8000
32.0813
32.8667
26.3050
28.7237
31.6040
29.5012
26.9115
25.3351
32.7149
26.2248
27.4417
30.3379
37.1337
26.0674
24.8969
30.7552
29.0438
26.1152
23.6648
32.2719
32.2709
28.8028
31.7943
27.2614
26.4207
30.3703
32.8510
25.7540
28.2440
27.9560
25.9789
33.6161
25.7643
27.4648
28.0959
28.1150
26.6689
32.5203
33.0047
34.4476
36.2768
20.8751
29.4756
27.2523
28.2286
28.6694
31.4709
26.4046
27.0859
31.8243
26.6744
33.3060
27.8655
25.4948
32.3983
23.8283
36.8540
35.0570
30.6674
22.3907
30.6857
28.3635
30.3741
32.4645
30.5136
37.0511
30.4980
30.3293
28.1492
34.0773
28.3017
32.6054
29.9905
31.2346
34.1934
26.9868
28.7150
21.7030
33.9666
24.2135
22.5881
29.2417
25.8929
33.5113
32.9532
32.7405
30.8332
34.1734
30.4006
25.9913
32.3890
25.1271
30.6011
36.2492
25.0254
30.1117
33.3764
33.4412
22.8521
22.3881
28.2151
33.5637
31.5313
32.5288
28.3725
29.4285
30.5718
36.3261
31.6308
25.6822
26.6647
25.8516
27.4241
26.4106
34.5439
31.3980
30.6736
32.5692
30.0475
31.4026
27.7268
30.8343
31.1350
28.2655
31.1920
27.2083
23.7917
30.9585
30.5412
31.8539
31.7139
32.4120
28.8389
26.6872
32.0323
25.8017
24.5427
24.8869
30.5164
34.6687
27.4964
27.2795
33.5330
31.2654
33.5047
30.8630
30.4716
33.6819
31.4071
29.7126
29.9930
28.1497
29.9180
24.9264
21.3959
24.4552
26.0057
32.0529
28.4695
32.1925
24.7275
22.2506
27.6570
32.4833
31.2941
31.0081
27.0329
27.3862
33.8244
29.7417
31.4313
30.0329
37.8405
31.3831
30.5164
30.3942
29.3771
25.8658
37.5778
34.3116
25.3637
29.7523
24.9583
27.1272
24.1765
35.3668
31.4819
34.7293
29.8857
35.5727
29.0087
30.9408
30.9453
33.7829
33.8791
34.8370
29.5137
24.3561
24.7108
28.7881
31.2669
34.9948
25.5683
31.0356
34.4798
22.5141
28.4942
35.6519
29.7696
26.8079
27.3970
32.6023
28.1492
29.7797
29.0043
30.9937
29.9551
29.4689
29.6046
21.7399
27.6689
25.5877
25.2321
32.6154
31.9023
33.0783
33.0597
30.3789
27.3606
25.6103
28.9498
35.1218
22.4508
25.6147
33.7163
29.5156
26.3681
30.1891
32.0884
25.1050
29.1454
28.7911
38.4277
35.2296
26.9063
30.6757
28.4495
31.6585
30.5376
29.1393
23.9609
21.6949
24.6077
23.8694
24.2293
26.5386
31.2922
27.0816
24.6118
29.1445
28.2517
32.6726
32.5578
33.7339
17.8533
29.5783
25.7652
28.9154
30.2035
34.7515
28.8494
28.8437
30.4536
30.8928
29.8141
30.3305
24.9099
29.5668
22.8097
31.2350
30.0142
29.7746
27.3181
30.8242
27.2328
24.7791
24.8584
26.7409
23.5151
21.4922
29.8305
36.4277
30.6266
29.6288
28.4513
26.5799
24.3992
25.1923
31.7204
29.3343
26.5806
23.3179
22.5675
25.1956
25.0288
24.6500
26.6712
35.7502
24.6724
24.8324
26.5661
22.1445
22.6316
28.0062
33.0870
23.4774
31.9254
29.0418
27.7603
22.3609
27.0971
23.9367
34.9959
27.5884
33.8404
34.0345
25.1149
23.5375
24.7369
24.8840
30.2463
29.5142
24.2911
31.5760
31.7870
30.4307
29.5424
29.4183
28.3621
28.4710
29.1854
23.9496
32.4399
30.1899
30.6366
28.2864
30.0131
33.5881
34.9188
28.9861
28.0382
33.1513
28.5587
25.0787
28.8035
32.5598
24.7429
32.6057
30.0435
29.8516
28.1352
30.5940
23.7395
28.9128
31.6301
26.9692
29.9237
29.8954
30.9858
27.6421
22.9918
31.7760
30.6364
29.0599
27.8471
25.8348
29.7920
27.7854
27.8687
26.0480
36.3396
29.0499
36.1250
30.1295
36.6107
38.0546
34.5508
26.2371
30.4219
30.7147
22.0697
22.0810
30.3493
26.6033
33.3938
35.1628
30.2575
30.3830
29.2339
33.5685
33.7485
27.6503
28.2998
25.3710
31.7177
28.4425
31.6671
31.6666
32.4124
25.2081
27.3523
26.4434
30.6323
25.0373
26.2520
34.1786
28.7599
31.0045
33.6059
29.7408
27.0546
27.1339
37.0339
26.8311
31.4832
34.0966
24.0902
25.7198
28.4570
27.5811
29.8700
34.0602
27.2405
29.9787
30.8482
36.6769
28.1377
25.0895
34.2429
32.3762
31.4775
30.1330
26.2763
26.0204
28.5658
34.9902
27.7620
25.9069
24.2994
26.6898
31.6571
28.7394
25.4423
26.6651
32.6456
30.0669
33.5351
26.9378
29.0158
32.9608
27.0455
25.8818
25.2757
32.3113
33.3953
27.1784
25.8798
31.9711
28.5633
28.4015
25.8214
33.3414
31.4359
22.4165
27.2104
31.2877
24.2929
32.7665
30.2414
32.7317
26.7670
25.8650
26.5410
29.5524
29.1339
34.8192
27.8798
23.1333
25.4199
34.1882
30.3891
28.9728
26.0554
32.1165
24.4760
30.0212
34.0215
28.1832
24.6558
27.3326
33.7661
23.4484
27.5870
31.7694
33.1984
28.7561
24.2338
33.2643
33.5954
31.4730
32.0401
32.0362
26.7708
29.4031
30.9301
20.2161
30.3983
35.6281
27.5549
32.6382
36.4742
34.2295
29.0910
33.1849
34.8032
27.2701
27.1195
33.7459
30.6403
30.5583
28.6777
35.3472
31.6337
28.1064
30.8082
23.8945
30.2942
23.5398
33.4142
36.5637
33.2411
33.2526
32.0513
32.2400
32.3921
26.2749
26.7754
26.9663
31.5711
29.2660
31.0815
33.5653
29.8037
26.8759
22.6780
30.2632
24.7236
24.2244
24.7815
23.1662
27.2072
23.4136
27.4280
28.5476
28.2140
30.2738
24.5759
32.6787
30.0512
30.1526
26.4590
32.0931
32.2725
30.1145
32.6431
33.3650
29.4584
35.8605
30.8909
25.3391
32.2088
31.2093
23.1601
24.3853
23.0044
25.6210
31.8242
27.9325
28.2778
25.2164
29.5554
30.8889
36.9662
31.6898
25.8641
37.7559
31.6361
25.0080
29.5727
26.6121
33.4874
27.9403
33.6655
29.6657
28.3181
30.4653
33.8698
35.6719
29.1091
29.8560
25.3162
29.8788
29.5273
30.4727
30.8473
26.4106
30.3782
30.2782
28.3735
31.1490
29.0397
31.3807
28.8744
26.6211
24.3810
24.9754
37.9488
35.4260
24.2446
29.1450
21.6417
35.7404
28.8821
32.2276
32.4582
29.3490
35.6945
23.1204
26.7822
37.6814
30.1786
29.3987
32.3037
28.6340
27.2011
31.6742
24.1389
28.9203
28.7313
30.8697
21.5187
24.6449
27.8498
23.7647
26.2669
26.4465
28.0721
31.6416
27.1779
29.2492
28.0381
33.8579
34.9041
35.5542
22.4185
30.2725
26.4327
28.5433
28.0482
31.6555
27.6937
27.3189
28.4322
29.2820
29.8471
27.0397
27.6120
26.3191
22.7150
30.2927
29.6653
23.1813
30.0207
27.2699
27.9324
27.4466
30.1525
30.1285
33.9727
25.9059
33.0265
26.5889
18.9420
29.1905
26.5249
30.2145
34.2580
24.8059
35.2024
35.6402
21.7964
34.7165
27.6751
29.3890
27.2841
30.3401
31.5992
28.9907
29.6816
30.4004
29.8589
28.7815
29.7160
23.9394
23.9777
29.7860
29.8969
27.6951
28.0220
29.2858
23.4577
29.5325
34.0341
34.0161
34.6454
28.8172
24.1744
24.0109
23.9244
28.1577
25.3879
25.7047
20.3583
27.6507
32.4499
33.6727
30.6579
30.8555
34.2931
31.1041
33.5703
27.0430
30.1290
35.1796
21.5675
30.0170
22.7152
28.0583
31.1090
34.3363
24.9576
27.2808
28.7087
26.1785
31.2148
30.9740
26.8854
28.2771
27.4529
28.9588
27.0287
25.4018
28.2671
28.4651
25.8395
30.8569
29.4966
27.6638
31.7256
32.7661
31.2300
25.6460
26.9021
30.6447
32.4373
30.3283
27.9714
27.5155
28.0020
26.4155
28.9161
30.4069
27.7752
24.8365
22.0633
30.1040
26.5762
32.2257
30.7097
26.6098
28.8930
25.8747
24.3161
28.9870
30.7339
27.5513
28.9172
31.7941
27.9812
21.2863
25.9064
28.7448
23.1837
27.3567
34.0737
31.4654
24.5211
29.4834
34.4015
29.2216
29.4132
23.8569
30.2847
23.3995
32.8138
23.3047
28.9316
31.8946
32.4322
23.1300
33.3240
34.0178
32.8842
33.1493
32.3164
31.3186
27.8579
30.8909
34.5018
30.2083
23.4001
24.1386
31.3425
26.5559
27.6386
31.5670
29.5231
26.2071
30.1744
30.6915
25.4032
27.9639
29.8199
27.9764
26.5495
33.0600
32.3396
34.9714
32.4751
33.2220
28.7313
29.6639
24.1792
32.5471
30.2760
30.4619
28.7648
30.0814
20.2065
32.7515
29.7847
31.9562
36.0825
30.9474
34.4166
26.5308
22.5812
27.9813
31.7958
28.3561
23.0367
20.6191
27.1132
38.1321
34.3909
29.3366
31.9581
33.8178
26.7661
31.7869
28.8510
25.0310
34.9525
29.7366
30.9681
25.0498
28.6295
26.5347
35.2832
26.8296
30.3083
33.8635
33.2273
32.2973
28.6156
29.5778
28.1911
37.3164
36.5440
23.1259
25.5790
31.8734
28.9550
31.8934
23.1920
26.3705
21.9948
28.8515
28.2867
26.6359
37.1973
30.6464
30.8923
30.5503
28.2853
26.5178
27.9171
30.9075
33.1516
26.8603
26.2456
35.4034
30.0507
29.9062
33.1486
24.9506
26.8654
27.8181
29.2166
30.4817
27.9844
34.5428
24.5038
34.6392
27.4033
33.2744
29.1892
30.2797
35.6235
27.7680
30.1014
29.8123
32.6584
31.0542
36.9227
26.4903
26.4892
31.5076
32.2935
35.2666
27.8089
29.8443
35.8353
33.3529
30.1347
28.0553
31.4629
27.4997
27.4852
29.4819
27.6475
21.4146
20.5472
27.3871
23.7197
28.6910
26.0128
31.7871
24.2708
24.4664
26.0536
28.7164
31.8744
29.0281
24.5425
27.7739
27.2239
35.0495
29.8782
26.8376
31.0628
27.3995
30.8182
30.7440
28.1809
28.1992
23.1442
27.0069
25.0295
29.7303
23.6402
24.6263
27.2279
24.6779
31.0298
27.4639
33.9184
24.1487
33.8553
31.4965
35.1470
29.0366
25.6134
30.0005
22.4108
31.5196
34.6849
29.3274
37.0914
36.8123
32.1562
31.7883
29.1680
30.8655
24.8825
31.6377
28.3765
24.1739
32.5931
28.0171
25.1966
25.6383
23.3603
31.1894
31.6737
28.6450
34.7209
23.4487
35.5897
24.9071
25.0116
24.6016
33.0567
29.4453
32.0158
27.0430
32.3957
26.6820
27.5144
30.6474
28.2383
30.6203
32.6678
38.9492
34.1462
30.2365
30.8825
23.3024
30.8959
26.6896
28.1977
33.0886
35.2952
28.6421
23.9323
27.3350
29.7156
28.6045
25.9211
26.0837
28.4080
26.6893
29.4495
28.2602
28.2268
33.0377
25.0334
31.4279
32.5968
30.0887
30.0699
34.9312
32.4655
29.3227
28.9506
27.3798
25.4076
27.2790
30.8837
28.6244
30.9610
24.1308
35.7812
31.3894
33.0695
28.6898
31.9372
25.6727
25.6737
24.9636
24.0044
26.1593
27.3094
27.0227
24.0689
26.2602
25.8566
33.7048
30.7838
31.9204
26.4588
21.5040
32.0488
32.9329
34.9441
29.6043
26.7030
36.1711
31.6975
25.5060
28.5440
25.1454
26.5505
30.2327
30.2465
29.0294
27.7081
26.1659
31.0699
24.7327
25.0076
28.8729
25.9931
27.6834
30.7365
27.9750
30.6317
26.1371
28.7968
27.9827
27.1011
26.9630
30.9474
24.7961
28.8603
23.9530
31.3691
35.3028
28.7776
27.5014
30.9534
34.8669
32.1907
30.2442
26.0451
20.9770
28.6499
22.8966
30.7489
27.1563
29.8032
29.5319
29.8922
25.1671
24.1447
24.5952
25.5882
29.0304
25.6848
29.2470
30.0684
30.4664
27.2271
30.4506
22.5035
25.3771
30.1198
30.3676
34.3949
35.3577
37.5222
28.7126
35.0922
28.0574
28.4062
30.6052
27.6706
23.2219
19.9700
22.6696
31.6659
30.6548
31.6437
25.3274
25.6450
31.6882
26.9355
31.2985
28.9711
30.9329
37.2021
36.9669
33.9949
24.4481
30.0727
33.4226
24.0794
32.8247
24.9623
20.7544
30.6267
25.6530
32.3533
30.2417
31.9062
31.3225
23.3759
30.4264
32.9996
29.5133
27.4161
31.0523
31.8575
29.6690
20.5396
31.0447
32.3130
26.8309
30.4052
30.1222
30.8703
34.8227
27.5063
36.7615
26.1054
32.1025
32.4386
33.2672
24.8693
31.1647
31.2320
27.2804
22.3397
26.2492
26.8031
35.8845
24.3654
31.8553
24.5537
20.5308
31.5915
22.7894
32.0570
22.4135
27.9901
31.9681
33.7936
25.7695
20.8910
27.8684
34.9376
32.7068
28.6957
30.7385
27.9348
22.7619
32.2748
27.6705
35.3489
28.4614
27.2864
26.6996
21.3327
32.3496
31.0648
26.2952
26.3621
25.5426
27.8245
25.0826
31.9929
28.2967
34.8234
22.1282
24.1916
25.8726
30.6101
32.1435
27.9042
28.0168
34.0594
26.9519
23.0915
23.5255
30.2487
24.1687
28.4752
27.8428
28.5750
26.9261
30.6673
32.0091
33.2196
27.3056
31.9156
28.8934
33.4808
32.3342
24.5111
29.8964
32.2689
32.7100
36.5790
32.0869
26.1056
28.5820
31.2464
31.9446
26.8790
32.0292
32.9947
30.8873
22.9930
23.5704
29.6467
29.9587
32.2139
31.6341
31.7627
31.1226
24.9065
26.6833
34.4507
26.2968
29.1293
31.0228
34.2696
28.9623
27.1930
21.3379
26.8124
27.9160
26.9634
28.0576
31.3436
32.8649
24.1568
32.7094
32.9511
37.9979
33.6083
31.7644
24.4134
25.8179
33.3057
28.9203
27.5539
27.5599
31.9604
29.2674
35.1987
26.6645
28.9477
25.0628
35.6127
32.5773
31.1943
29.3369
25.4678
26.7136
35.6850
25.1591
25.2780
31.7177
31.5990
28.7467
31.7770
29.5946
32.0175
26.3850
31.2037
33.0338
23.2948
25.5910
31.3982
25.1567
27.9293
32.5989
29.3976
29.6046
23.7153
24.0182
30.9100
29.6013
28.5304
34.3360
34.3536
28.1355
29.8926
30.1976
23.1239
27.9229
27.7850
30.3311
25.7844
38.8386
35.6356
31.7186
35.4282
28.0839
25.7570
34.3606
33.6454
27.1643
33.8185
31.3765
27.6870
31.4220
35.7060
27.3688
34.9101
28.2609
27.0667
28.7143
37.1783
35.0488
30.8682
28.6645
23.0389
33.0094
30.4332
24.1157
29.2835
30.6793
28.2857
25.5912
33.0055
20.8346
28.5564
31.8438
35.1558
32.1489
35.0048
33.7197
29.2718
28.8331
29.1184
25.9672
31.1727
24.7878
32.8879
27.0388
32.7805
30.6192
29.8087
30.3220
30.7155
29.0389
20.9212
27.1546
32.9982
24.9488
26.4023
27.7282
28.9812
30.2520
30.1144
32.4583
29.7651
33.4344
27.7279
29.3880
27.1357
31.2683
24.9596
33.5966
21.8824
25.0632
23.1290
31.7904
22.5970
27.7524
29.8202
31.7035
28.4012
27.2222
30.0328
33.4449
21.9063
29.4072
33.7580
29.2683
28.6911
32.7250
29.0516
32.4681
34.1987
25.9288
29.3323
26.4715
23.0231
26.2895
35.1985
23.8465
31.4247
22.1934
21.9944
31.1832
24.8144
26.4095
31.3053
35.0222
27.9995
33.9106
27.6779
29.0890
31.9703
26.0356
24.9321
28.0632
27.4345
30.8239
28.7066
27.2190
40.4465
29.2956
27.3975
28.6865
24.6744
30.7834
30.6768
28.5351
30.6440
29.6601
28.8886
29.0671
30.1279
26.2306
27.6495
35.2378
34.0312
29.2779
27.2455
29.4088
31.9948
32.8923
30.0575
31.6882
28.0804
23.7875
29.6137
24.8982
29.0236
23.5999
31.4143
36.1945
33.6374
25.0009
26.3853
20.3528
31.5132
29.2601
31.5839
24.4572
30.6303
29.8409
34.7682
32.8461
25.9400
30.3606
33.5027
30.6464
32.2821
33.7630
28.6368
27.7213
32.1848
28.7409
26.1809
29.3226
27.5855
29.3928
29.7839
31.0236
28.4816
34.0041
27.2419
25.3419
30.1724
31.7924
32.6382
33.1130
32.8847
31.0637
22.6471
28.5365
28.5515
29.0075
36.9072
30.5131
24.8412
30.1585
34.4189
35.9547
30.8759
29.1388
26.2205
34.8037
33.1949
28.9869
27.2558
39.7643
31.1810
31.7591
27.1463
28.0273
33.9387
30.8035
28.6784
26.0969
33.8373
32.9107
29.6214
35.7503
29.7132
24.2852
29.9936
26.9143
23.9713
30.1773
28.9643
24.5376
26.8119
28.0865
29.8128
33.6019
21.6999
31.7840
36.5660
26.8930
24.9564
33.3693
32.5505
28.7429
31.7063
28.6189
27.2875
27.2911
30.4880
32.1718
27.0378
27.2578
30.8989
26.8703
26.2046
29.9315
29.8494
28.7966
29.8897
28.2854
30.9164
28.6353
30.9919
29.1914
30.4308
26.3323
30.0211
29.0361
27.0624
31.8093
38.2341
30.5509
32.5628
30.5455
31.2990
35.8373
32.3727
23.6896
25.1045
24.0022
30.5233
33.6751
24.1755
25.8140
25.4458
28.5463
25.4626
32.2031
31.3324
25.1734
33.6833
31.0056
37.8441
25.9194
25.2745
21.8209
26.1766
25.1509
24.1448
33.0056
25.9113
26.2520
24.2356
27.5866
24.4563
25.0481
31.0488
22.0822
29.7185
27.2307
25.1809
29.2046
28.1896
31.9106
26.7281
23.0890
28.7119
35.4142
28.4022
28.5676
31.7870
30.1556
24.6749
25.1485
26.1813
26.9054
30.6010
35.3061
27.9404
31.1525
28.5406
26.8839
30.6488
36.5026
28.7499
28.7174
29.8047
23.1975
