28.3905
17.4957
32.9368
31.0549
21.3211
28.1863
30.9451
27.0028
26.7460
27.2111
24.1388
29.5121
21.0237
25.6272
25.6373
21.0423
20.4766
32.7980
26.9835
27.2345
30.3036
25.9612
26.9448
26.6211
20.1134
26.0268
28.6541
36.3230
22.7318
26.2395
21.4843
21.7754
16.0161
20.1117
29.3576
21.0595
26.2307
27.1331
24.4596
26.7687
23.7141
20.3882
16.8900
27.3444
19.1752
17.5856
26.9217
28.9167
18.8158
24.4551
21.1554
23.6380
28.1769
34.2327
22.6112
19.2635
16.5974
20.6748
19.2973
22.7307
19.4533
17.4284
25.4735
25.4987
18.8326
22.0219
24.7257
26.8057
17.5363
33.1560
18.6446
21.0233
21.2974
20.9457
21.4876
19.9761
23.4852
29.5045
20.3814
28.8419
34.3005
23.6023
20.3241
21.4501
24.3719
23.2929
28.3423
19.0297
18.7777
23.5727
21.9891
23.0043
24.9443
25.3602
24.9292
20.2570
23.0265
21.4071
17.3462
25.1763
29.6338
18.2025
18.5328
29.7018
24.9913
23.5956
24.9150
20.7981
17.6664
17.8681
19.1211
16.9797
19.4492
31.3526
20.3530
29.5402
19.3664
20.3427
16.4964
24.8818
35.3769
27.9835
23.6262
32.5061
30.2083
29.4078
24.1539
26.0786
22.2889
22.7595
20.7300
25.9297
30.7917
26.5169
18.5040
19.6497
29.0366
16.0959
26.9031
28.2306
22.6548
21.8403
18.4076
32.2575
19.1377
23.8316
26.2554
24.1456
24.7508
19.0114
25.2982
31.3347
28.7592
31.4872
23.2626
21.3836
28.0038
29.3484
20.7671
18.0282
21.5890
25.3460
32.9340
22.6206
33.3547
20.2408
31.4595
24.7181
26.8661
19.9193
24.4785
25.5374
29.2533
28.2636
23.1014
22.4955
23.7674
32.0692
21.0337
25.4973
20.7774
22.5325
17.5053
20.8254
25.7745
19.3050
28.3389
19.9869
20.9956
24.0330
19.1136
19.8393
19.8137
26.2001
19.4893
25.4151
24.6393
18.2792
19.8757
23.1818
28.1757
24.3574
17.6235
30.7731
21.4798
30.9613
28.4682
26.4921
26.5340
20.7171
27.9556
25.1936
23.6914
23.3742
19.7652
21.6267
21.7134
22.6773
20.1783
28.8409
30.6595
30.5073
17.2419
20.1010
28.3971
26.7541
22.8395
21.3803
28.7145
27.5793
29.2980
25.9708
27.0301
19.9262
21.4822
22.9560
19.0357
16.8731
16.8149
31.0836
22.8841
26.1373
19.9291
18.2545
19.3772
16.5623
20.6793
31.5009
24.1526
21.0092
25.3436
20.2688
19.7478
22.8229
19.2108
23.6418
25.6665
26.9668
26.3354
27.1263
26.8660
17.9634
26.4204
19.7861
23.8851
27.0134
32.0364
24.7605
36.1698
25.9129
18.6225
23.0591
23.4390
27.2575
29.1065
24.0772
27.6225
19.5342
25.8913
23.7605
25.2158
29.0953
27.9786
24.3712
22.0334
17.9712
24.6661
21.1320
19.0851
31.5056
18.4866
20.7507
24.1761
27.5553
26.8099
22.0328
25.8155
18.4723
31.2631
27.7175
22.4159
29.4252
25.5856
20.4311
29.9062
28.9180
20.6653
36.1790
30.8792
24.6241
16.8215
29.7990
30.9714
24.5622
18.2052
25.9982
26.2266
25.2262
26.6107
29.2431
28.2544
19.2255
26.0353
19.5351
23.6211
25.6611
21.9612
23.2178
20.6282
25.2456
27.6733
25.9644
24.8922
19.1085
19.6925
20.4390
21.2832
38.6414
29.4218
32.2949
23.1125
21.5951
19.0091
33.4812
28.8399
32.3779
23.3675
28.3007
15.8597
24.4497
19.1451
27.1666
23.4596
23.9367
30.5393
30.4160
28.9930
18.3315
24.9035
25.7570
24.2095
23.0997
29.9921
32.9331
23.1004
25.0241
17.5483
23.1673
32.1489
17.8684
28.7608
26.4226
26.3249
29.5601
23.0204
23.8671
29.0333
23.9499
27.0622
21.1316
27.8290
26.5341
31.1506
23.3505
22.9533
20.1561
30.0172
17.4775
26.3589
19.2391
25.6089
22.2410
27.5979
21.6240
27.5589
22.2811
31.9546
22.9327
22.5195
17.8353
16.8164
20.6895
21.8338
22.0586
35.5798
28.8814
20.3868
27.9813
21.7264
27.4527
33.7699
16.4819
29.2180
23.0928
23.1417
30.2126
24.7816
23.8452
21.3146
23.8432
22.2749
16.9724
24.4374
18.9098
26.1687
17.9154
16.7528
24.5438
24.5108
29.8116
25.1012
24.1667
26.2431
27.2240
18.5818
21.7126
21.5361
26.6890
30.1180
22.0768
29.6753
18.3502
25.1553
25.0575
21.8536
19.1321
21.2983
19.8706
30.2237
30.9520
30.6506
18.4571
22.8614
20.7312
22.9265
21.0483
24.9715
28.8939
23.3777
25.3996
27.8569
25.1106
25.7884
28.6174
20.3683
20.9337
25.9190
23.9907
22.7103
25.8125
17.8099
21.3917
19.9365
21.4701
26.5228
25.3459
28.2649
31.6093
23.1636
22.3896
20.2900
29.4288
28.3016
23.8819
27.4522
20.2270
22.6437
17.4718
31.2176
28.0988
24.9349
28.0673
34.3987
25.3117
28.1391
21.6899
24.6287
19.9048
26.7643
23.3290
20.4669
25.2052
32.0728
22.9697
26.7111
24.8328
17.3236
20.4478
28.8776
27.4725
25.1984
22.6904
28.0160
21.3314
17.4082
26.4091
27.8384
22.3093
20.9038
28.1106
28.7028
19.5602
31.1617
20.1535
20.8067
18.0855
27.1521
25.1431
22.2425
30.3573
29.7373
29.8983
20.5456
27.7377
32.7846
18.5481
32.0153
27.2097
22.1835
24.9172
22.9223
17.5693
21.0600
22.8537
23.7469
26.2286
20.9404
27.2715
20.7619
31.6487
29.9824
25.1050
23.3567
29.8065
21.1514
25.3978
22.1396
18.0668
23.4570
25.5318
20.8287
30.2176
27.8673
17.4170
20.6900
21.4007
17.6629
19.7631
25.8775
23.1258
30.4150
26.3342
25.2568
19.0532
25.0110
22.8179
22.9782
24.5295
23.3762
20.7080
24.4781
17.9344
15.7334
24.1794
21.1750
20.1272
21.4829
24.0768
19.0178
29.2859
25.6473
33.6837
16.7800
20.3955
23.2501
21.7458
20.7683
20.6985
22.4146
19.3648
23.6819
23.6281
21.6634
32.0744
27.4023
20.8061
25.7851
27.0806
29.9911
28.2720
26.5376
17.6145
29.8408
30.1925
30.2847
24.9704
22.7896
26.4113
19.6309
23.9344
28.7296
25.9347
16.0327
34.8479
20.9881
31.0636
25.2142
25.2277
26.3124
27.9175
29.9639
19.7071
28.7945
29.8472
19.4068
16.2783
24.4512
21.4310
28.0172
17.7598
19.1637
29.2091
19.1821
27.8808
19.1188
27.1817
21.0457
23.6016
18.7427
25.4015
24.1871
31.9033
25.6505
20.5976
18.7318
18.6220
22.8897
24.7600
29.4308
21.3365
20.4241
20.4699
24.9218
20.3023
24.2212
30.9689
16.4232
25.7279
19.7930
26.4975
18.7179
16.8094
30.7697
25.5371
26.8893
29.1432
28.9807
17.7421
29.3468
23.4146
30.2571
28.2158
26.7197
22.1578
31.1913
21.8600
23.4337
25.4869
21.1516
31.9615
22.7275
21.3269
25.6555
28.5066
26.5431
23.2443
23.9062
32.9035
26.8857
23.7267
20.6752
27.5685
32.7679
25.8325
20.2820
20.9185
23.9508
23.2008
19.0179
19.2800
26.8114
27.9437
25.0429
25.7406
23.5491
31.1972
32.1179
31.5876
30.8787
23.3768
20.9847
25.6977
31.1523
27.4628
20.6852
19.1188
19.3080
25.3452
22.7136
31.1487
21.7254
24.8606
19.0936
22.0965
21.3771
26.3542
19.1921
24.7047
21.2246
24.7371
21.3259
27.1139
19.6540
26.4423
19.8623
19.3634
28.4745
31.7994
26.7915
26.7734
28.5868
21.5401
21.4814
24.3883
25.2023
21.6863
24.3024
25.4148
25.7503
26.3276
24.7004
27.8220
26.4226
24.8487
18.3683
27.1248
23.0085
22.2749
19.3202
22.7340
26.9096
19.9755
20.4765
33.9262
29.3127
29.6792
30.1687
30.9371
21.7781
24.0216
24.4690
23.6729
20.4975
20.5901
20.8075
28.9351
23.3548
26.0576
20.2195
23.6530
24.3255
20.0624
27.2280
26.3897
27.7623
28.7246
31.0172
29.9074
28.3199
18.2086
27.5375
18.3461
25.6126
29.5317
21.1256
25.9452
21.2033
17.4948
23.8284
26.4843
24.5265
26.6597
26.2674
25.6900
27.5647
16.0529
19.5268
28.5294
17.3606
24.5746
20.3135
23.6079
28.2595
27.3229
20.9478
24.1093
21.1604
20.1341
24.5190
23.2863
19.0245
20.2366
22.8353
26.6067
29.0164
18.1673
24.1856
18.2645
20.5856
23.6186
24.8858
23.1423
23.3152
24.1600
23.1430
27.2586
23.2440
24.3105
19.1637
26.7098
20.8467
20.4881
23.8217
18.7800
34.9893
29.9828
30.6023
17.9108
32.5748
24.6886
24.9846
21.5439
15.7776
23.1382
18.9558
19.4109
31.6617
29.3481
20.9878
22.1655
16.4770
23.6787
19.8375
24.8934
17.6679
21.2655
19.2657
24.5499
29.2848
24.9492
20.8085
26.4733
17.7265
19.8297
22.7328
26.8544
27.3687
29.2897
20.1290
20.2433
27.8993
19.1417
21.5871
16.8883
21.5145
18.5490
22.8134
23.0967
29.9584
26.9285
24.4680
18.9773
18.2781
21.5535
27.4551
32.5430
21.4790
18.6014
22.6112
17.7348
17.5904
22.6890
19.1266
19.6804
22.9977
28.2796
19.6550
26.3651
25.2859
27.6435
23.4000
18.6911
22.5049
20.0921
20.5173
22.9276
22.3852
22.7978
23.9105
21.4789
19.6477
18.5368
18.5225
23.2721
22.4790
18.1033
18.7476
21.1428
29.5369
31.5128
26.9906
32.3469
23.7306
21.6275
27.9273
27.0406
20.3298
26.2809
29.0740
24.4869
24.0607
28.0422
26.9237
32.1449
19.5397
32.9772
22.1224
24.0617
16.9936
18.4075
24.4574
30.2573
23.6215
22.6968
24.1099
23.4408
25.8239
25.1919
25.9088
29.5696
26.7402
24.0713
24.7401
26.8398
16.8935
21.7083
27.6084
27.0307
17.9283
21.2207
25.1166
27.8806
26.9598
20.6597
26.3882
25.0098
18.2267
26.5211
32.1016
25.9539
16.9896
19.5954
27.2185
21.3068
23.3609
16.6188
31.8255
23.5836
21.7582
28.6052
21.7105
29.7810
25.0167
22.3672
25.2757
25.5845
25.2238
26.2190
16.8287
22.7844
24.1992
26.3252
37.8183
21.9260
24.9729
14.9140
17.6087
22.4658
25.1766
22.1244
21.6263
31.8115
26.8062
23.6385
28.6460
22.5566
22.7013
17.5323
17.3210
28.3594
18.1205
22.6601
25.9264
20.9364
28.0865
21.0016
24.4609
21.8288
20.4270
19.1549
28.8069
32.4676
30.9140
27.6120
26.2994
29.3404
19.8336
24.9653
21.3515
22.7262
25.8722
22.7985
22.4161
20.6220
21.0441
33.9809
30.3248
26.9056
29.9381
21.2404
21.7277
24.0406
19.3304
32.0271
28.5005
22.4674
24.9903
19.5656
23.0618
20.7225
24.9547
20.1276
29.6966
22.9093
28.4824
28.1095
26.3357
18.3689
33.6288
32.3199
28.3391
19.6364
22.9994
30.2987
21.8463
22.0811
26.5497
24.3954
17.8749
20.3437
17.6623
18.0662
22.4149
21.7927
25.3365
28.7575
17.8207
22.6406
28.7665
27.5146
20.1672
23.9178
18.9753
18.8438
28.5704
24.0748
18.0647
29.9175
30.7633
24.0027
21.6763
21.8733
26.3922
25.3325
28.8137
27.6519
19.3154
23.0393
16.8984
31.6802
19.7468
25.2363
24.6765
27.3890
19.8149
25.0610
29.1557
28.6967
21.3878
28.5761
25.5589
22.5011
29.0360
25.8840
25.6814
20.4915
36.4060
21.9008
20.6328
22.3592
31.2852
25.1426
23.4947
17.7017
18.3120
27.0635
22.3295
30.4494
21.8064
24.3726
21.3410
27.2272
18.3279
22.2915
32.6052
19.8273
18.1159
19.6785
19.6843
24.7027
17.4718
19.9757
18.6979
23.9999
25.2825
23.0985
25.2356
34.9770
17.4013
18.2929
29.8668
21.0436
24.1899
23.4523
24.7654
24.2458
31.9228
17.9779
27.0819
28.2517
33.1805
19.0362
18.8650
23.3497
23.0804
23.4374
28.5389
25.9280
24.4440
18.1651
25.2533
20.6316
25.4443
23.2636
23.5212
27.9963
23.5209
19.0960
19.7371
19.8254
24.5857
27.1584
26.6545
18.6747
29.1298
31.7046
22.1010
16.6539
29.3632
18.2804
21.9979
26.7774
19.2429
30.6177
26.0288
25.4136
28.2549
20.0881
25.5875
32.6672
18.6791
21.5530
24.1105
28.3370
26.8952
27.6353
21.2454
35.3097
26.3072
22.6197
19.4737
23.5270
20.0332
27.5786
22.7094
24.2580
19.5596
22.0246
31.7610
25.8521
22.1823
26.1791
22.4393
24.6594
24.2500
23.4850
21.2772
24.3277
20.6747
24.4158
26.8896
32.4399
23.2547
19.4241
27.5408
27.0694
27.8284
22.1465
28.5522
21.6594
22.3960
19.4938
20.6639
19.9391
21.9107
19.0162
22.1165
32.0218
17.9812
21.5105
23.3585
25.6795
20.3748
18.2317
17.6849
23.2495
21.0112
26.8527
27.2575
28.3249
33.4013
31.7881
26.8575
28.4496
27.3193
17.6042
29.5041
27.8379
25.5280
25.2914
20.0876
31.6907
22.1567
24.0667
28.4135
20.6317
21.3578
26.5295
18.0003
24.1215
24.1687
23.8350
29.7293
23.7576
19.9307
17.5403
22.8245
23.2156
25.1488
19.5380
26.1088
19.5361
23.2198
21.7553
20.3793
18.6755
22.4750
20.2750
25.7382
28.9632
17.9398
19.2692
28.6775
35.0899
27.5271
31.1371
23.6881
19.5807
20.2188
23.0846
24.3345
19.6613
33.0899
21.3084
19.6920
26.6022
25.7959
25.9236
27.1722
21.0218
25.2912
23.7967
24.2393
33.9264
26.0937
22.3866
24.5565
18.4749
23.0627
18.1084
15.4979
19.2322
20.2440
21.8355
23.4026
27.4955
27.2648
23.7380
23.5833
26.4522
26.1465
18.1161
27.1545
27.8457
28.6492
26.6672
29.8134
27.5275
15.4724
26.8214
22.7159
24.0854
15.9177
18.7406
24.1624
22.8242
23.6152
30.0870
19.8199
27.0413
30.8306
34.4587
18.3403
25.4470
20.5930
28.1953
20.1811
24.2408
25.6782
28.0166
23.8056
25.2297
21.8193
20.9818
27.3160
29.6552
23.0464
20.7602
19.7233
15.7465
20.1099
21.2640
27.6974
16.0860
24.8868
22.0624
17.6891
25.0432
22.4517
23.7589
23.3278
19.8694
25.8724
26.3252
30.4705
23.8508
25.6637
22.5425
18.5911
23.5539
17.1781
26.4556
20.3554
25.3018
22.6848
24.6225
33.6980
23.0330
18.1710
30.8042
27.6231
29.3758
23.8870
23.8877
25.5630
22.4997
29.1071
24.9438
27.4107
22.5484
24.6585
29.0922
26.9751
28.1907
31.2183
29.2412
20.3887
26.9304
26.4909
24.2452
27.4615
23.1529
20.9589
20.0222
30.3150
29.0289
19.9944
20.9690
17.3818
27.0786
20.8489
27.1200
21.6845
23.6072
35.1293
32.1932
25.9187
23.5904
26.3587
29.8820
19.9430
22.8281
25.3620
33.2706
23.9683
28.8122
17.2082
24.9595
20.5003
28.8868
26.3941
21.3154
21.5794
17.8292
21.8560
28.5617
18.8447
24.6990
33.8984
27.9152
27.0238
24.7675
27.2348
20.3493
21.0471
24.4510
24.5842
21.9359
24.7504
22.1345
20.5949
25.7946
25.7471
18.4981
25.5275
32.2760
31.6965
19.4034
23.7327
35.2101
22.2392
20.0063
27.0179
17.1890
23.8226
20.3736
25.2418
17.1345
24.9113
30.6255
21.4306
33.1762
22.2797
24.6258
25.1539
27.0320
28.0990
26.4158
30.0229
19.7831
21.7956
23.5318
20.9827
31.2086
16.4613
26.9279
18.5359
21.7099
31.2147
19.8230
24.3262
22.5896
25.5649
19.1576
22.9399
26.8569
19.7363
23.5097
18.7540
32.6486
29.6360
25.7395
32.3927
26.4500
22.2063
20.7453
21.6895
26.1169
31.6109
22.0927
26.5972
22.5830
21.5755
19.8452
21.2130
26.8161
25.5662
23.6287
25.1072
25.4401
20.5460
25.2607
25.9197
22.5581
24.1793
30.4176
25.6638
27.0369
18.8669
22.7408
24.5637
26.2658
17.8939
21.0853
28.2707
29.9456
21.4520
23.9705
25.4299
27.2622
29.7378
17.7086
22.1493
21.6939
26.6864
30.3809
23.6258
18.0612
22.7026
19.2604
25.3678
27.2100
27.8783
20.0740
22.8356
20.1045
25.4125
26.5220
23.8040
20.6330
26.7084
18.8921
19.4751
30.3801
17.0833
30.5018
27.1799
25.1802
24.1182
24.3308
24.9062
27.1053
19.7165
18.6433
28.1721
15.5550
23.0576
24.5268
22.3404
19.2650
32.3239
26.0868
26.4220
26.7732
24.5383
33.3470
28.8411
22.2026
26.3313
34.1043
24.8622
27.1764
27.7802
25.8165
19.4263
26.2488
27.5873
22.8555
23.3162
26.8537
23.6797
21.1664
19.8821
27.4802
31.6856
22.3861
20.5378
26.6763
20.1614
31.6097
20.9968
17.8943
26.7033
30.3805
23.2502
28.7891
29.1977
28.0955
32.4415
19.9153
27.6133
23.7438
23.2498
18.8207
23.4516
23.4819
35.8151
20.7604
28.7633
19.0282
17.5817
28.5442
27.2366
18.8551
17.3162
22.1575
21.9176
19.9593
18.5955
24.2596
23.0528
21.5510
23.7552
26.7298
25.1226
33.7482
27.2544
26.7011
32.7076
27.9596
27.0701
23.3085
23.4038
23.8537
21.6613
21.2424
30.6276
16.5346
32.6863
20.9047
24.7475
20.1287
32.2466
21.2924
24.0528
27.2511
23.3698
24.5525
20.1239
18.0291
21.4890
21.6283
22.1252
24.2596
22.5812
18.6600
32.4969
30.9776
20.7436
25.1064
26.7232
32.7338
27.4279
28.1716
17.5856
26.0978
23.2163
21.5293
26.8384
20.3675
24.5133
27.3388
24.4272
30.9194
24.4736
25.1793
25.0833
19.1664
23.6664
23.3955
20.0386
22.2932
24.6690
28.0663
33.1915
29.2638
34.2458
28.2618
28.6671
20.0011
28.2883
26.0366
22.0511
23.1170
30.2958
20.2574
23.9651
21.5303
23.8416
25.1375
28.0747
18.9532
23.2353
18.8089
23.9976
26.6874
20.9423
22.4980
18.6405
25.0753
18.3496
24.2989
25.2635
23.6050
21.8854
21.3144
25.5065
17.2499
21.3342
18.5420
24.8107
19.7953
21.1624
18.4344
21.3148
21.9406
26.0537
21.6208
27.7992
24.4501
24.4458
16.5428
29.7537
29.1898
18.8880
29.2568
20.0709
24.6494
27.2219
23.0458
23.8523
16.5789
18.0184
24.7741
21.8321
25.4469
22.6781
29.8172
19.3655
29.3419
19.9376
16.4518
25.8655
23.4760
18.6948
17.5489
21.2667
18.2742
24.7918
23.5673
25.8749
26.6428
30.1749
25.3744
29.8474
17.5969
29.1281
19.0337
20.7662
28.9354
20.4894
23.1643
26.5156
18.5208
23.1419
22.2786
27.4991
28.4574
18.0065
22.2520
23.6517
17.4330
27.7368
25.6509
24.1315
18.0069
22.7041
27.4231
32.3212
19.6220
25.4517
24.7082
25.0572
26.2003
22.9824
21.9925
16.5685
27.3802
26.6185
22.4853
24.4194
19.2316
25.5725
26.9897
16.7051
23.2765
33.2088
25.4513
28.3424
32.1322
25.4644
27.2599
22.9063
25.1426
22.8024
22.5060
20.4662
17.0962
25.3265
32.0238
29.0378
32.2322
21.3214
21.2670
20.7350
19.0747
20.4951
21.7775
22.2739
30.6187
19.5268
21.9605
17.5208
19.2464
19.7674
19.8190
31.0858
24.9409
18.2136
19.6742
28.8543
20.9110
22.5622
23.5582
31.5096
21.4530
27.7815
23.7168
24.9558
19.5843
33.5249
27.8221
27.5862
18.4557
28.6169
27.8125
32.7582
22.4984
26.3048
18.3373
26.4875
21.3292
20.6093
21.8825
19.5303
23.0520
19.7748
18.3271
17.5495
29.4049
23.5416
21.5677
19.8753
23.7775
28.5003
29.5923
25.0213
26.4960
29.4948
16.7501
27.5791
27.3109
17.6223
25.2613
27.8599
25.0610
29.3082
18.4175
17.6809
20.3075
20.1868
23.3705
26.9446
19.2712
18.3872
25.7829
32.5142
29.4418
18.4178
23.0254
23.8786
17.9791
22.4655
27.0467
23.6458
30.5849
24.6666
22.9216
20.2895
31.8161
32.8515
25.1728
21.3799
21.4515
23.0580
27.9233
25.2999
26.4492
25.4456
21.0010
20.8514
19.8888
25.7412
18.6940
23.7680
25.2470
25.0033
22.8224
26.4928
22.3063
23.1512
23.0573
21.5932
31.8407
18.2189
23.4935
24.4653
22.9077
25.0680
30.0346
25.3474
21.6273
33.3770
23.1232
17.8819
23.4028
30.7034
19.1530
29.1849
22.9497
29.0662
24.1871
24.7045
19.1054
21.1399
25.8652
29.8334
28.7469
19.4508
21.1652
20.3696
19.8690
26.2540
24.9598
29.9475
32.4673
23.3792
30.0312
28.7559
28.6368
18.2936
18.7010
20.8659
20.7454
17.0360
16.3412
23.3588
23.8890
20.5738
22.4104
31.9119
27.4663
21.7602
27.3918
17.9300
28.9184
29.5661
24.8033
26.1840
21.6642
34.6585
16.5440
27.6077
23.0496
24.8081
27.3072
22.7843
23.3145
21.6879
23.4047
20.6280
24.2399
30.6569
28.3310
19.4741
27.4905
19.4427
24.4081
23.7389
29.3764
17.3516
31.5847
21.4820
26.5165
21.9881
22.7286
16.8080
15.8787
30.8701
31.6379
24.9357
18.3336
23.3247
23.5988
27.4887
17.3566
22.7308
24.0705
26.2276
20.0239
21.9976
30.9788
20.4015
30.8836
22.3196
22.8343
26.0238
16.3217
21.7376
25.0929
23.9695
26.9889
28.2811
23.3706
18.9166
23.5487
21.6875
21.6309
24.8632
24.4988
33.5961
32.4491
19.1884
19.9735
22.1249
22.3161
22.0196
20.4305
27.3095
25.9147
29.3139
22.9678
25.4281
29.4151
22.1256
22.8878
22.0423
20.6329
19.1255
32.1959
22.4875
27.0960
30.1083
23.9254
25.2551
32.7451
20.5977
20.1544
32.5954
18.0826
26.6666
19.7451
34.7710
20.3602
27.3845
24.6519
20.7806
24.7517
27.8446
22.5569
19.5718
23.9783
19.3584
18.9904
23.2899
29.6060
17.4704
23.1672
20.0812
23.3670
29.0157
30.9134
25.4590
30.6564
26.4881
29.2326
24.3015
32.7183
21.9316
16.1650
28.9149
27.1723
21.1565
15.0344
25.1167
20.4323
26.9181
18.9665
25.5551
21.4573
22.4511
22.2032
20.0692
23.1721
25.4346
16.9989
24.6290
19.6785
34.4482
28.1020
23.2090
24.9887
27.0949
20.0093
26.8806
23.4991
25.5652
27.1225
17.9721
27.4455
31.0297
22.1446
28.8731
16.9500
19.0874
29.2084
27.7837
31.1228
21.3223
16.4764
24.4989
21.7594
26.4661
21.6668
27.0444
27.4803
31.2274
17.7263
23.0373
23.2539
19.6553
26.4110
26.4425
27.5829
19.0750
26.2384
23.5533
24.1315
18.0223
17.9535
33.8765
24.3190
21.1508
26.1934
23.9365
18.2843
26.0993
29.5100
29.2878
18.3981
21.1168
25.1680
24.0746
26.1634
25.9452
27.6449
24.2502
24.5479
23.0166
17.6633
25.9421
27.5095
21.4087
21.5372
30.6305
23.7646
29.8861
21.2526
19.8646
21.4818
30.3693
22.0688
30.1572
22.0161
21.6192
23.9950
31.1653
22.7980
21.3749
25.6893
26.4737
23.1335
24.4583
23.2500
28.8067
31.7033
23.0076
28.2704
32.3918
21.8643
30.0822
20.4460
27.0673
23.9585
26.1057
28.8190
21.3247
17.1000
29.3751
23.6331
31.8743
16.9192
27.3047
24.2523
21.3043
24.4430
25.7486
21.3991
26.2277
28.0354
22.1334
21.6331
21.7148
27.9669
29.5018
28.2159
25.0071
19.6360
20.7279
26.0795
25.3593
26.9376
29.7040
21.7372
24.7890
26.0564
16.8765
26.5768
19.1612
21.8117
28.8658
27.6491
27.3197
29.4195
23.6294
22.4376
25.3567
28.9710
27.9680
19.4776
29.6709
22.9521
24.2824
27.5307
27.5695
18.5421
20.6858
19.5530
26.8999
20.5931
23.2130
21.8670
25.9152
28.4964
28.0370
28.9520
22.2652
25.4744
27.8097
28.4772
21.4968
25.5927
25.8468
20.0201
24.4366
24.2027
35.8773
31.0748
20.4431
21.8584
20.6916
18.6848
23.9368
24.4156
21.3395
26.2064
23.1375
24.4063
20.5183
23.0232
17.2161
25.3375
18.1943
18.5396
19.0150
32.5474
19.5362
21.4898
25.1232
24.0184
21.0669
21.0295
26.8020
18.3830
28.3728
27.4981
29.8072
30.2412
30.7437
21.3725
22.5274
19.0286
20.4254
30.7206
23.4487
18.0048
17.1413
21.8422
20.7208
16.5592
22.4043
24.2223
33.1520
21.5649
27.1256
26.3272
17.7196
28.1518
30.4370
21.7424
33.6362
25.0511
22.1814
24.7770
20.6622
19.0139
16.5543
26.8136
18.6849
31.9738
25.4194
23.9244
27.7423
28.5891
23.5083
30.3449
19.1176
23.5472
28.5104
22.2493
25.4065
27.8517
25.8428
20.8650
21.2457
17.4431
18.7960
34.5216
24.9168
28.4680
23.6993
23.7982
25.4905
18.1415
24.4939
18.0701
27.5390
24.0483
21.8939
21.4257
20.8390
32.9980
22.1717
20.5093
20.3497
29.1930
20.5445
16.5793
27.2120
30.2869
19.0869
25.9132
24.3758
21.4335
25.2949
30.0737
22.4449
31.0100
23.1341
18.7054
26.6226
24.8975
20.0467
20.5863
28.8311
26.1404
21.0455
28.2386
26.2248
19.9343
20.8763
25.2624
23.8741
28.1918
25.2140
28.5372
27.8776
20.0414
20.1791
24.8369
18.4564
33.1421
23.0758
25.4193
21.4933
28.8426
19.7563
30.8455
19.4154
16.9683
30.6192
16.3249
25.1329
26.8692
27.5064
23.2417
26.6542
35.0146
25.6784
29.6005
20.4192
22.0240
24.9574
26.4198
19.8515
21.6866
21.4644
27.7611
23.4854
24.4552
20.6872
25.6725
18.9919
24.2078
18.2596
32.9138
23.4226
22.7868
28.2442
32.1073
16.2868
27.7014
24.3079
21.3686
19.6965
20.5837
16.0706
20.8019
22.4120
25.9078
19.3216
24.2831
32.4389
22.2483
16.0800
31.3088
25.3144
32.3287
18.0747
31.2690
27.7374
23.0713
29.3116
20.8369
30.0151
24.6988
22.1664
32.9332
27.2677
25.9494
26.2494
26.4950
23.6132
25.6209
22.7082
17.2297
19.2701
22.9648
16.9129
34.2359
18.9190
34.5137
29.2030
23.0513
29.8990
31.7081
18.6330
30.0599
30.6467
22.3467
23.5596
31.4864
22.5299
18.3722
26.5413
16.7022
21.7182
22.9936
25.6646
21.6110
21.9510
21.0332
24.5438
25.2043
24.5115
22.8315
19.9532
24.3615
22.7143
23.7798
28.4926
21.5564
20.5315
29.2680
20.8869
17.7211
24.8240
20.3760
19.6515
24.9934
20.2735
20.4852
22.8388
21.0547
27.2733
30.9386
29.0128
26.0039
31.6130
31.0952
19.3463
21.9291
21.2470
17.3672
21.8316
26.4248
24.4934
25.0286
26.4643
23.6970
24.8802
23.5391
24.0396
27.2161
24.3069
19.0587
20.9106
24.5516
18.9879
28.3408
17.5900
33.7652
23.6081
23.3986
26.6110
24.5247
33.3740
26.5288
22.2048
25.6403
19.5286
16.0179
16.8296
22.4162
28.5602
23.4273
18.9346
20.2303
19.9625
25.3977
23.9822
33.1187
29.7167
24.8725
26.9471
26.0845
23.6156
28.3654
19.9472
24.0709
22.5172
18.3242
19.2578
27.2269
24.7081
22.0840
26.9851
20.9051
31.1267
27.8397
27.1659
28.7011
17.3713
18.7935
28.5929
30.0077
19.6756
20.0027
26.7368
20.5830
25.4629
18.9465
29.7162
18.5340
18.2453
22.7798
26.6926
32.3421
32.4844
23.8331
27.8039
16.8203
20.3649
26.5555
22.3249
28.7056
21.6413
19.3783
24.6435
22.0777
29.2312
22.7668
16.7979
26.8203
29.6264
21.3495
17.0616
28.0467
23.4301
28.0452
27.2210
28.1745
23.3566
21.9906
22.9312
18.3377
22.5036
18.6903
17.3785
28.0235
19.3382
20.4403
31.5825
25.0283
20.1136
32.2737
17.2864
24.7948
23.0182
16.4789
22.9585
19.6640
27.7242
22.4351
23.9875
19.5710
22.2116
26.5303
23.6065
26.9621
19.6527
18.2396
27.9002
26.7110
18.7330
30.3665
19.2606
24.4653
30.3207
27.7112
22.9169
16.7606
20.0942
23.3983
28.2786
23.1348
20.6021
29.1047
24.9346
18.4444
19.5146
22.7789
15.2629
25.8196
16.3289
19.0523
19.3687
28.1404
27.3238
18.9330
24.2288
27.4469
21.7909
18.8346
28.7309
23.2646
33.5971
27.9376
25.0357
18.7901
20.7359
25.4501
26.5385
28.9787
27.5582
19.9524
25.1546
20.3306
22.7634
21.3231
15.7186
18.4926
26.7571
24.3241
19.9527
28.2253
19.4833
21.6036
25.3830
18.4708
28.4181
23.6432
23.1817
20.4477
32.6965
30.5072
27.4394
24.5665
30.8290
22.0902
23.8385
20.9780
19.8549
25.2471
26.7797
18.7726
30.3369
28.0490
16.0436
26.3223
24.1394
28.2959
35.8448
20.1409
20.6274
20.2037
20.3305
22.3120
18.4881
20.1392
30.6901
21.4195
19.1219
30.6740
18.2322
32.8759
20.8821
24.0514
22.7848
21.3876
23.5342
18.6232
27.0526
23.7303
17.2508
18.2775
23.6204
19.0403
30.7892
22.8589
22.6125
17.2299
27.3479
18.8170
20.9925
36.2109
34.0584
20.3477
18.0600
25.6003
26.9364
27.1781
27.3707
23.4945
28.9697
22.4937
23.3164
25.8323
22.0786
24.5351
24.6168
32.1222
20.3900
25.5623
28.0163
23.8956
15.1799
19.0081
29.7375
22.2895
27.4753
23.7968
27.3177
22.2480
29.0126
27.6592
21.0595
23.5014
34.7786
28.6956
29.1803
22.8343
29.3721
21.5159
19.5790
19.2126
21.5856
17.1607
27.9523
22.9284
22.4561
25.9239
18.4563
24.4463
19.0090
21.9618
22.5464
23.9830
23.2510
21.9460
19.3278
22.9523
19.2151
24.7547
30.4665
30.7354
28.6904
27.0424
28.9706
27.0859
20.1650
23.4195
24.7946
18.0395
21.3784
20.9290
26.0751
28.9468
22.1840
26.2287
22.0375
25.9265
25.7350
26.4623
30.5148
23.6494
19.0736
20.1418
23.1169
20.5128
21.9265
22.1146
24.0359
24.8500
24.6687
31.7155
24.8094
25.7619
30.5446
23.5520
33.1946
20.3066
21.1335
28.6359
27.5171
31.0787
18.5668
19.9378
29.5948
22.4093
15.1505
24.4517
19.1118
23.4265
20.8886
26.4446
27.2320
24.2169
16.6105
17.6910
23.2540
22.0538
17.6591
19.7333
31.0785
22.5886
25.5104
25.4831
14.9056
30.0490
25.0646
30.3088
27.7333
24.1983
19.2404
22.4397
28.1931
22.2031
20.0909
20.9900
26.1238
20.4139
21.7940
18.6311
15.4831
26.1806
25.5201
20.6569
29.7168
21.9583
24.3500
26.7378
25.2381
22.8515
31.2335
19.8959
18.0338
19.7005
24.8389
24.3879
19.9354
22.8257
25.1411
18.9190
26.7046
19.5259
26.1833
26.9431
23.4895
22.3164
27.3594
21.1367
31.9749
19.8610
24.2330
26.2792
28.8203
19.9958
18.0411
25.3398
19.1520
28.5602
32.1608
25.7939
27.8654
30.2027
20.4647
23.1189
21.7299
26.4595
19.2619
25.0637
34.3450
24.0557
23.4156
23.9759
32.2869
21.4162
27.8396
24.6158
22.6225
19.5697
17.5757
16.7861
19.2071
22.7446
20.8064
28.7533
21.4477
24.0520
19.5376
30.8783
17.9272
22.6506
25.3084
21.5916
15.5714
28.8842
30.1840
30.4771
25.3566
21.7100
18.5393
24.3424
24.7234
32.8960
25.7291
25.6392
22.0701
27.5384
19.7845
29.2664
24.0404
25.0960
19.6201
21.9354
28.5726
28.3314
20.8213
21.2074
28.2215
15.8358
27.4009
21.5875
20.3778
26.6332
25.1071
21.5859
23.1785
18.7798
23.4571
23.0262
23.7823
20.8492
28.8887
29.7805
17.3266
24.6292
19.7961
27.9355
24.4656
22.3354
24.0118
25.5918
24.5613
21.8592
28.8255
25.9472
26.1164
16.2205
20.3996
23.9753
27.6274
33.2419
29.2463
25.3280
18.4462
30.6774
19.9105
24.3244
33.5317
18.7898
28.5749
24.4529
18.3766
17.1099
21.0152
20.3311
23.1688
31.4312
23.3994
19.3250
26.7897
29.7243
22.4702
19.9730
29.9498
31.5002
18.4095
26.4589
20.0197
18.8677
21.4967
29.7589
20.7945
29.6763
30.9788
30.8425
24.3079
19.2656
22.5049
31.0804
32.8510
23.6523
22.1790
17.3491
23.9999
20.3638
18.0774
26.9671
20.1820
24.2642
22.7753
22.1682
26.1477
25.7290
24.5537
23.4648
22.5392
17.0737
29.2254
18.2167
24.9124
33.2640
19.7459
23.5508
18.2382
23.5201
30.4658
31.7181
25.3167
29.7085
30.5360
25.8708
26.1844
28.0750
19.1047
25.4554
21.2890
23.3327
26.4970
22.2544
21.8823
26.6087
22.1837
21.1874
28.8659
21.0695
26.4813
19.6515
21.5001
26.6621
26.5077
23.2513
22.8826
17.3151
29.3835
15.6439
26.0331
27.3286
31.1833
32.0936
27.9421
23.2887
21.5110
24.7383
31.5839
22.7497
25.5572
21.7859
24.7197
27.1866
18.6635
17.6892
21.2217
27.3235
23.1980
19.0646
25.0510
24.1547
21.9476
21.6535
27.5301
20.4072
27.7458
23.2839
20.7915
24.7437
26.9932
25.2436
20.2920
26.6593
19.4986
23.4292
34.4344
20.4099
23.5254
32.3356
20.6351
16.7668
21.9005
25.0767
23.6527
18.2053
22.5202
18.6897
20.6103
25.8652
26.1346
24.9743
23.7160
21.0236
21.2800
18.2040
19.1756
27.9370
27.5239
24.7628
20.9774
16.9778
30.2566
24.4295
18.8727
22.8057
26.3182
20.0293
30.1783
29.8314
23.1101
18.8309
22.9795
31.3644
18.5074
22.3574
21.8421
27.8948
23.8058
18.1530
23.7872
26.1688
36.8291
21.8127
24.5732
26.4689
22.1271
20.8338
27.4158
23.0289
24.1311
21.7064
19.7783
30.5147
20.3565
26.5238
21.7767
23.5045
22.0672
18.1009
24.4438
24.8195
19.9529
23.4303
23.5562
21.8579
19.8638
25.3812
28.1187
29.3840
25.6908
20.1842
28.1127
30.6927
34.8906
22.2107
20.3889
19.5803
24.4932
16.4005
23.0582
23.3858
21.7756
31.8808
31.5204
27.3256
27.7828
32.1798
27.2490
28.0982
24.4749
22.0843
16.2374
22.0604
30.1518
19.1428
31.9761
22.2111
23.6487
23.2861
27.3034
17.7146
24.6179
25.3311
26.7463
22.9149
28.8418
20.2970
26.1761
17.0028
23.5261
24.4063
19.1637
28.0703
22.6161
28.0479
29.9176
21.1008
23.4580
30.9338
22.1862
17.7409
28.7994
26.9993
20.5548
23.4186
27.8906
22.6722
24.3832
27.1713
22.4733
19.9212
32.6168
23.8386
18.9912
19.1859
25.5933
29.0473
31.3329
16.5296
20.8675
19.9767
28.5328
17.2160
29.5445
22.1095
33.8545
20.8885
29.6701
17.3742
23.5538
19.4688
20.6697
22.1748
22.5255
28.8465
25.6547
26.5950
23.9482
34.3278
29.3516
21.9056
30.9344
28.3220
27.0481
21.8347
21.3559
24.1594
19.0208
28.6666
30.8606
23.4565
26.7879
21.7947
15.8728
21.8870
27.0319
20.9999
25.0815
19.2064
31.4835
28.1069
25.9661
17.4765
27.9582
24.8284
25.4201
17.4134
18.7841
18.7981
22.1834
28.6948
27.5017
23.9834
20.8716
28.6217
21.3537
19.9049
19.1973
18.6478
18.7426
31.1348
19.2364
19.8427
17.2139
29.4509
24.9441
23.9504
22.5472
21.0709
29.9442
23.6800
25.3067
21.9956
24.7546
26.0575
29.0456
28.8976
23.8877
24.6080
26.9834
24.2257
22.2373
16.7992
25.2227
23.6866
16.7384
22.2131
22.9525
33.4811
22.0604
22.8135
29.5660
28.6562
30.9713
22.3204
24.5023
18.4964
21.6584
33.3038
16.6540
23.2992
20.6371
22.3496
25.7308
24.1618
20.2436
23.7368
20.2962
28.0449
34.7981
26.9084
28.0762
27.4274
25.2100
26.8101
23.9901
23.4607
20.7202
27.5454
30.7305
18.6916
23.6006
20.7595
22.2201
19.3957
17.4596
19.2796
17.9573
32.6878
22.2827
28.1183
23.0847
31.9746
25.4896
16.8888
15.8062
24.5697
19.2752
18.9554
24.9870
27.1581
21.6604
25.7589
28.4043
26.1649
30.0298
25.6576
32.5781
27.3418
26.0003
30.3089
23.5034
24.9115
24.1148
24.5456
29.7142
26.5810
26.0002
19.9228
23.2399
19.9445
24.4003
30.9560
21.2340
24.7940
32.4992
31.5366
19.1848
22.4344
19.3983
33.8629
26.8603
21.0611
24.5421
21.5643
16.2075
17.5210
17.5058
24.4912
21.0585
21.7734
27.4570
29.3541
18.6313
25.2149
24.2387
16.9127
26.8254
22.0737
30.8595
20.2730
31.2818
22.5468
28.5401
23.3049
22.7575
32.9450
26.4667
18.1249
22.4788
27.6403
26.6446
23.3473
20.1605
17.0076
25.3564
20.3266
21.7085
21.9012
22.1943
21.1399
23.6309
31.1577
18.9813
24.8675
29.1280
26.2602
21.0163
25.3718
28.5281
21.1843
25.7304
24.8873
25.1139
22.4207
17.7783
19.0346
28.4143
27.0201
14.5929
26.6349
28.1295
21.9340
18.1590
24.3911
22.4081
26.9806
16.6782
18.1634
22.4988
21.3428
33.2294
20.0804
21.0316
24.3429
18.3476
21.7901
21.2183
21.1086
18.1582
18.6059
24.0958
25.8161
19.3294
24.4063
20.6684
22.8713
21.1828
19.4159
27.4809
29.9127
28.8586
24.2993
23.3358
25.9221
30.0425
23.5615
22.2252
19.8620
20.7327
17.8673
16.8393
21.5930
22.4664
14.8429
20.2471
35.8568
33.0655
19.7435
22.1603
22.7669
26.2112
17.8373
18.4166
16.0619
27.7686
21.0036
27.8714
22.0935
21.1820
19.9152
24.6213
28.9997
26.1945
17.6694
26.6493
31.4295
25.9037
24.4122
26.8490
33.1546
24.2575
19.4508
27.5468
26.9588
23.2195
24.3591
23.6753
26.2023
27.9200
33.1976
19.8415
26.3725
26.9754
19.4166
19.2376
33.1576
26.6014
22.2765
27.1907
23.9714
28.1932
24.9564
21.9012
29.7761
22.0249
17.7131
26.4334
24.0513
30.1078
17.4584
19.2017
33.4860
23.5905
29.7180
19.5849
31.0382
24.0843
28.3463
28.0392
27.4572
18.2016
17.7761
21.2360
22.7452
16.5915
25.8291
28.9750
27.5344
23.4990
27.5245
30.8131
27.4722
29.5134
18.6574
31.9695
20.4243
24.4039
26.6806
21.3087
26.8431
18.2765
28.5943
31.0099
30.2468
19.8050
19.0736
16.1602
16.9654
26.4356
20.6357
19.3622
25.8677
22.8060
18.7822
26.8994
24.0515
18.0178
30.8041
20.7393
25.9353
25.2396
18.1495
17.2576
27.9702
20.0516
29.6958
21.0791
23.6350
22.9073
22.2027
26.1047
23.7611
23.2048
18.4649
32.3802
31.9075
27.0853
19.7413
21.7506
35.8947
20.0554
25.2769
31.7694
23.6734
24.6818
30.3014
20.7705
22.6331
18.4674
22.6190
20.9496
20.3950
28.8243
20.9784
26.9622
27.9190
20.2232
23.1027
33.4272
26.8070
29.9166
27.3630
22.8098
27.1273
21.6330
22.8633
26.4569
21.6578
19.4955
21.8307
20.9411
24.1333
21.6347
26.4334
22.8383
30.7698
27.0403
32.9004
22.5711
24.6010
34.4640
23.9145
18.9136
30.9547
30.2000
20.1945
16.6969
20.9497
20.8963
23.7512
25.7007
29.7946
25.8169
27.6541
22.4581
20.9963
29.4574
25.2393
30.3157
24.9055
30.5000
19.3966
23.0825
22.4407
17.3673
24.9276
26.0562
22.2465
20.4497
21.8706
30.4907
32.9965
27.0474
22.7715
26.8051
34.2926
24.2501
35.3274
20.9717
20.8175
24.1917
29.2498
25.0636
18.4222
32.7575
18.3053
25.6759
21.8608
24.9786
25.3606
31.0758
24.5128
26.1535
25.1346
25.7011
23.3596
25.5228
29.1471
19.8152
29.5875
21.0774
26.8185
20.6014
19.0918
21.1206
24.7284
21.2038
28.8886
28.2898
27.5631
28.7592
24.0221
27.6726
21.6797
27.7724
28.6081
17.7610
30.8384
23.0832
20.6823
24.1926
29.4176
26.7065
18.8549
30.6721
27.9097
29.1479
27.0763
26.0041
26.1530
28.0070
18.5956
20.1647
20.9240
20.1635
30.7896
28.5908
27.4568
37.5302
30.9773
27.7911
22.7288
23.7286
20.7205
27.4718
32.5971
26.3478
23.2671
22.8909
17.9788
15.8823
25.8293
27.9898
25.7237
26.2910
21.4436
19.2087
26.6480
19.7810
20.5448
19.4327
22.6194
25.0702
30.1003
18.2057
27.0246
25.5804
29.9963
19.2799
27.7619
28.6337
22.1302
20.9737
19.5510
23.2009
31.0261
27.0912
27.8369
25.1360
31.0805
25.0486
18.4770
22.7595
19.6249
25.6766
18.4279
29.3306
28.3184
26.3333
20.6753
21.6454
26.5783
25.7673
28.9933
30.8307
16.2715
18.8188
32.1564
25.9526
27.7959
25.7434
26.4456
20.9366
20.0262
27.0764
21.9105
18.7484
18.7993
23.1234
19.3782
27.1206
24.2089
22.2150
23.6801
28.6304
24.1795
31.3248
26.9154
18.6143
18.8989
30.4205
24.6338
28.4375
24.6310
19.8915
27.6644
23.4234
20.4518
28.4409
24.8490
23.3636
23.9824
22.6409
17.4641
27.8022
29.0198
28.9910
23.4542
29.5647
29.7881
16.9904
27.3713
24.5341
20.3825
24.3531
33.3895
27.7544
30.4931
35.7613
25.3308
31.3163
30.1292
17.8210
17.2846
24.6767
21.4000
20.4648
20.6447
24.1249
23.8749
18.0434
27.3631
31.1077
19.4006
26.6598
18.1061
23.7539
21.2690
27.9466
20.3061
21.6092
22.6022
26.4757
23.3093
27.2063
30.4772
23.2592
22.0433
19.4873
31.2214
24.0657
17.1135
28.8571
20.7442
23.9200
17.9889
22.6585
24.9161
21.8797
26.6105
23.7954
17.8166
23.0768
17.4583
19.5452
32.4420
23.3416
19.5079
20.7982
18.8570
24.4483
17.9995
21.6797
21.3681
28.1169
22.0141
25.2700
19.3126
24.3894
24.4770
17.7618
25.3477
16.3922
28.5206
18.0406
23.0945
27.5588
33.6743
28.5669
25.6889
26.1011
27.0040
17.7045
29.9033
21.6352
20.2057
23.4455
18.5471
26.2877
27.8825
24.8663
20.7432
26.1275
20.9532
29.1582
21.3380
18.3117
19.0078
27.3329
26.1702
19.9435
16.2403
36.6020
25.2978
17.5474
25.5306
17.1253
24.3579
27.6459
23.7621
22.9137
25.2071
28.5277
18.6572
21.0190
21.2447
27.0371
26.3210
21.0733
31.1918
18.7174
25.4313
20.8798
22.9458
24.6160
25.5834
21.0281
22.6251
23.7973
21.7332
23.8717
31.9494
22.4330
19.9003
17.8954
28.0111
18.6542
21.4024
20.8265
27.9174
28.7113
26.9303
34.0343
20.3876
25.4757
18.7289
22.2905
16.8677
22.4042
25.2030
31.0651
32.0191
23.8128
33.6400
21.3281
23.0098
27.1472
29.6284
29.2137
25.9427
28.3988
32.3066
24.5280
20.3889
22.4489
26.5245
25.0136
25.5140
22.7440
23.4186
27.7719
22.9589
29.4879
20.1018
28.1528
30.5914
18.9998
25.2104
23.1715
30.1746
31.8121
20.2275
20.5048
29.2531
27.9709
21.7343
24.9573
19.6060
29.6948
21.0748
22.8527
22.3679
20.5517
26.9754
21.6586
26.3080
26.6158
27.2051
29.4517
23.4873
25.0608
23.3227
17.0649
21.0843
34.7815
22.0343
23.4736
19.9367
20.8460
33.5699
16.1815
30.1048
26.2103
20.5537
18.4053
30.3970
17.0963
25.0404
30.5541
23.9439
19.2786
27.5608
18.4941
19.5759
28.3078
21.6588
16.7440
25.3220
21.1523
23.5126
18.7797
17.6150
26.0286
25.9317
21.2918
20.6533
21.3261
26.3563
21.5003
30.9880
29.3535
27.2533
18.8935
23.2558
20.9658
19.5660
30.1890
19.6649
19.0381
23.6265
28.7702
22.4986
21.9998
32.0474
22.3571
21.9058
22.9194
26.1727
23.7518
33.6728
30.5543
25.6950
26.8467
26.6957
27.9644
30.9084
22.7453
21.2181
25.8104
27.9384
19.8022
17.3667
25.7031
16.6710
27.0560
31.7469
28.2308
26.3357
22.2150
27.2544
19.7453
17.9272
18.3655
28.3806
28.6830
16.5752
20.1187
21.3318
22.8789
19.1607
31.2940
27.3131
18.1022
25.5877
22.9517
25.4380
17.4759
27.5685
22.2658
27.0596
16.9463
29.2908
20.5859
22.2979
25.5691
25.2056
23.5934
17.9116
21.4700
25.6599
22.9846
24.1505
16.4511
22.4550
18.1605
26.7833
23.1380
22.6552
18.7137
27.6253
32.1071
19.1366
21.2826
20.2494
29.8046
27.3289
24.8024
20.2132
32.4788
22.0412
25.3924
21.6806
20.4662
28.2830
27.8611
28.2418
26.6676
30.2049
28.1803
23.6146
22.0372
26.8714
27.9699
21.4441
19.1266
29.1354
28.9316
27.0893
29.0568
24.7700
27.7321
26.2700
24.1970
30.3553
26.3965
24.4532
19.7926
20.0282
35.2446
23.5516
31.2490
21.6667
23.9263
23.0217
19.5217
23.5182
19.2808
30.1743
19.2688
22.5070
28.8342
24.4705
20.6252
23.9246
27.3782
22.8532
21.5912
20.8529
26.1618
26.1458
15.7599
24.1704
27.8109
25.8385
24.6175
27.3033
24.5815
24.9321
24.0912
26.0904
25.0075
19.6922
19.0948
23.9647
32.0791
19.4758
25.8237
20.1845
31.7606
22.3172
28.8614
25.2269
22.1279
19.6061
16.8760
21.6763
25.4554
21.5716
21.6652
25.7897
31.3087
18.4798
17.8788
19.6238
20.5254
30.2106
27.9564
23.8629
26.1363
25.8077
22.4206
20.6905
27.8872
25.0140
32.3033
28.1334
17.1297
20.8133
23.8396
23.9632
25.2123
28.6088
22.1984
20.6476
19.0098
28.7837
20.1331
18.3347
20.9919
21.4277
22.5544
25.6576
25.0561
18.8996
25.5099
19.1794
21.2481
24.6337
24.5256
33.4446
25.8400
21.3538
24.4198
18.9355
27.0509
20.2935
17.9104
24.5630
25.1693
23.3365
19.5773
25.5383
29.2456
17.0068
18.5045
18.6747
31.4798
30.6322
25.1748
17.3713
22.8550
22.8654
23.0508
19.5494
28.8670
23.4965
21.4484
30.3476
23.2837
20.8036
24.6467
25.7710
21.0015
25.1991
16.9800
31.3127
27.9309
23.5651
27.7457
18.9037
26.4479
25.7726
24.6123
28.4586
27.8240
23.1680
26.0010
28.3358
23.2510
22.9518
22.4669
27.1115
24.1129
25.7970
23.3877
21.0598
21.9563
20.5150
29.7539
24.5447
24.1256
24.6891
16.7739
30.3618
27.7695
26.1570
23.3655
28.9714
19.0035
21.4463
24.1117
30.2119
31.5634
25.8320
24.6432
18.2268
20.8378
19.3157
23.3328
21.6763
26.2996
19.7696
30.7626
19.9650
22.7480
26.9989
28.5824
22.3046
21.7481
20.4915
19.1293
26.6850
28.0024
22.8779
29.1890
25.8553
23.5229
25.5958
28.8052
30.9193
19.9900
27.5144
18.7467
25.9218
16.5896
24.6963
17.9774
26.5748
19.7344
20.5127
35.0875
30.0578
22.7345
23.0218
28.1624
25.8420
28.9092
23.6019
17.9728
27.8296
30.6211
19.9859
21.9503
22.2977
25.2028
24.2381
27.7015
22.3368
20.3828
18.7020
19.0843
20.3536
18.2104
20.2031
20.8446
20.9668
28.8010
28.6492
20.7750
25.1011
26.7930
21.9950
26.8408
26.5304
27.2397
23.7048
27.0765
25.1490
26.2774
25.4748
23.4238
20.8405
28.7958
21.4408
20.8401
25.5594
30.0087
25.7033
26.1216
24.8110
16.7991
29.9432
27.6769
23.8733
29.7381
27.4524
22.1195
20.9066
21.2898
33.8696
28.4286
21.3253
24.6124
17.4834
22.6551
26.4293
24.6094
25.4714
28.7902
20.2182
29.9868
18.2396
30.7782
33.6026
23.2023
32.0460
23.3906
23.2603
24.6281
17.6004
24.2601
27.8374
23.3079
18.4921
19.9316
28.2131
24.3111
22.7436
17.6826
27.5565
18.3282
24.9868
22.9546
22.4217
31.7142
36.2756
23.4891
24.9896
19.6020
22.9276
28.2391
33.0051
26.5144
19.0375
18.2086
17.2848
23.3761
21.4159
27.7570
30.0065
30.5459
24.1899
27.4053
21.3173
32.4941
23.5689
25.6152
22.0488
25.8785
19.8205
23.3072
27.0333
18.3529
28.4207
27.9627
17.7345
23.0216
30.6758
18.7305
37.7118
25.1892
23.5593
25.3609
26.1529
28.2575
26.8125
23.9710
29.1489
19.3486
23.0563
22.9264
31.9868
18.0393
33.3542
23.1302
19.5837
23.5025
19.4793
28.5681
28.1701
26.2957
26.0211
26.2522
20.2133
25.0001
26.4232
27.3581
20.3179
25.0185
26.2453
25.5079
19.3834
25.3720
17.7559
23.4708
26.0549
28.3569
22.2574
32.2944
24.9406
37.2638
29.1937
22.4415
21.9562
29.1503
24.4672
34.1684
23.6278
34.0782
22.2492
24.8884
26.7893
33.9735
20.5399
20.3547
29.0112
15.8532
25.3694
25.6212
17.5091
31.7271
26.4123
25.3635
19.4462
23.2442
25.6563
20.2368
23.0254
25.9749
15.4709
18.8941
26.1242
17.7075
21.1002
28.1822
24.8175
19.6596
22.8990
25.6302
24.3731
19.9896
30.4204
17.7269
23.1807
33.9601
29.1939
18.6913
21.1684
23.5809
27.6148
23.4094
26.5297
21.6530
21.7080
18.8156
28.6352
21.1596
24.3409
25.8545
23.9064
28.4654
23.3335
20.6323
26.6735
23.8433
21.2367
23.4863
23.4401
23.8765
22.3930
20.4028
22.5875
22.0548
17.2217
17.7072
22.1386
27.3279
31.6576
28.4173
34.1368
23.5994
28.1263
23.3378
28.9317
25.1974
25.4031
25.8101
19.4154
19.3377
27.8695
19.5034
20.1830
21.4459
26.5968
22.5580
23.1673
28.8577
31.6763
23.0958
27.0527
32.3642
20.6031
24.5518
20.8586
23.1192
24.6382
26.2994
22.2571
30.8490
19.6403
23.9639
22.4759
23.9727
19.8764
24.3906
21.2059
19.3730
20.6227
21.1177
18.8171
25.2292
24.0033
19.1425
17.3007
26.0921
28.0343
21.9452
23.1696
21.9953
28.0887
24.4840
21.1735
27.7312
25.6175
29.2051
19.0244
18.8300
27.8448
24.6021
30.8193
23.5825
19.4717
17.0588
27.9330
25.3587
25.3210
29.1791
25.0985
27.2653
29.2762
23.1257
21.6403
26.5343
20.5256
22.9143
24.5708
21.3295
22.4769
34.1541
19.2252
25.8519
31.1463
22.5373
28.7816
29.1881
25.9109
22.9350
23.9488
20.9579
24.8043
25.3203
29.8940
16.7878
27.7525
27.1684
26.6758
25.4512
34.4559
29.4816
23.3803
29.1450
29.7110
25.6627
30.6791
25.3354
18.5136
29.7948
22.5062
22.4738
25.3074
29.0725
28.3276
27.7967
23.0007
22.7723
21.4890
17.8983
21.3944
19.4512
19.9047
19.7315
28.8980
19.5403
28.3581
25.5273
26.4133
18.9320
21.5036
17.4531
26.2352
28.1258
21.8156
29.2325
30.0158
21.7471
19.8970
31.1181
22.9912
19.4600
25.0697
23.1170
23.7869
35.2799
31.6267
23.2294
21.0493
22.0207
29.6014
20.6341
21.9114
26.7913
16.4120
22.4266
24.5458
25.8990
26.4848
23.6160
24.2502
29.7325
20.6920
21.9679
30.5051
16.2219
25.3593
25.2807
22.6561
29.2418
24.1781
25.3775
24.0267
20.3300
22.5114
18.6127
32.1828
29.7837
21.1043
21.5988
29.4979
21.8447
20.9039
20.7419
25.0943
20.4817
22.2180
29.8695
24.4256
32.8529
23.8178
16.3087
19.0790
27.2086
22.2458
18.1344
19.9712
25.0498
18.3955
25.7463
17.0382
25.0029
19.4116
22.4831
28.7243
26.8081
23.9357
22.9044
23.5728
22.5934
20.4455
27.5644
25.2045
29.5280
26.6781
23.8432
18.4206
29.4110
21.9201
25.4825
28.1087
21.4259
27.3671
34.5933
24.7420
23.9012
28.8353
19.5341
18.9511
21.6023
27.2895
21.7474
19.4594
26.8606
15.9571
18.6031
25.9764
19.5634
20.9950
21.3457
24.0968
22.7972
19.3650
22.0174
18.6301
25.1035
23.6513
24.8761
17.6535
22.3088
26.2292
29.9208
19.4819
27.9914
22.0173
25.8059
18.4743
21.1906
21.7630
21.6234
26.6305
22.5333
19.9418
22.8921
25.4676
23.9138
34.1486
31.0352
15.7561
24.9898
20.9519
20.5718
24.5385
30.6575
27.4442
21.6491
26.9403
19.7462
25.3206
15.7566
18.5209
28.6647
19.2906
25.7686
28.6550
18.5041
16.0973
31.1644
21.4636
29.0787
22.1432
23.5406
21.8633
18.2023
24.2839
23.6594
24.9663
25.8995
24.8923
21.4270
26.6500
17.8449
25.0063
20.7459
28.2324
27.6893
31.2522
25.3854
28.9055
20.5318
25.8544
22.4667
21.9730
19.8157
19.0143
26.5183
24.5798
23.8742
21.8554
23.5190
32.0110
29.1968
19.4201
26.3481
29.0853
19.2333
25.7521
29.5074
33.7496
32.7354
18.0807
24.6598
33.6033
22.0996
24.5128
24.3082
26.9658
27.0816
15.8940
21.0692
21.1858
28.0270
26.6912
20.4099
26.4894
25.6337
29.6988
29.2086
25.2582
25.1975
21.9691
20.9794
22.5968
20.3342
32.2010
22.3453
21.8066
26.2509
27.3764
25.0772
25.7458
23.7523
25.9504
19.2987
23.7275
24.5033
31.8882
25.1875
21.7099
22.4049
20.8409
22.7832
25.3606
22.4254
20.6420
25.8453
18.4314
23.6613
22.6719
18.7264
21.7704
26.7332
22.3743
29.6209
22.1006
27.9358
20.4698
28.5390
17.5712
27.0176
24.0752
24.5512
18.5967
28.0911
22.6714
25.1464
19.4181
22.7725
23.5292
20.5228
25.0608
25.9788
30.5962
20.7321
25.1236
26.8185
23.2630
30.9274
21.6386
30.4404
28.0150
17.8789
21.9126
18.1442
27.2957
31.6677
21.0380
17.0015
17.9487
30.2525
19.4550
18.9965
20.0625
24.6828
24.6902
25.6573
18.3463
36.2356
22.9797
19.5474
19.6883
17.5925
33.3396
23.3320
33.3727
28.0942
26.3112
24.1080
23.6672
21.3216
36.9943
25.8300
19.8672
29.7349
18.0252
27.9069
25.1047
16.0341
25.6102
31.4069
21.2225
20.5214
30.2451
27.0405
20.0764
32.2341
23.5841
25.4493
20.2300
17.8884
23.8530
25.7182
25.0310
24.9363
33.4083
28.9035
20.4364
23.8663
23.4831
21.6571
22.7051
32.0886
25.9429
24.6363
27.7656
23.8648
20.1977
27.9451
22.6223
27.0044
18.9686
20.4109
26.3042
28.8484
28.0307
29.4914
24.4721
31.9177
27.0231
26.7179
27.6955
18.6118
27.4249
30.4314
21.7568
20.1615
29.3699
25.7833
24.1412
28.1447
28.4057
21.9916
23.5974
27.9006
25.5565
33.0776
30.6139
21.6210
23.9003
22.0835
21.2125
19.7868
28.2355
30.6020
20.1305
20.6960
31.6604
24.1885
19.8307
18.8718
20.7615
21.6016
20.8883
21.4078
18.8693
29.2433
26.5330
18.1481
27.4280
27.2046
23.7702
23.4776
16.1565
19.0640
26.8560
33.4809
21.8924
18.0274
29.1923
22.6298
26.3287
32.2649
16.9820
23.5041
30.1122
23.7785
30.9692
27.7547
21.8034
20.3336
21.9160
28.4575
22.9263
25.9121
29.1982
23.8320
31.6457
30.5454
17.2080
23.3725
20.1771
31.8645
22.0653
25.0176
23.4958
27.1472
28.4984
16.7470
27.6905
20.3113
21.2346
26.1510
25.9958
25.4217
19.8905
23.5866
36.5919
20.5220
23.0752
19.6825
24.9632
21.1152
18.8587
21.1065
24.2288
17.8498
31.0906
23.4529
27.4776
24.8814
21.8378
22.5152
19.4260
24.5783
23.3279
23.3783
31.1217
20.5142
23.9040
29.5365
27.8259
34.9546
19.0330
23.1019
18.8937
26.8648
29.8802
22.9178
19.5405
19.2489
29.0906
32.5671
20.1079
27.0685
24.7842
24.6506
22.6455
23.9345
24.2438
30.0466
23.4029
32.6018
24.8910
25.7087
26.0286
22.6138
20.5203
20.2869
17.2118
24.0182
20.4813
17.4459
25.6247
19.3687
23.7161
19.6049
21.8133
20.3275
22.7323
22.1135
19.2082
26.2003
24.5323
24.3069
25.3558
21.5613
19.3120
20.2543
22.0265
23.1288
19.2819
20.0204
27.9456
26.4139
26.7412
20.3756
28.1245
23.3465
19.7739
31.1031
29.6085
33.7895
29.1255
29.9212
23.0242
14.7507
23.3417
21.1569
28.6520
23.0088
29.6908
30.7534
18.8100
28.4481
25.5948
16.7945
29.9896
19.7572
24.1756
19.3624
22.1873
30.0784
25.2062
21.7795
27.5844
26.6163
23.8161
24.5257
23.2179
26.8231
19.6327
26.4008
26.8399
27.3540
25.1497
24.4172
20.5808
24.0516
26.5662
30.0695
29.8933
28.6350
29.5004
26.6678
24.2204
17.5624
27.9778
25.8116
22.0909
30.1200
28.4822
23.5929
25.9571
30.4613
30.0855
23.5736
19.5929
21.3323
21.7866
18.7814
20.4546
23.5128
18.9683
26.0185
23.5077
17.8239
24.4555
24.1445
22.1231
26.9854
30.2331
25.2865
19.5012
20.7746
29.2836
29.2409
21.5324
28.1627
18.7527
24.1116
27.9823
26.8146
20.0937
22.8076
24.3392
26.2261
20.5493
22.9304
23.2527
18.3356
27.3688
21.6828
25.1753
24.6962
28.7294
24.7585
27.2782
20.5124
28.5955
23.3276
17.6152
22.6138
24.5260
19.9635
26.1065
19.1259
25.7489
26.2604
29.3846
19.9933
23.3903
27.8852
25.0869
23.6773
22.9166
25.6213
25.8390
30.6706
25.1873
24.9264
21.0770
25.7229
18.1159
20.5582
19.4644
27.7631
26.5824
32.4885
24.8497
25.4276
26.2091
24.9525
26.0315
27.6932
24.2013
23.1412
17.6558
22.0302
20.3775
20.4792
30.3892
25.8152
28.8973
25.2898
22.8898
23.0239
22.4040
29.3723
26.3215
21.7459
21.0278
26.1126
25.5553
21.8105
31.0553
21.8011
30.7326
33.9271
21.4311
26.0910
24.0967
28.2661
25.1635
18.1416
30.1656
24.9957
20.7087
19.3326
22.5652
26.1060
35.9348
29.6903
23.4108
22.8353
28.8100
25.3533
25.1956
20.8778
28.2160
19.4652
32.3687
18.6615
26.5044
29.4937
19.9085
22.8778
25.7502
37.5371
25.6713
17.9641
26.3405
21.2445
28.9405
23.3757
20.9442
17.4385
25.6682
32.6586
27.4635
26.6067
23.1160
24.0111
23.3172
20.6537
26.1922
26.2636
31.3457
21.5042
22.3980
24.3971
22.1857
21.6353
19.4991
22.7717
18.2665
21.5449
21.6979
26.5617
26.0182
22.3540
26.4191
22.1973
26.0488
25.6456
27.4839
28.1577
27.4802
28.7772
22.8924
30.6650
21.2524
22.5571
29.0283
26.8992
19.6370
26.0517
36.6695
22.5348
18.9163
22.0373
29.4047
21.4467
20.7311
22.3102
20.4241
26.5154
25.5742
21.4950
31.8249
26.2541
21.5151
24.2479
29.1605
21.0046
17.0867
22.2216
20.7848
29.3519
23.2188
24.3095
20.7976
28.7846
21.6956
38.1649
18.1599
19.5880
27.1974
19.1203
20.1296
24.9558
22.7035
22.3609
28.9588
20.7275
23.9246
21.1197
20.1902
17.8573
24.5367
26.8794
32.6812
21.7723
22.2445
28.2478
26.3124
17.9187
21.1823
34.2759
20.7089
29.9522
25.9604
26.4368
25.5998
16.9149
20.3658
22.2309
26.5051
30.6602
26.4774
36.8505
20.7377
22.5333
25.6969
26.8074
23.9004
24.5038
21.4458
21.0508
23.9000
29.7968
29.3152
23.0004
24.6906
24.4242
26.1146
30.6784
27.3856
23.0866
19.2862
22.1629
21.5264
24.1363
22.4902
23.7561
28.3464
28.3927
20.5248
20.7539
24.2566
28.8719
29.5311
21.5964
19.7999
24.2747
23.3419
19.5637
28.6036
23.3175
26.8638
24.6436
25.1488
24.8218
21.3013
26.8575
26.2013
28.9156
22.8177
24.5094
17.3367
21.5025
22.0122
27.4458
22.9312
24.3287
20.4341
23.7395
21.6355
17.0500
22.8873
24.6384
30.9107
23.5580
24.2152
19.1569
22.7032
27.3122
19.0628
20.4080
19.5976
18.4578
30.5238
21.3906
24.4997
23.5623
21.2752
30.9245
24.5624
21.7177
20.9965
22.9174
24.3967
28.2119
33.8833
29.6380
24.0697
23.4714
33.8859
21.4087
22.0712
20.7495
21.5551
26.1837
30.4689
23.1217
25.8455
29.9768
19.1725
22.0804
25.3237
32.4242
29.2072
20.6432
20.3986
19.9653
23.1746
20.1020
30.5263
18.4296
26.0010
25.9137
27.0924
21.5480
21.3694
24.3679
24.9861
21.6701
30.4642
26.2474
21.4795
19.9930
16.3482
17.6720
20.6291
23.3874
25.4767
24.1691
26.3063
25.9511
27.7485
30.6902
20.3444
22.4253
26.2941
20.1773
35.0967
18.8563
23.5495
21.3358
22.0155
25.3586
29.2494
19.9157
32.8571
21.5200
21.5302
32.8385
26.2955
26.8192
20.9105
16.2829
22.0597
25.8854
17.9173
23.8283
17.3546
23.8078
18.0621
28.8904
23.5199
30.3098
19.9677
23.4187
19.4933
19.4232
23.2506
27.4281
22.4479
28.3323
26.0173
22.7581
22.8652
22.5581
22.6499
20.7820
28.0533
25.1219
23.1575
23.9643
22.6045
27.0908
27.5857
27.1720
25.5839
30.2676
22.3490
22.7364
20.8661
27.4245
20.4378
21.4159
32.4018
23.8420
24.8144
29.2412
24.9170
22.6276
19.8408
24.5040
21.9245
16.6411
26.4235
21.4137
24.9450
28.0242
18.9073
33.7054
24.3487
23.7637
22.9204
21.4472
19.0468
28.2742
22.9479
26.1845
31.8973
23.2386
22.2834
29.1255
29.5412
26.7876
25.9063
20.3321
27.7559
23.2630
24.2826
22.1312
35.9617
21.3044
25.7088
28.6911
29.8195
28.9755
25.7258
28.2341
21.4894
18.9626
21.3029
26.1692
19.3937
21.7163
18.3096
22.5284
17.6909
19.0315
22.0524
28.1387
19.7638
27.8766
24.2504
26.2876
24.3263
26.5962
23.1570
18.6135
28.0396
23.7676
18.3009
26.8174
21.3725
28.2086
18.9624
20.7953
23.4061
28.9333
17.6827
24.1188
24.9103
20.4108
25.7380
24.7623
21.2823
26.3997
29.3671
30.1812
29.8844
25.7891
35.9227
26.6081
24.7197
19.4886
30.0410
23.9566
27.3661
27.5825
26.1751
21.3331
18.5901
27.8697
25.4247
33.8127
23.0812
27.8181
29.0173
24.9480
28.8924
26.9716
24.9212
21.3691
29.8493
30.9499
26.3907
22.2936
27.9396
19.5843
21.5162
18.4663
23.9197
16.5098
23.3397
19.2150
28.0453
23.8837
20.6064
22.1198
28.5714
20.2387
23.8362
28.4339
19.3815
16.0434
21.4668
21.6088
28.0155
19.8878
21.4887
26.8674
18.4997
26.0571
18.4458
19.6739
21.9461
32.8316
23.4378
21.4731
32.4111
23.1792
24.7692
24.0390
27.0315
22.4551
19.5641
20.8962
20.1732
35.0648
24.9718
33.5930
21.9782
22.5763
18.3496
26.1276
27.4624
22.5683
34.1054
18.4209
25.9275
23.6166
18.2654
28.2924
20.7727
22.1488
28.0635
22.9630
26.4514
23.3900
27.5854
18.7231
24.2499
32.1725
23.7272
22.0321
26.1609
21.5638
30.5604
26.1555
20.3524
35.2599
21.7444
23.9426
23.7953
27.6761
28.9901
17.0356
23.5398
25.7145
30.8336
32.6305
21.3747
24.6355
18.9548
17.8951
25.4536
25.5376
22.4475
28.9303
24.3572
19.8322
22.9762
22.3048
25.0287
18.0803
32.3422
27.3195
25.1110
22.1077
26.2872
16.9178
28.0843
23.4522
25.8438
31.9050
19.0652
22.3711
28.8132
23.6556
23.9072
25.7802
17.7618
23.9916
24.2936
30.5519
25.9146
22.7130
25.4965
17.6033
22.4560
18.9963
19.1392
31.8033
30.8642
17.8573
18.2277
16.2312
25.0009
25.0748
20.3552
21.6887
29.4547
30.7528
23.6009
20.9783
23.4520
21.8727
27.4181
24.8232
24.3865
26.6382
19.8679
27.4932
19.9043
28.6273
25.0248
20.7604
18.5939
23.3591
29.3192
25.2016
22.4119
22.2893
22.8762
19.3050
25.9734
21.4801
17.1789
31.2634
23.4692
17.0528
22.8610
24.1933
23.0218
17.7710
22.6448
27.6095
22.2226
22.5361
30.3468
24.1492
16.6507
22.5215
24.2740
29.8012
24.0477
23.1169
23.5000
28.9584
23.0617
23.4972
21.9757
21.5422
27.8819
25.1710
25.1027
29.8832
30.5688
29.6987
28.4142
26.8186
28.3898
26.3297
25.6589
29.9080
21.6639
25.8571
27.4795
26.9207
18.6949
19.1483
32.8337
19.4414
27.6920
30.7646
16.8861
20.6135
30.3611
21.7783
26.5059
24.1198
18.0893
25.4463
23.3664
25.7416
33.0329
18.1741
21.9061
18.1312
21.9077
21.6866
24.3084
19.4656
16.2516
23.3074
19.7451
21.3168
30.6830
16.3140
22.5571
32.4013
19.9485
31.6313
19.9191
24.0658
18.8943
17.0961
28.3705
20.9644
24.7479
25.4891
26.1012
24.1747
21.3935
21.2416
19.0019
24.2660
21.0602
18.8921
26.3380
34.0207
17.1138
24.2667
33.2992
24.6290
28.0611
30.7399
21.2675
25.6940
25.4955
19.8663
32.0290
23.7582
18.9881
27.7349
30.0061
22.0707
28.9529
26.9883
32.0825
19.9471
28.3502
30.9924
26.5430
23.5416
31.2695
25.6890
23.5304
19.7908
18.8400
20.2940
20.9478
26.6301
28.7591
25.2344
23.8132
19.4583
18.8299
22.3164
28.2887
21.1660
22.5478
20.5203
18.5429
20.3082
23.4219
19.4100
22.5411
18.0508
29.2300
23.8141
21.0788
24.3441
29.4855
23.0785
23.9334
22.6068
21.0761
21.8374
28.0851
26.4319
31.0012
20.5522
19.1694
30.3220
27.0661
19.7410
23.2330
26.0695
22.8922
28.3720
20.6997
25.8051
22.1632
23.6527
25.4063
24.7215
20.3666
26.5872
17.9293
22.9723
21.2533
19.9826
19.4464
27.1117
23.8938
22.2848
28.2796
35.3292
25.7087
26.5429
18.6641
24.5990
22.8593
25.4240
27.2635
26.6012
25.4057
24.8591
27.2370
22.0842
22.6054
21.0434
26.1207
25.8466
30.2689
19.6007
26.6747
30.4426
35.3077
29.4676
32.8290
24.1511
28.3202
23.9332
21.3461
20.6811
25.2273
24.6584
20.8027
29.1501
19.0195
25.9200
19.8717
22.7838
20.8949
24.5421
27.4558
23.7278
37.2053
25.6050
30.5284
20.5191
24.6835
21.3585
18.0292
26.5703
18.5423
33.5820
29.6553
24.2796
18.1996
19.9140
24.1246
24.0371
21.1310
20.6324
26.5533
24.2970
24.3901
29.7589
25.4311
21.3482
25.4097
19.7724
27.4592
19.8008
17.8139
24.3680
21.0731
23.4863
23.9857
23.9152
25.8537
23.4798
28.6907
16.9803
20.7126
16.9104
19.3143
27.0279
19.0234
20.4621
24.9447
23.8912
21.8238
30.9638
18.6871
24.3252
27.1868
21.9763
31.6029
18.5743
20.4811
25.9342
22.7690
17.9438
18.4026
24.6914
29.7368
31.1514
25.6761
17.8476
27.2493
27.6009
29.3670
30.0295
19.3663
20.9389
24.3549
32.7005
30.7550
32.8294
20.0762
25.5384
18.7142
26.1913
36.8825
20.1207
22.1005
21.0964
21.1890
22.4808
20.0580
20.5821
22.5217
33.2567
18.3462
18.8188
22.9390
22.2652
27.3073
24.4336
30.9267
25.3853
21.8125
26.8487
23.1526
19.8961
26.0525
30.2318
17.2907
24.5348
17.9245
22.5417
26.0676
22.7043
18.8963
28.0078
19.0740
17.5191
23.7938
26.1089
21.8892
27.4191
18.9782
22.1492
24.2102
19.4544
32.4228
24.6289
22.7553
22.6167
31.2697
19.5199
21.3808
18.5828
24.2697
20.9301
20.1524
22.0184
24.6331
26.3830
18.3161
23.6094
25.9404
18.0948
19.7187
23.0487
20.0240
33.4018
24.5916
22.7849
19.4633
31.7049
22.9440
20.0208
25.6579
19.0168
22.2565
25.4912
24.9498
21.9568
30.2336
22.0323
21.8834
26.1191
25.9054
21.9129
19.8377
20.8368
31.4177
33.2100
23.1777
24.0616
28.9565
26.4541
21.7456
25.2693
18.9885
23.8015
25.7324
27.7754
20.9425
25.9986
22.6720
23.9917
25.6233
17.4509
31.9316
24.5648
17.8117
29.2065
24.3070
24.3035
27.6232
30.4860
25.2889
17.4194
24.7131
17.3110
32.9755
21.5536
17.7891
16.0460
22.7406
16.4482
18.1904
22.7665
34.7967
20.5842
22.2290
16.6296
24.4451
25.2657
29.8731
27.1229
19.8397
19.7555
22.4208
20.9337
24.4345
25.8308
18.5547
21.7850
24.9202
24.8879
26.2685
21.5011
21.7829
22.4423
19.7431
24.9630
23.6170
24.1234
21.5665
18.9930
19.2421
33.2596
23.6789
19.4344
27.9398
24.6069
19.4844
20.4813
19.8467
26.8272
21.4167
26.7553
25.1632
20.9079
19.6431
26.9040
23.7126
25.5361
27.7872
21.2826
25.5749
21.5192
34.0942
24.7893
22.0477
19.8907
27.4202
20.6192
23.9399
28.8282
28.5484
20.1063
18.5077
28.4729
28.0573
21.9769
28.2420
21.9176
21.9320
26.8726
22.9628
27.3475
21.2615
24.8557
23.2018
26.4396
23.4808
26.2777
23.3844
20.2519
22.3175
17.6933
24.0556
17.1465
31.4105
20.1404
31.2671
18.7729
30.3486
28.0799
37.3570
23.3241
19.7512
26.4906
19.3197
32.1094
24.3256
19.4204
24.3567
22.3755
24.7045
19.7170
33.5252
23.8506
25.3442
31.1616
33.2334
21.8348
28.3969
29.0341
27.3873
21.9833
24.1599
25.7050
30.0374
23.5457
26.0395
23.3039
21.6012
32.2090
20.7562
23.4453
25.0095
18.8790
18.3479
26.3552
25.0308
31.7750
26.4120
18.4881
22.2452
23.0304
19.7213
31.1035
20.9250
22.5110
24.5904
27.5348
23.3224
17.9941
26.0652
22.5703
24.2351
20.8914
27.2577
24.1689
25.8970
26.9576
20.5955
20.3873
19.9786
28.0834
26.0860
26.0904
32.6568
17.9295
24.3464
22.5598
15.5390
33.9015
23.2176
20.4218
32.0900
23.8036
31.0340
16.3241
25.5520
30.8295
31.6432
35.6959
18.5376
21.1844
23.8178
22.7369
25.4986
23.6731
22.2269
23.3071
23.6971
20.8771
27.8268
19.8889
26.5698
19.5284
28.6542
19.6393
21.2018
20.9101
17.5844
28.2768
20.4918
20.0731
21.7522
17.8189
20.4933
32.1783
21.1704
23.2494
29.3277
26.6913
24.9946
24.6304
18.6785
24.5930
19.6572
28.1095
21.5194
27.2514
22.9090
18.9510
24.1410
19.4384
22.3147
23.9795
33.2119
27.6162
28.2689
15.6635
29.4501
21.3716
29.8090
18.6391
24.0613
26.4194
21.2925
26.7642
21.4601
30.0947
22.9853
28.2278
22.3097
22.6099
29.4890
19.8768
18.1782
20.1727
16.9268
22.1643
31.9562
32.7685
27.6502
28.7963
30.9826
30.8880
18.0488
21.2383
22.4895
20.2920
28.6290
26.3489
18.2641
28.7791
23.8148
33.1086
18.7149
22.2590
28.0351
19.8658
19.8993
25.8141
33.1758
29.0542
25.3557
24.2567
22.0403
23.0997
25.0612
27.8084
27.5120
31.3893
24.8994
19.4031
26.2365
29.0964
19.6125
22.6070
27.5556
25.4889
27.0673
24.0220
17.6930
28.2762
27.9164
24.2198
30.0041
32.6816
24.5626
32.1894
28.9762
22.2719
21.3986
35.2946
29.4724
21.2066
24.3953
15.9779
22.4890
18.5504
16.7363
30.4067
18.5441
26.6735
25.2159
18.6978
18.2310
25.3942
22.3226
22.9178
28.7458
25.1624
18.7539
22.5519
19.7476
24.9346
24.9971
21.0058
27.7059
23.9804
24.3533
16.7914
24.6330
24.5143
24.4510
25.9533
18.2108
19.4777
26.9846
29.0791
22.8598
23.0551
25.6256
21.4946
24.1213
18.5986
24.4886
18.3852
19.1827
21.8669
25.2578
23.8739
23.5267
27.0929
29.2753
25.7758
28.2146
27.0353
27.2816
19.9039
25.2560
18.5363
21.0887
28.4350
23.1501
23.9910
23.4157
26.8221
21.3438
32.7031
20.7831
24.7311
20.7968
29.2104
21.9148
21.1778
35.1732
22.8334
22.0888
32.3379
21.9946
25.3187
21.9966
22.4815
25.0218
26.1718
23.0569
25.1993
20.1668
20.8489
24.3430
21.9840
22.6093
24.8508
19.0558
20.1545
25.6498
32.2391
27.3048
20.9714
27.0656
32.0700
25.1181
21.9736
22.6701
21.5670
22.0997
22.6285
27.4619
19.8341
19.7271
26.5920
24.8614
26.5285
31.7345
21.4568
22.2013
34.1640
19.9618
32.1896
20.4136
16.8752
22.6128
32.7179
22.0346
31.3876
28.8007
21.2721
21.5721
25.4150
28.8444
31.8705
24.6751
21.5897
19.4209
26.5176
26.6385
18.6704
16.9700
23.1276
31.4348
20.2575
26.0136
34.4572
33.0420
22.1807
26.2031
20.0885
19.1333
17.5095
24.1039
25.9355
22.3506
22.4336
15.1181
17.2729
29.7606
22.6907
20.3502
24.4262
25.3926
27.9950
26.2836
27.5602
23.4501
19.9101
23.3426
31.7374
31.2068
17.6030
24.0536
26.6879
34.9144
25.4126
25.7257
25.0254
28.5666
25.2705
31.8049
25.3376
22.5741
28.9056
19.4745
19.0631
24.0845
25.0190
24.8480
17.6850
20.4267
18.2573
22.8024
28.6295
24.2052
23.3293
24.7639
17.1224
19.1734
22.0913
34.3711
22.7780
24.6177
23.6197
27.9351
32.9121
19.9726
22.7143
27.2328
30.8282
28.5318
35.3914
20.4072
17.4888
17.9827
16.7352
33.3936
27.1446
28.5479
27.6337
25.8519
18.2337
22.8099
20.7978
28.7454
21.6758
19.9889
24.1200
20.1573
27.3752
23.7096
25.9069
16.8945
27.5987
16.0742
28.6930
26.6686
30.4641
24.1788
23.8921
26.1922
20.6008
27.9672
23.3957
23.4053
20.3227
28.4660
20.6664
22.3078
17.3806
23.2493
25.9223
18.9508
19.9402
21.6170
19.1788
19.0235
27.8391
20.2436
19.3208
25.0652
19.2528
21.0306
23.4468
30.7514
22.3160
20.7917
21.5623
15.6583
22.7268
23.8401
25.5547
34.1491
25.0276
27.4705
16.3696
25.1559
22.8021
21.2293
22.0049
15.0426
23.6992
19.2248
24.8821
31.7682
19.2164
25.7706
27.7837
23.0014
27.0852
21.3089
26.4246
24.2566
25.9860
27.9273
23.5786
22.6348
24.5732
28.1916
22.7758
25.3406
24.6960
16.3444
19.7416
30.5283
16.1666
17.2076
20.9647
31.8265
16.9555
22.5742
27.0808
21.3039
26.0307
26.6047
28.6695
25.3837
18.2139
25.0341
25.4773
21.0875
22.8793
24.9297
17.1278
15.9670
26.4894
21.1723
19.2825
19.2069
18.9911
19.6490
22.6118
18.7086
22.9108
26.8988
19.6783
16.4686
21.2916
22.2314
20.8474
22.2227
22.5661
28.4574
23.5142
27.3117
28.7536
22.8304
22.4422
27.7092
23.3646
23.4817
20.6789
23.5832
25.0876
21.8807
23.7656
25.7346
27.0748
29.0238
21.1915
19.9457
19.5523
17.9813
27.0091
29.0022
22.2271
17.8827
18.8937
31.8348
24.5510
24.1849
27.1399
22.5852
30.0275
27.2868
24.0517
17.3105
25.0365
21.6706
23.6838
28.4110
22.9957
33.0748
18.3518
20.4135
28.3207
23.7389
27.1152
30.4903
21.6580
22.2354
20.7430
21.1230
23.4417
24.1122
26.6547
28.9700
23.6600
28.6035
22.9578
29.4054
20.5470
26.4818
21.1275
30.7944
30.6232
29.7123
20.8534
22.4046
29.0309
29.7645
22.8160
27.6354
20.4834
17.5368
19.0730
24.3251
24.5814
26.8391
27.1589
27.2834
20.2965
24.6944
25.7801
20.1735
26.8867
23.5885
32.0676
26.1190
24.3570
29.7456
23.0253
27.8636
28.7065
18.7135
30.2958
27.4115
18.6723
29.0680
20.1853
27.2579
20.3960
30.4048
20.1215
23.4211
28.3046
30.6621
15.4881
22.8998
25.5473
23.4657
17.4155
21.1245
19.9101
21.4819
32.6912
22.5499
29.2414
26.9837
29.3910
33.6136
22.4763
18.3892
15.9921
17.4713
26.6581
26.6803
26.7250
17.1146
27.9519
20.4985
25.6035
30.5442
18.8491
18.9487
26.4423
21.3544
21.7976
28.5232
28.6976
23.3911
32.1063
28.4034
25.9130
26.7110
19.4791
22.4416
25.8276
20.8671
16.4085
18.3849
25.4936
22.9634
26.5341
25.0123
30.5923
29.2753
27.6981
25.2279
24.5941
26.1930
29.3248
17.7129
28.5386
20.4387
25.3214
32.7957
20.2361
23.3790
21.3589
21.9013
25.1078
26.1286
18.6889
24.4001
20.7685
23.0391
30.0676
32.2788
18.3482
18.3059
17.0142
24.2907
29.2981
21.9468
30.6521
22.6847
26.2291
21.8991
25.6383
31.4675
27.1750
31.2481
18.2323
23.6746
39.6651
28.8277
19.5535
28.5434
19.7443
23.3028
26.1790
26.9415
20.9515
25.1532
22.2959
24.0180
21.7556
23.6896
19.5444
24.7688
26.6169
20.5416
20.9606
14.8173
26.5170
24.0422
23.8386
23.7558
28.5407
19.1366
22.6846
22.8045
18.4140
28.3994
23.1151
19.6203
26.0331
23.8180
28.9510
23.7358
25.8234
22.6159
21.0833
19.7385
23.7096
20.7604
23.4237
21.2257
22.6368
25.8996
25.8683
20.8492
18.2265
25.1113
22.2779
24.6210
23.1826
26.9002
24.1559
24.6434
22.9590
26.4916
24.9365
24.7978
25.4774
18.1963
19.6142
24.5199
19.7996
19.8335
23.7873
24.3227
26.0584
34.7206
21.8704
21.5403
26.0297
26.6514
29.2428
21.0030
26.4358
17.2467
22.4060
25.4384
21.2839
26.1181
20.9872
20.6610
23.9982
21.3174
25.5295
19.6744
27.6732
20.0713
22.2203
21.8029
18.3969
17.5299
30.3756
30.1258
20.1039
23.7099
21.6757
17.9512
20.9417
25.2289
19.8994
25.9174
24.0316
28.2311
22.4467
23.1631
34.4062
28.2197
30.7320
30.9236
19.7781
20.7911
24.8737
24.9319
28.1526
20.6911
23.9796
22.9350
18.1901
19.4405
24.0004
19.7271
19.6329
26.3112
20.2210
26.0976
27.7018
30.9400
19.9658
34.1221
31.0167
28.1795
25.7822
33.8427
25.9249
24.8097
18.4127
23.6802
27.5667
20.3578
27.3534
28.3667
18.1607
22.5907
24.7831
21.9881
29.6773
21.2500
34.0061
25.0247
28.1628
26.8380
20.7406
24.7941
19.6058
29.2381
19.1889
28.6843
26.7246
26.9036
20.5754
18.2489
25.9983
24.5214
18.5611
30.2911
24.8946
17.8852
22.0134
23.3416
27.6236
23.5533
24.2680
26.9160
19.0230
25.4949
28.1048
19.9508
18.8278
25.6616
28.2660
34.3564
22.9701
18.3518
16.8186
27.3479
24.0752
18.6356
28.7955
18.7951
27.6418
18.4051
25.7784
22.6867
23.2628
20.6787
31.5109
26.4773
22.4431
21.2499
24.7606
23.3363
24.7064
26.0575
20.3944
25.5282
18.1705
25.4020
23.7296
28.3137
20.5881
25.7212
21.7537
25.9180
19.5673
30.9711
21.6492
24.4617
23.7553
29.3603
31.8922
26.5428
19.9568
21.1503
23.9040
23.1824
15.6260
16.7274
28.0920
27.5658
22.3070
22.8550
21.9320
20.7223
33.6376
17.5110
23.4062
16.8224
16.3792
16.8333
20.8846
24.5688
25.0825
17.3870
16.4944
23.7244
20.5452
32.7993
24.3984
29.4571
27.7563
17.6332
26.7410
19.3217
23.5678
21.2122
16.3525
19.1989
27.7901
18.3573
23.2490
26.4809
29.1991
23.5301
34.3014
25.6490
27.0036
28.2419
22.4646
27.1045
33.9769
24.7162
23.6420
21.7789
34.6051
22.0005
27.1049
19.7551
29.5710
28.4675
28.1754
25.3904
25.9097
26.0651
31.0469
31.5302
28.8225
24.9574
23.8387
24.4267
29.8234
20.5693
25.7298
23.4244
25.4386
24.2297
28.9406
22.8658
31.1921
31.5389
27.5165
26.2952
24.0865
32.3344
28.8721
23.5358
24.4932
21.1290
27.8110
32.3487
27.7332
20.4934
21.6627
25.0353
24.6292
25.6715
21.0397
32.5311
21.6804
22.2113
29.8892
29.1531
27.5444
23.3926
32.7193
21.3689
24.1583
18.6035
21.7284
28.4813
20.4352
27.7980
21.6830
22.8858
22.4132
20.8146
22.8627
26.3928
16.9777
19.2389
24.9595
21.6591
29.1191
26.7652
18.4371
28.9532
21.4655
20.8819
26.1618
25.4432
17.5645
30.3818
24.8542
25.3136
22.5770
33.4571
21.9626
19.5877
32.1824
29.6744
21.6803
30.1317
24.8681
23.7764
18.3271
32.1206
20.4148
29.2667
29.4032
26.1882
26.6578
30.3711
29.4316
23.7133
26.2703
28.2243
32.8185
33.2659
22.3095
28.3750
29.1618
29.6823
30.0713
28.1346
24.3259
27.1977
27.2666
30.6795
20.6351
19.0157
30.1487
29.5864
27.9960
20.4638
21.1531
17.4431
32.3162
30.6213
21.9920
25.9617
23.4140
29.5534
20.9854
22.4077
25.4857
23.0085
17.4455
26.4053
34.6990
24.1022
23.6745
34.3749
25.4496
22.8849
23.9628
27.6158
18.4168
20.5075
23.5525
25.6942
31.8324
25.1013
25.3538
25.8392
27.0341
23.8772
30.0424
21.0797
28.4468
25.9714
24.3265
28.3480
22.8538
19.1841
22.0046
22.5202
24.5335
26.2205
21.5979
22.4108
25.6400
22.1549
31.7834
24.5637
22.3567
18.2633
20.1606
29.8292
24.7908
25.6395
20.0393
22.6986
18.9533
24.4119
21.4697
21.9171
24.3806
23.3589
32.6948
30.8245
29.9460
20.7681
26.1310
24.6176
30.6332
37.2178
28.2336
25.8935
27.2957
19.6192
27.0921
29.2027
24.7332
22.5051
25.8727
21.6616
17.6832
29.8449
28.9002
24.4471
24.8661
28.7155
25.5204
22.7933
20.2998
20.5329
22.4580
20.8147
19.8023
25.7323
26.9088
24.4289
17.8547
21.0440
24.0574
21.3945
20.6006
23.5134
29.5524
22.1956
28.6439
23.2658
19.7387
16.3462
22.5788
17.2883
18.5726
25.1448
23.5106
17.2620
30.0665
22.1034
25.2470
25.7933
19.7848
23.9218
20.7187
26.1611
20.5412
16.8897
20.0515
23.9652
24.3440
24.7577
29.3952
29.3032
24.9635
24.4500
16.1191
25.9163
23.8997
29.7027
21.4473
28.0188
27.7793
24.5071
21.7907
20.0013
32.9689
22.9385
26.5351
29.9017
25.5808
20.4003
24.3141
26.5155
24.7103
19.8842
20.6171
26.8906
27.2949
22.1616
26.2971
25.3298
24.7688
26.0475
16.9362
32.3977
29.4010
28.1878
24.7526
24.3504
29.1255
26.4696
25.6956
24.7421
18.8892
20.2980
24.4010
24.6209
20.9467
25.7716
18.9008
20.9417
27.5282
23.0781
25.8519
30.9216
22.2740
23.3698
26.3217
22.9361
27.5274
29.0234
22.1932
22.0591
18.6450
17.6229
21.8040
29.8322
26.2518
25.4947
29.9824
24.2090
25.3748
27.9411
29.5290
20.1397
24.7717
28.3880
34.4004
22.3592
28.8715
23.1816
26.1249
22.2191
30.6581
21.1893
20.3613
30.0327
29.2589
23.8528
25.6232
20.3968
25.0383
21.5009
24.3178
22.0794
26.3917
18.0913
19.3427
25.7293
32.9432
24.9452
21.2719
25.1948
23.2329
22.1921
33.0283
23.5797
24.6905
31.3918
20.6890
21.5987
33.0318
29.3156
21.6441
18.0391
30.2490
32.7031
38.1422
28.8962
18.1673
24.8655
18.4829
19.6741
25.3698
21.3718
20.4143
25.4654
20.6249
31.7177
23.0300
20.4850
19.4155
29.1636
23.1620
22.2917
26.1005
28.8249
17.4940
22.5886
29.2408
23.5532
21.3058
26.4027
22.8207
15.6410
21.7958
21.7377
28.2934
17.5078
15.6169
25.0982
25.1008
24.4902
24.0789
30.2193
30.4012
27.7168
23.0036
23.2317
26.6281
20.4631
17.9846
20.1918
25.6240
18.9120
29.9901
21.2396
19.0749
19.3272
25.3477
17.4994
27.2053
27.6460
27.2303
19.6915
21.5972
31.5202
28.1158
20.2629
25.5074
26.9297
27.2168
22.6054
28.0533
26.9702
20.6867
21.6177
17.6723
30.8952
23.0515
21.2736
26.0586
27.9526
26.9782
29.5212
19.0971
21.6712
18.1106
26.3743
19.7570
17.3228
29.8822
28.8471
27.1528
26.5200
21.9442
18.0831
29.9562
18.3096
35.3107
23.0155
28.9273
22.8474
32.9957
19.8864
21.3680
21.1284
25.8730
23.4538
19.1377
27.9559
23.2686
23.5409
18.7245
27.3022
25.3749
18.1000
33.0205
25.1773
26.6884
18.9676
21.2661
20.9099
16.0555
22.1036
25.7820
28.1849
19.3149
19.0523
26.5664
23.6899
22.2262
23.9495
33.0056
29.7543
27.2587
18.1163
27.4376
18.9271
19.9934
24.1343
19.5038
21.7014
23.6176
25.8162
24.4860
22.0036
22.9284
17.6758
25.1317
24.2131
21.8505
22.7099
30.6125
18.8077
20.6420
26.9263
27.8100
19.1710
26.4537
19.4554
25.3806
28.3175
24.2930
21.5048
23.7899
23.4857
29.6287
24.1177
26.2813
30.4755
23.0644
32.2559
23.2548
24.3560
19.1679
26.5476
22.0029
31.8549
22.6246
22.1979
24.6282
25.5361
17.6694
30.0021
29.4410
23.5382
28.1384
28.0949
27.3178
22.3265
31.7282
24.7428
19.3195
25.1924
26.6552
27.7481
24.2330
23.8407
19.6349
30.7960
31.5521
26.1099
27.1332
20.5456
18.8118
23.8530
33.9810
24.5486
28.2876
23.3010
30.9704
22.2442
20.2537
16.4154
25.0603
25.3515
33.2145
26.6132
22.8177
20.5822
20.9516
19.4856
21.3047
24.3749
17.0157
30.2989
28.0775
25.4847
18.1859
26.1389
22.4080
26.7159
26.9896
20.4016
23.4948
33.1408
30.4799
18.9612
22.0431
30.1962
20.1640
20.5268
20.2731
20.4160
27.8696
22.7487
27.9975
23.0843
21.9178
28.9084
20.9817
24.4357
24.6281
18.5437
21.4783
28.7972
28.1693
22.5863
22.0998
27.7026
24.1425
22.3299
20.3084
25.4913
18.8904
26.0681
27.2992
16.8866
20.3337
28.9113
18.7162
18.5945
23.6580
31.2693
30.1919
23.0246
26.4013
20.1718
19.2379
20.7378
19.7968
24.9549
20.3745
18.7218
17.8664
18.1677
22.1436
25.9233
21.0937
24.5716
21.8255
21.8858
16.9106
24.1392
29.9551
23.6858
28.2646
23.5505
25.3603
19.1732
20.7478
16.9241
19.5935
27.3674
22.8645
17.0004
28.6921
28.4317
21.0956
33.2109
25.2189
26.1887
26.4765
19.9899
33.4354
22.9184
20.3695
23.0298
28.7780
21.1114
25.0780
23.8389
17.4822
30.5354
21.6690
18.8950
22.4872
26.7115
19.4228
28.1419
22.7637
20.7987
32.7725
24.8557
24.7885
29.7856
19.8546
21.5467
21.9373
28.3616
24.5623
21.1567
19.8165
26.7381
21.0635
23.4566
24.2032
26.7731
26.0326
26.6386
24.1059
22.6741
22.9212
22.6692
20.7082
19.0331
22.2647
24.8881
26.1543
18.4158
24.4472
19.7350
28.9972
19.0521
25.0310
23.6577
16.6033
31.7924
19.3048
18.5243
27.5429
21.8952
16.2112
23.9073
27.9346
28.3296
26.6917
22.9552
16.7176
26.0843
24.5816
23.1210
17.4275
20.6218
24.2015
21.6031
28.4476
26.9497
25.4343
23.9261
31.3046
25.0397
22.9182
19.8625
19.9281
27.6191
20.7253
19.9532
25.5338
26.1385
28.2040
17.8797
18.2698
17.9858
19.8902
26.3453
20.2443
17.7910
18.5918
21.4393
27.2458
29.6108
21.0833
26.2598
21.0788
28.0425
32.5322
25.1080
28.8523
26.5665
23.8308
20.8989
28.5057
18.3360
17.6116
30.2030
17.1435
24.4766
25.9318
28.0221
18.9082
22.5855
18.4216
24.9183
29.0938
32.9815
21.3503
21.4600
25.1106
27.0108
17.4174
28.6262
26.6704
27.5973
23.3604
27.4438
28.6867
19.7659
26.9205
29.6598
26.4909
33.3059
27.4685
29.2792
34.3528
24.2124
25.8307
22.4289
25.1723
20.5766
26.7282
25.8042
27.0830
22.4892
26.0875
31.7314
20.0154
25.2157
24.4554
24.3165
27.0598
22.4052
22.5592
25.6340
32.3676
26.7211
30.5053
19.1470
19.3980
30.8192
28.3870
28.6756
18.9469
19.5553
30.4288
25.3443
27.4611
24.8774
20.4272
26.2824
17.3854
25.1173
25.9024
26.4561
23.8511
21.8034
29.8833
23.6148
29.6418
23.5626
24.5134
24.7389
18.6383
23.9857
24.1396
22.2737
32.4988
22.6576
22.1970
25.1760
28.5281
30.3137
20.9718
23.8624
22.8033
30.9199
20.8665
18.8496
26.5825
31.5342
18.6725
24.5645
32.4645
23.1128
26.3043
23.8202
26.6446
26.1146
23.9965
21.3113
20.4171
27.1199
18.3203
22.5516
24.2318
28.1509
19.5748
39.2166
28.0379
21.5657
23.8950
27.8484
19.4257
18.8529
32.8603
28.1823
18.4452
28.8081
23.6743
19.9985
27.2888
24.7464
26.2831
20.7783
25.4486
23.7332
23.4840
29.9785
24.8067
22.1087
21.7055
26.5678
30.8311
23.1095
23.2858
22.4267
27.4482
23.3661
29.3895
28.4431
20.3272
26.2295
24.3390
25.5041
22.1058
33.1520
22.8247
17.6102
18.6414
17.8020
29.5929
30.8914
26.3558
29.7076
21.8519
20.7474
19.6509
19.7146
27.6979
22.0782
23.4568
20.8862
21.8313
22.6066
32.1962
21.8210
28.4630
21.1616
25.0287
30.8945
30.0037
20.2927
26.0917
25.9094
17.2431
20.9027
24.4656
23.3882
29.1591
22.4776
23.3748
29.0510
27.9824
23.2274
17.7889
26.7498
16.4593
23.1772
28.5942
26.5058
26.7681
22.4869
25.9537
20.6132
28.0987
37.2641
28.3341
16.9234
23.7905
20.6634
28.5466
29.1300
20.2983
28.3557
28.0592
20.5954
23.9767
22.6273
24.7728
22.9132
27.3536
23.9495
16.5583
26.2300
23.6919
19.8556
24.3679
27.4745
28.7395
26.8137
35.5536
24.9445
22.6142
28.5338
18.6889
21.2933
23.7886
29.0047
20.7698
24.4979
20.9558
27.4150
25.4400
20.4161
23.9106
25.4767
22.2655
23.7455
29.1263
26.1543
31.7532
23.5956
20.8380
20.9669
28.7083
29.1132
18.7031
22.9148
24.7494
25.8599
17.5186
22.1730
30.6988
27.6468
23.2023
34.5978
23.5477
28.8772
25.3517
23.0304
30.7418
23.2500
22.2216
30.9534
26.7550
20.7352
17.6628
18.9721
26.3854
19.1883
24.1983
21.7032
20.5273
20.3211
21.9163
19.3218
21.9754
20.6013
24.0510
23.4678
26.8504
28.6491
25.5378
18.4725
19.3765
26.9653
27.4160
25.6622
25.6553
27.4316
29.2025
26.2124
21.2725
21.8817
18.3652
25.7892
28.0197
20.1174
19.4013
25.1774
26.4053
26.0077
21.3172
26.5639
25.9480
23.8624
25.1564
24.8066
23.1115
26.2791
21.6094
19.7418
27.6304
20.7451
25.5139
20.3594
22.4956
22.7197
25.5572
30.5675
29.9000
29.5574
18.7724
30.8928
21.5265
30.7457
21.7957
21.6789
24.7554
29.2197
23.5649
22.7551
27.1977
24.2622
22.5602
19.4668
27.6521
23.6569
21.5264
23.2627
21.2442
30.3211
30.7867
35.3878
28.4661
25.3928
30.6524
24.3868
14.9570
25.9485
21.1696
21.9492
21.4161
30.5891
28.5998
28.1600
25.6249
25.6923
17.7648
19.7942
18.3058
26.4372
22.5546
24.2551
21.1493
22.6535
22.5904
24.9934
22.0466
25.4874
25.4613
31.0936
30.4811
21.2319
16.1719
17.8944
23.9973
28.3512
24.3767
21.8328
26.8198
22.9034
30.0583
25.7496
28.5712
17.2399
30.6564
19.7115
21.4972
21.0220
19.1832
18.6399
30.6220
17.3189
31.5190
23.3612
22.5028
24.2491
23.0486
27.2114
26.0292
28.2817
30.6561
25.0738
31.6185
22.2103
26.5598
25.3126
18.4480
26.0749
18.4982
17.8364
27.2080
29.0510
20.2727
23.5382
20.3829
27.7905
31.1574
24.9647
32.4230
25.9583
19.3917
24.3573
29.5781
24.6566
21.7745
16.7813
28.8789
24.5650
18.5248
28.8446
20.9992
21.7327
31.9704
30.3795
30.7199
24.4657
23.0340
26.2620
21.5130
16.8833
27.1508
22.7019
17.4664
17.1553
18.2706
18.1762
21.7066
18.7455
22.3014
21.4783
19.6782
20.9676
23.1054
25.1209
29.5066
19.1040
22.9409
26.6620
18.4155
24.7849
22.6904
19.9723
27.2229
29.4939
27.2286
26.1352
28.6323
26.5685
24.5608
26.9525
23.1458
26.8924
24.5522
22.9763
25.7674
33.3885
28.5890
22.8205
28.1825
27.2927
27.3563
22.1394
26.4645
26.8120
21.1801
27.5749
18.5682
18.9495
26.1133
16.2572
26.5978
24.5120
27.2890
26.9590
26.4682
29.4009
21.1541
26.1383
26.9274
22.0835
22.8352
18.3045
34.5368
21.7354
15.3276
23.9314
23.6576
20.1617
24.2939
26.1537
27.8648
21.7838
25.0151
20.6440
22.9352
28.5751
25.2010
21.2612
30.4499
20.9502
32.0301
29.2640
25.6941
24.2028
23.0571
23.2567
19.9662
32.8892
29.6385
18.3215
29.9970
26.5949
19.1859
26.8005
29.3459
16.9039
18.6255
21.0396
26.0155
20.0482
24.4072
27.5401
29.7443
26.1127
28.0575
32.3867
21.5645
28.7616
19.2195
24.6470
21.6883
26.2973
25.4758
17.9342
24.6230
26.8409
29.5867
31.7339
23.9808
28.8231
22.7910
27.3672
26.4291
15.1648
23.9303
24.4838
21.3891
25.9533
22.4460
18.1489
21.8801
28.7322
20.6120
22.5402
26.9762
31.7091
24.9288
22.1676
31.7079
24.9048
16.7318
23.3033
26.3233
21.8232
20.4937
22.8001
19.9127
32.3366
28.9825
19.2511
20.1062
31.5194
21.5199
19.6945
19.8021
31.2892
26.4937
26.0881
19.2472
24.2802
19.6144
23.8709
18.0262
36.6953
24.2899
26.2228
18.2219
21.7690
29.4828
18.9030
19.6874
24.1030
21.5599
25.0653
29.5486
21.9748
20.6781
17.1787
25.7462
20.1736
27.3214
25.3457
22.0659
22.1049
19.8679
19.7356
24.4058
19.8834
17.2908
22.2835
23.1103
22.0761
27.8349
28.2768
25.2019
21.9343
24.0994
26.2247
24.9583
23.8873
21.6543
18.7802
19.8331
16.7315
26.2407
20.7644
18.0830
22.7918
32.2877
25.9974
28.9943
22.0411
28.4273
17.4551
26.2231
23.9899
23.3816
25.5236
26.2786
24.0923
26.8332
25.7536
18.2730
18.7254
30.4765
26.5139
23.0784
23.2187
21.1709
22.6345
26.7708
29.6864
24.8484
29.6527
30.2169
22.8607
22.1276
30.9054
22.1468
24.6703
26.6430
29.4455
22.1556
20.3179
32.4874
25.3356
30.0988
24.6737
25.9599
26.3894
29.3127
20.8855
22.9388
21.4544
23.7075
18.5667
27.1523
21.8871
27.3463
25.2193
19.5062
27.7018
17.9284
35.2752
19.0705
25.7246
21.8734
20.5823
31.8674
24.5583
27.0714
28.2293
28.3239
29.6702
26.8489
20.3090
27.0000
22.3250
21.5049
23.6026
28.3244
30.5156
28.1938
22.9963
25.2366
25.8407
28.8708
25.7708
27.5491
30.0518
29.9400
29.8098
22.4642
23.9412
26.4461
20.6315
25.6823
19.1581
27.9553
25.9886
18.9164
23.6225
28.1389
22.4608
23.8583
20.3047
21.7968
25.4380
14.7195
23.6518
24.2993
19.8212
19.1861
32.3544
31.3060
20.3279
27.8138
21.0211
34.3771
21.9580
25.0423
18.7028
25.5533
25.3312
27.7079
20.9553
18.3231
19.9343
20.6827
20.9688
24.3407
28.0953
23.7871
16.4430
30.3643
28.1244
30.9045
27.8473
32.1839
31.6141
21.6156
30.3590
23.4161
28.2366
20.1112
27.7171
18.9536
30.2293
25.9847
28.8006
23.3142
21.2406
20.1943
22.0406
22.7642
26.0709
21.3289
26.9900
31.1427
24.5666
24.7011
35.8299
19.2722
18.4490
22.4956
24.2151
29.7854
23.1757
27.2357
24.8126
25.7198
30.2141
22.4045
27.3106
30.2203
17.9021
20.4310
23.7681
20.7349
20.2603
22.9919
24.1534
23.0787
24.0653
33.1010
26.0356
23.2072
24.9955
26.3687
22.3792
22.7092
27.5787
30.8327
23.8294
30.3921
30.0493
20.7389
21.0138
25.8868
20.1651
27.8204
24.1779
18.9606
17.8472
28.6202
25.3864
23.1986
25.9545
20.9446
26.0204
24.7100
28.9515
33.4748
21.6987
31.7897
16.7633
31.4407
22.0959
30.7178
24.2476
31.0192
35.4768
24.9214
32.1886
23.1740
28.2632
18.0986
18.4345
28.4312
32.7337
26.0696
19.3108
22.9333
28.3487
29.4395
29.2933
32.5232
21.9747
22.8063
16.2557
22.7863
23.3266
23.3882
29.4477
17.6698
24.0204
27.4505
26.9729
22.7251
27.6514
27.5893
28.0637
28.0983
24.0386
25.9508
18.8205
25.7804
18.4238
28.8844
23.5640
28.9027
20.1103
17.1370
17.1415
21.4883
24.2017
26.2489
24.4166
24.1672
19.4349
20.7596
32.3482
24.5051
25.5865
22.2725
20.8329
27.5121
26.3818
24.4122
26.5503
28.2348
21.2396
22.7330
25.5472
21.0339
24.1497
18.0641
22.0877
24.3892
19.9754
23.4956
24.7631
27.1043
25.4432
24.1404
30.6644
20.6308
26.5910
21.0533
24.6289
18.7820
23.0774
25.5758
21.2398
31.4621
21.2291
27.7582
28.1260
25.5096
24.7308
26.2391
20.4731
19.8822
30.5556
25.2476
18.2222
16.8793
20.9058
23.3724
17.2831
28.6084
16.9059
26.0673
34.1924
24.1074
20.2949
25.3282
27.3684
23.3671
32.0985
24.7603
30.2186
23.0624
23.3237
28.4670
24.4123
24.7127
23.0806
22.7932
23.2609
23.9409
33.3808
25.9407
20.0170
26.3831
20.1197
21.3910
23.7424
21.5602
20.6241
31.7504
29.8108
22.6983
22.7056
32.0855
22.4322
18.3942
17.3778
35.1035
25.0640
16.4576
23.2845
19.5476
31.5544
33.8029
19.2206
19.9677
22.1991
24.5248
22.5286
19.8312
26.8508
27.1808
23.6919
22.6196
28.2073
24.9183
24.1233
32.8660
17.7073
26.3399
21.5608
29.5455
21.4066
19.0008
28.2715
21.3093
23.9517
23.9841
20.0330
21.9583
28.4184
23.0450
22.0570
26.6886
27.0889
17.5639
30.8195
26.2510
23.0423
29.2916
20.4446
26.0591
26.4963
19.4721
24.2565
23.3149
18.8707
22.7430
16.5496
23.0095
26.9904
26.4816
19.9074
23.6863
23.2336
22.2056
24.6468
31.3344
20.8130
27.7533
24.0306
27.6476
15.9273
29.3215
21.8497
27.2392
23.9492
19.3242
28.6493
28.0468
21.6969
19.6343
19.5369
23.3615
19.6821
22.0226
32.0940
30.0053
25.5633
27.9363
19.0840
35.4640
26.7933
24.5753
22.7373
29.2313
22.6783
25.8945
19.3575
32.9640
17.7354
25.9320
19.9384
24.0672
24.2453
29.0396
25.6563
22.9480
22.7742
24.4977
28.4156
24.6404
26.0973
23.7639
27.4624
25.9045
30.0343
27.3301
22.7849
22.2761
28.7983
18.6763
22.3866
30.7606
23.3819
30.0801
23.3710
23.3362
21.1499
22.5587
19.0267
20.5738
26.6492
26.7545
20.9270
33.4063
19.4312
27.6306
21.1888
30.2446
19.3118
20.1714
30.0749
17.4239
27.4141
22.3808
25.3613
24.5254
29.1030
30.0860
28.1887
30.8179
19.0996
23.9790
21.4493
29.7123
24.2168
26.6081
31.4646
23.9653
25.3761
28.8201
25.8917
18.0514
22.3323
25.3865
23.8117
22.6303
30.4632
24.8760
25.5941
16.5928
19.5937
20.3403
33.1543
22.7086
29.4339
20.6660
24.8663
19.4654
21.1439
22.8842
23.1364
18.0843
21.1425
27.4040
31.5252
24.7827
21.2552
28.5826
21.1978
20.1608
21.2331
20.7613
19.4036
25.7566
27.0025
35.7680
24.8475
26.9550
23.9171
21.9711
20.8278
25.1282
31.3566
26.8873
24.5087
25.6265
23.1911
22.4346
21.3077
24.0616
19.3268
23.9450
20.0850
32.1913
25.7146
24.2267
27.6905
30.7274
32.5144
24.7904
19.9688
23.6924
22.2404
18.8654
24.5702
30.9260
21.3253
24.6760
20.2128
27.9875
24.7215
26.0223
27.2771
21.8927
34.3371
28.4614
18.0173
19.0665
25.3042
30.8385
25.7654
25.9778
18.3367
21.5140
22.8748
20.3777
29.3834
21.2720
20.7191
24.9479
29.7868
30.6736
19.1607
24.7309
19.7598
27.2870
31.7311
23.6629
20.7220
22.5931
16.4039
22.2265
29.3497
15.0921
23.1887
21.3445
27.8434
23.0531
23.7088
20.5666
27.5413
20.9502
19.9047
30.7038
22.0732
26.5764
22.6251
27.6114
20.7799
29.1743
19.0200
21.3712
19.7724
32.8705
20.4581
26.1200
19.6639
25.5289
20.1766
24.3375
25.9895
22.6675
20.9124
20.9712
31.3470
21.0236
22.7764
23.3304
23.3531
29.7877
21.7198
31.4762
30.8262
21.8317
25.5245
21.4268
26.8700
24.9945
20.9029
21.9816
26.3443
25.7558
17.7108
26.6647
18.8889
22.2131
27.1174
29.6744
35.0367
22.7905
18.8707
23.6498
18.6321
26.2465
29.9007
18.1444
25.7796
21.2767
22.5106
24.2529
22.5551
27.8019
23.9199
28.1614
31.1574
27.3232
17.7564
30.7571
24.9408
27.2349
29.3531
17.5480
20.1515
27.2360
18.5487
17.4204
24.1923
21.1228
27.8610
15.9679
30.8463
22.2601
28.7751
25.5824
26.7191
26.2911
19.2458
27.8447
22.7928
30.1101
21.7113
32.3153
18.3375
28.2512
29.4202
23.8778
27.3309
23.1620
22.4869
24.8332
29.5090
25.2818
19.4343
25.2561
20.6068
29.2372
22.6861
25.0341
31.8117
32.0469
24.9471
22.5538
31.2758
22.8833
24.3854
22.3649
23.2664
22.2834
29.9467
27.5412
21.6629
18.2633
20.5649
28.9097
25.8251
19.1738
25.0442
27.8066
31.8284
25.2180
25.5918
26.6543
34.2855
24.9552
32.9927
20.3285
23.8546
20.0213
25.2794
21.3907
26.4370
29.0215
18.3201
29.8113
25.9879
31.7901
25.1642
24.1685
21.1284
22.5195
22.4935
28.9054
30.7609
27.8035
26.5019
20.9299
26.2414
23.0029
21.9366
29.6777
23.1298
20.4317
23.5622
22.6651
32.9149
23.8661
23.9657
22.0966
26.1776
31.9448
30.1735
31.4538
19.9110
19.8234
24.3193
21.7370
30.8964
20.4428
25.4316
20.2338
20.9794
