29.7052
34.1282
31.8936
26.8202
33.0499
28.0694
21.0061
29.7727
25.2952
30.5985
33.1415
27.5529
29.6306
25.3928
24.0332
22.8174
32.4477
29.4642
26.5555
32.1758
33.4140
33.1104
34.6153
21.4500
36.3463
34.6926
25.2165
30.7143
26.5806
31.3250
28.1233
25.8715
27.2986
30.8002
29.4499
27.3620
33.7923
29.4990
25.0393
33.2251
26.6227
34.2513
31.5166
32.0477
31.6497
29.9063
33.0562
33.0230
30.2633
33.0984
27.0652
31.4180
31.5840
28.0022
33.2804
28.0385
29.0317
25.0220
27.4291
31.0940
21.8853
24.3850
35.4585
31.9792
28.1267
34.2775
34.2960
35.1911
31.8250
31.0147
33.8804
30.6805
31.5958
32.0021
29.1620
29.8911
27.3092
30.2748
24.3194
27.8378
31.0780
30.6486
31.8939
30.4619
31.9557
29.3450
31.3104
31.0495
27.6647
35.2623
33.0473
32.0728
22.2664
26.8594
31.5050
28.4312
31.7942
35.8327
32.2979
23.1675
24.4292
27.6889
33.4927
27.0543
29.9108
26.9326
27.2341
32.6375
28.4962
32.7393
28.8867
31.2842
29.3462
36.7621
32.1210
27.9500
25.2102
27.3155
23.1089
29.7828
29.2896
31.6583
29.6217
28.6062
30.7004
24.6621
26.2134
34.2544
26.3060
24.1254
33.8645
29.6958
29.3899
27.7052
31.8836
27.7607
29.4785
27.4484
29.6869
36.3982
33.1057
30.6242
23.6370
29.4841
35.3619
35.3667
35.5883
28.5474
24.0365
28.2519
30.4285
32.0022
27.4622
29.0101
27.2547
31.2535
27.6803
33.2058
22.6976
23.0881
29.8039
29.8357
24.0511
31.0320
30.2642
34.1480
29.3906
26.3594
29.4693
25.3997
33.8484
35.9738
25.4936
28.3133
31.5568
30.3886
30.6803
33.2436
31.5750
26.0657
22.5592
24.2644
34.7788
28.5191
32.2599
26.3845
36.5932
24.9528
26.1500
25.3259
33.3593
34.2039
28.9902
34.2518
32.5824
24.7287
28.6807
21.6893
30.5714
33.5484
35.3129
32.1145
26.4861
29.4530
30.0230
30.7303
36.5691
28.1829
33.2826
29.2499
29.8926
26.6330
20.1440
33.0029
32.6015
29.5385
30.2174
28.9381
32.1042
26.5864
24.0884
30.2418
27.4179
35.4077
27.7810
27.3621
33.5789
26.9862
30.4474
28.1123
22.8168
27.6967
26.5735
24.3204
27.0452
30.4430
28.5801
28.3320
26.9334
29.0897
25.6135
25.8035
33.6479
34.4246
33.3275
24.6340
22.6213
25.5101
31.3800
27.9708
29.9694
31.1962
24.9659
27.6623
30.8444
31.1319
31.1354
32.4539
28.5355
34.8858
26.1606
28.4583
30.5137
25.9530
30.6446
29.6900
29.1528
31.3355
29.2716
26.0684
29.5867
24.3047
29.1090
30.3399
28.4323
27.5011
28.2120
24.8244
29.2519
30.7613
36.1486
33.9218
25.7215
22.8596
30.7695
32.8495
27.5811
33.1759
25.5761
20.2183
25.7866
23.5790
26.1680
26.7732
22.6009
27.9943
31.3140
32.3752
34.9452
25.8122
30.2720
23.9329
31.2076
30.5024
23.9621
29.5326
29.5925
27.7426
26.6417
32.1695
33.3036
29.1456
32.1868
32.7825
29.5343
31.2841
21.4578
26.9117
35.2753
35.7223
25.3208
26.5737
32.0411
30.6096
29.8723
35.7644
29.1586
28.2889
27.5035
29.7321
34.1450
29.0745
31.1064
26.2524
26.7143
30.6505
33.6516
33.0765
25.0397
23.9368
26.5103
23.2105
30.4787
31.4986
30.2035
25.4152
27.4042
29.1581
25.7333
27.2741
28.5775
33.8127
32.7507
23.0767
32.2029
27.8646
29.2189
33.4692
29.9052
27.1074
31.5051
24.3886
23.0190
30.5557
26.6616
27.7513
23.5615
31.7989
29.2869
25.1915
30.6236
29.2105
27.1318
21.4982
34.0024
31.0574
28.5579
28.7160
30.2882
26.5990
30.8036
31.0063
25.1925
28.5819
31.7151
30.2711
27.4301
29.2704
34.9695
28.8378
30.9994
28.4580
29.8766
32.7703
29.7491
33.5317
30.1151
30.5721
27.7378
32.9415
26.8968
28.8449
32.1992
29.9354
28.0488
24.5376
20.8848
23.9223
20.5328
27.4346
30.7713
26.5392
22.9273
27.1824
28.1291
27.5144
31.1100
32.4554
26.0662
34.2848
28.0593
28.4402
28.8930
28.4513
22.5514
31.2777
26.7422
36.7801
30.5253
29.0196
31.3018
30.2597
28.8773
33.7254
27.1169
26.9060
32.6993
30.1157
30.6569
27.1423
28.3599
28.6566
26.6385
34.2817
26.5084
22.7796
27.5620
29.1987
27.8124
31.1741
22.5301
29.3604
31.2548
29.5236
31.5453
24.4232
26.3728
29.2456
35.7171
27.5417
31.7720
26.9713
26.8598
32.0264
29.9812
29.2692
25.8802
26.6464
31.0110
29.9570
27.7533
34.0808
27.6028
33.6455
34.7912
21.4908
23.8311
34.3883
31.3530
27.6401
33.4202
31.3872
30.7999
37.0076
26.7572
34.8432
26.4261
26.2610
32.5806
35.5273
32.5613
22.2931
36.6284
30.7146
31.1326
19.2430
25.5998
28.6808
27.6833
31.0644
30.4425
32.3819
36.5242
29.0045
27.1351
33.9649
28.7968
33.0242
29.7065
32.3554
32.4168
25.7411
25.6476
29.5796
28.8771
34.1329
28.4273
29.3405
29.4388
31.1854
30.0861
26.9710
24.4329
29.9081
29.0714
33.0789
30.1858
26.7586
31.3849
28.3330
25.4632
28.7960
32.2508
27.8761
25.6957
32.5048
26.4677
32.2951
35.4888
34.9172
21.3991
30.7964
26.8108
24.0960
33.2211
26.6482
24.3297
22.4011
30.2210
33.6303
32.0753
28.2206
32.8984
26.5941
31.8421
25.8906
31.2875
24.2081
29.8834
30.1461
30.0414
30.4179
30.7865
32.3877
37.6567
26.0469
33.9960
32.1227
23.5553
30.1737
24.4289
32.9512
33.3575
33.7897
36.2504
29.5550
28.7553
31.6864
35.0781
20.7186
28.3914
25.2311
32.0762
25.6769
37.2254
26.2406
28.5103
25.4293
28.8029
24.4041
31.6886
33.5467
24.4098
25.1916
26.8372
28.3953
24.4856
27.2470
27.0904
26.1798
21.6111
33.5083
29.5834
34.0582
24.7727
30.9916
24.8221
26.6606
28.6497
25.3240
28.3292
30.6785
22.4330
24.1382
31.1039
32.6236
35.2822
30.0146
28.5678
37.4769
30.8699
32.9269
26.9845
23.5761
32.5392
26.4806
25.4137
27.2829
30.1773
25.1862
32.8404
25.1081
22.1075
24.3927
24.8778
33.5943
31.3755
29.5192
34.3110
24.4681
25.8701
23.4339
27.9739
23.9004
26.7595
30.5570
31.3419
26.1969
22.8369
29.6559
34.9628
24.5031
31.1630
26.8679
25.7010
33.2558
27.5443
27.7177
28.7890
24.9124
30.2851
28.4996
24.9257
30.2996
31.7537
23.0484
28.2913
29.1587
35.2933
33.4828
25.5550
25.4685
25.4544
26.6960
28.2133
30.6042
27.1673
30.8298
21.9749
25.5338
25.6218
31.9940
22.8453
30.6821
25.4448
30.4847
28.3031
33.5831
22.7598
26.3063
26.8016
31.4121
32.2479
27.8253
32.7424
28.0582
27.3956
25.4130
31.6597
29.6460
26.1041
36.5255
26.6273
27.5886
28.7403
33.0469
28.3228
33.7509
31.9690
29.9431
29.8057
26.0342
30.0034
30.1903
28.0862
30.2976
34.0090
34.7660
33.9600
31.7799
27.0717
28.1604
30.5413
25.3397
30.0693
34.0000
33.4452
31.4612
33.3424
33.0142
31.4829
29.3226
34.8661
21.7564
20.4865
23.0796
26.8492
36.7414
26.6649
21.9354
28.0169
30.7189
26.5435
29.2078
28.1144
34.3629
29.8354
30.5021
31.1490
27.0294
27.1758
26.6131
30.5089
31.1772
34.1254
27.4408
31.6306
24.5198
25.4586
32.7112
26.9864
21.4021
25.4565
33.8416
30.0844
36.2226
32.1665
27.8553
34.3760
26.3561
26.1451
29.3121
29.8604
26.5862
31.2739
28.4315
34.1233
26.2991
27.8446
30.9748
23.8660
26.0950
29.0864
30.2922
27.3251
31.9923
33.1879
29.0770
30.6950
23.6330
23.6459
30.7236
32.1959
34.2319
28.9483
25.8140
32.1489
34.0288
29.8642
24.7616
30.1865
25.6237
25.8367
34.0510
30.4470
33.1316
30.6829
32.0260
25.0266
27.2324
32.0636
29.3861
27.7763
30.0148
27.1899
33.9578
29.2534
33.9803
31.6000
26.3755
30.4403
24.1653
24.3073
31.1421
32.6935
35.5309
28.8446
33.2886
34.6171
25.7501
28.8615
37.5537
22.4379
28.2723
26.8965
30.0988
23.7169
23.5515
31.1281
29.8185
30.2330
29.9339
27.1399
24.4535
26.4637
28.1602
28.0082
32.8165
23.0139
33.5052
29.2746
30.3117
27.0401
25.5301
26.2755
27.6539
31.3726
29.6828
26.4506
24.8814
21.3065
33.5937
26.5851
27.0591
34.0126
26.2145
31.6556
31.3509
27.1571
27.3560
25.7380
22.9536
26.2297
34.7724
26.2743
32.6021
29.8830
30.1909
31.1260
29.1996
28.6108
33.0301
21.0955
25.9681
25.0541
36.9214
30.2668
32.4194
23.7354
32.0595
26.4110
26.6369
29.1365
35.4214
31.0625
30.3782
29.6675
32.3929
27.9399
39.8986
25.0389
25.2383
30.7447
34.7844
27.1604
31.6181
32.5141
29.9999
23.8989
35.3530
30.2537
23.3304
30.5737
35.0726
25.8863
24.0769
31.2857
26.6789
31.7357
34.0504
28.7972
30.9622
29.4222
34.2980
30.0490
32.6510
23.1481
26.1318
22.2442
33.5081
30.5411
35.0934
22.2637
33.3049
22.5998
28.9260
38.1576
36.6674
30.5757
29.0147
23.9638
28.8166
24.4990
25.1464
31.6127
31.0648
28.7831
35.0724
25.8402
27.5096
25.2106
30.5643
27.0906
22.6784
36.0095
29.7712
31.8886
26.1939
32.5269
28.9137
30.6780
33.3160
29.0269
31.6265
28.9996
27.1263
22.9156
31.4341
25.5374
30.1609
30.2499
30.1294
33.9328
25.9770
27.6533
28.0537
26.4674
31.6368
31.8579
30.6674
27.6062
29.5722
34.7573
31.3559
29.5049
34.2879
27.6182
25.3571
24.9152
29.6204
30.1034
22.7101
34.6524
31.0259
27.6320
34.2234
28.6726
31.2248
29.2894
29.9065
37.4184
30.8813
35.8807
24.7527
29.6116
37.7836
29.8407
32.6898
30.3655
31.1038
28.6894
32.0050
30.8753
28.3836
20.7297
24.3972
26.5562
33.9674
26.2816
28.8767
35.5344
33.4217
33.0715
28.8603
31.6852
26.4603
29.1790
31.3810
26.7474
31.9125
31.9982
27.6649
25.0817
30.3188
27.9300
27.5717
31.2594
31.0740
20.4141
31.2729
35.7159
25.8160
32.0430
25.0522
27.6701
31.4976
25.6422
34.8658
28.3744
29.6008
27.9632
32.7359
31.8502
33.3624
31.3186
26.1469
36.2504
31.6212
22.7617
33.4521
29.7278
30.3871
31.4026
27.0809
29.3058
30.7075
35.5621
29.2475
26.6050
34.5503
30.5548
26.8830
26.8935
26.1015
24.1767
29.9024
27.0825
30.0973
31.9384
24.8828
29.3479
32.4303
32.8034
34.5574
29.4359
24.2220
32.8475
36.4841
28.7366
29.3525
25.4414
26.5029
22.2221
29.0273
29.5006
26.2613
25.7085
34.3738
30.5377
35.4166
32.3638
24.4231
33.0486
27.8305
28.1335
29.3603
24.7499
30.1866
26.4409
27.2678
26.3420
33.5361
27.1572
29.5759
32.6069
26.8653
21.5459
28.3087
25.5599
27.3375
25.5436
29.6599
27.0037
26.1872
26.2448
35.0476
35.7536
33.0180
27.9982
24.8059
26.8960
29.7724
31.5689
29.7122
26.2395
30.3609
31.3264
29.5055
32.7384
30.0480
27.4180
34.1122
34.9039
33.0580
32.7134
31.8826
28.9925
28.6210
24.2045
32.0168
32.8593
31.8566
27.6360
27.3429
29.4790
26.9986
35.9030
22.7473
26.7445
26.3418
33.3145
30.5321
31.7857
27.9181
26.4245
29.3690
27.8946
28.1550
32.8687
26.3464
31.3415
30.6294
31.4391
28.1361
25.4478
34.3855
24.5951
30.4749
26.8969
24.3697
25.5107
30.5923
25.2440
25.9567
24.9773
30.5064
26.2401
27.5353
26.0245
25.9838
27.1603
32.8619
24.1580
21.8940
25.7934
26.8194
27.0644
26.6460
27.8339
30.5106
30.2250
32.2686
25.7067
33.8201
28.5050
31.0509
26.4134
29.9358
20.7231
28.1610
34.7331
32.0840
25.7822
27.8747
25.4692
29.5534
22.1886
26.2605
32.3339
26.2914
30.8654
27.0348
29.6462
23.7251
29.7323
27.6841
30.3956
26.8745
26.1533
33.9476
30.8204
31.5782
35.4072
28.8985
34.0861
33.0132
29.3315
26.5940
30.9590
29.5363
29.8087
28.8118
26.5357
25.2129
31.1258
30.2167
28.6013
34.2518
34.5596
20.6604
23.8021
30.1582
27.3242
26.3843
35.9486
23.9470
29.1785
25.3381
26.5280
31.3275
33.0703
28.9796
35.6046
25.5491
27.7037
28.8626
27.9852
30.6322
33.5118
20.9151
33.1461
26.7040
31.5396
31.2900
32.4009
37.9217
23.1134
29.4043
24.0032
34.6132
27.2051
31.1078
27.1757
25.5067
30.8862
31.4875
26.2824
34.3546
23.2722
28.5890
31.4807
28.5213
24.7179
26.7092
32.2318
23.9618
28.9484
31.2789
20.9424
32.7444
29.6809
34.2668
27.1667
32.1785
37.7054
35.0374
29.9759
27.1270
29.6677
24.6001
20.9746
32.5338
21.7879
25.7445
26.1301
31.7179
30.5117
30.0430
34.2669
30.9290
24.7705
27.9903
32.9539
32.7474
28.4108
35.0999
29.0731
24.1101
29.5129
36.4283
31.5395
25.9138
27.5860
27.2528
28.6118
32.3379
28.2367
31.1399
30.8987
32.6937
33.1338
35.9844
35.0580
33.2916
34.2663
32.1039
31.8341
25.3774
21.9731
31.4669
31.9994
32.2606
24.6979
30.5440
30.0766
34.2403
25.2697
26.7457
21.9802
27.9653
25.9060
28.9244
35.2918
31.7925
31.4127
35.2997
23.9365
35.5642
28.9334
32.4859
31.9557
23.7740
33.6331
20.0084
30.4566
28.3335
22.3173
27.5269
29.3296
33.7569
24.6557
21.1613
29.6852
25.7331
30.5130
25.2146
28.7132
31.4718
27.3164
25.4153
25.7243
30.3827
25.3126
29.0598
30.8286
28.8691
31.9376
25.5368
23.0589
28.4671
33.0305
28.4303
28.7635
28.4054
31.2410
31.9309
27.0406
24.5946
31.9124
31.4866
31.6870
25.0715
29.5360
33.9824
26.3845
34.2070
29.9512
24.0705
31.3636
26.7265
25.9106
27.7153
20.8850
21.3917
31.9809
30.3024
31.4867
25.2606
25.8898
37.3941
28.3518
25.0900
25.9263
28.6962
29.3965
27.2562
33.5263
30.4703
28.7619
30.2794
35.8346
26.9713
27.0403
32.4136
30.7179
25.3399
31.9545
28.7025
31.7116
31.1369
30.5075
31.5840
27.2275
27.3215
28.8940
27.7767
32.0140
34.8866
30.7563
27.1039
26.7849
32.0304
28.4941
25.7373
27.4298
29.9650
29.0325
28.5076
25.2233
29.6562
28.7117
33.5312
30.1924
33.9924
32.0421
31.8094
34.1162
26.4970
22.6652
28.4094
27.9875
23.6835
26.1984
32.8584
24.5055
34.8992
31.5288
35.0891
25.3242
30.5066
28.4632
31.5278
24.3744
35.1751
30.0350
32.9684
30.6297
23.8780
27.2824
23.7023
32.3424
30.3132
28.2801
32.5479
28.3591
29.0429
29.4176
31.6334
27.2681
28.0001
29.7457
25.9666
28.0074
30.0159
25.7898
32.5578
34.5547
29.3648
23.9836
26.6082
28.5090
28.0446
28.5080
22.7727
25.9379
24.0054
30.5419
29.1612
23.2280
30.1935
29.1292
21.4929
22.9553
26.6241
34.5376
34.6460
29.1964
23.6884
28.9762
21.9265
24.5849
34.0864
29.9561
29.3975
36.7822
31.4613
27.4390
22.7027
27.2508
29.9912
37.0726
27.7981
24.8094
33.1537
27.2167
34.5910
26.2461
23.3487
26.2576
31.9941
29.5223
27.9104
31.0175
28.4771
32.4379
31.0851
34.3071
31.9397
30.0935
30.7337
27.8904
28.6398
29.5724
31.6260
24.5899
33.0752
24.5685
23.5541
30.0082
32.0022
25.2192
26.8771
25.3717
25.2208
27.3788
30.9799
27.4990
38.4334
32.5075
26.6154
25.9752
30.3725
29.3939
33.1954
35.1939
35.3292
32.5176
28.8600
25.8076
31.3668
23.1584
29.7786
32.8374
30.8636
30.2956
30.9143
25.0920
24.8239
28.8629
28.0665
31.7274
31.0383
26.0067
32.2744
27.7452
26.9502
24.6548
28.2076
27.7096
29.6449
27.0934
23.4748
34.2399
31.0516
36.7738
33.2023
29.0080
24.9754
21.5868
29.1356
29.9669
29.4442
30.0486
26.0736
35.6744
34.7114
25.8311
29.6139
35.4767
25.4706
23.9283
33.1281
26.2411
29.6370
27.5287
30.2634
21.7687
27.4544
29.4644
29.8852
32.0325
35.8749
29.7659
23.4571
27.1005
27.9180
29.3764
24.3083
31.3794
24.8644
32.7929
30.4774
27.8508
32.2405
27.2655
29.1672
19.5144
27.8940
32.5918
23.8393
25.3230
31.6577
19.8890
33.4113
23.9435
21.3142
28.6615
31.5129
33.2940
34.3560
33.6860
30.9140
36.1849
36.5455
26.1504
35.9363
30.7038
26.4706
26.0526
29.0585
34.1360
29.3295
27.4779
32.7438
33.4393
35.1426
33.7294
27.1720
27.2256
20.9495
27.9001
27.9985
29.8421
29.0185
25.8154
31.0074
34.5805
26.2089
32.9180
29.9343
23.9292
29.4788
30.5854
21.6545
25.9935
29.4068
26.5647
28.2610
28.2548
26.7528
35.4957
30.8290
35.5081
22.0252
27.1765
35.5599
28.6129
29.9811
38.3090
27.6289
26.5830
26.3784
29.3100
25.9854
27.0739
32.6776
27.6100
22.9742
25.7436
27.1187
30.2900
24.6732
26.5836
29.4887
27.5055
33.4963
32.0334
32.1792
33.9127
32.6697
32.4922
28.7071
27.6559
29.9639
27.3261
28.8007
29.9539
25.0535
30.8692
35.7026
33.7572
28.6230
28.2061
24.7562
26.5548
35.9365
33.9029
32.7631
35.3222
25.2532
25.0358
33.7016
27.2421
31.4733
25.9642
30.4038
32.7763
32.3772
33.8523
25.4281
29.5387
34.4237
33.4544
25.0325
28.2969
27.7090
28.9931
22.4992
19.8022
25.0243
31.1703
28.8822
29.7365
30.0985
27.4998
25.9336
29.6498
28.2672
25.0912
28.7354
30.7877
28.3848
29.0107
30.7638
23.3161
30.0266
29.4906
30.9875
33.3937
24.8917
32.4901
31.9993
28.1764
32.2463
25.0985
27.4963
33.6223
30.8942
32.0399
33.8680
29.9390
34.4912
28.5349
30.4274
30.8844
31.4537
27.4307
25.2947
30.1656
31.6502
34.1070
35.3317
27.3860
25.3556
38.4762
24.7181
27.0941
27.6004
27.6359
24.0550
34.0668
29.4136
21.9201
30.9166
29.3805
28.8792
33.1411
31.3555
25.7075
29.9671
30.7267
28.5278
29.2362
31.1099
24.5509
29.8265
27.3020
33.5551
29.1047
33.7793
28.6154
30.6133
35.4226
35.9683
27.0898
30.7039
33.7643
34.0870
27.1446
25.7025
33.0936
33.2828
24.3734
34.9643
31.8749
25.4931
27.2791
29.2246
32.2095
32.9074
32.0389
34.3486
34.0572
32.9444
26.2257
24.4948
29.5818
27.8475
30.9886
30.9927
24.9782
29.2849
33.9306
36.6883
29.9574
28.6714
31.4163
28.8577
25.7336
25.9920
30.6619
32.6800
20.6811
34.6538
20.6971
26.6724
27.1373
27.8060
30.7670
27.0790
37.5198
25.4210
33.4769
32.3488
28.2519
22.5126
31.1307
32.3155
30.2870
28.3939
21.1056
26.7056
37.5326
24.3521
24.4154
32.5259
31.2552
24.6915
37.2136
27.8010
30.6436
34.4491
34.9195
32.6364
29.3670
28.5759
33.0986
27.3923
27.1056
28.9464
28.4603
26.5651
33.9439
24.4138
32.1682
25.2062
31.9831
29.4719
33.9237
27.1647
26.6227
29.1251
31.0822
30.1598
24.1872
27.0834
30.1969
31.1538
27.8570
37.0356
30.1268
28.5996
22.2010
32.8233
30.2072
27.7182
30.9795
34.8713
31.2117
27.6934
30.0923
30.2791
28.0040
26.7392
29.5450
24.2098
23.0942
26.8492
32.1479
25.3433
32.0101
18.6077
26.1527
24.8691
24.2758
32.3650
29.6450
32.6046
30.0937
37.1430
35.2827
31.5515
32.9861
33.3766
35.9745
24.2937
34.3540
30.9672
30.9478
32.7337
34.3361
28.1814
26.2167
25.9235
28.2761
28.2935
31.1455
29.2320
23.9533
27.1048
32.1297
31.6560
31.3386
30.2665
28.1260
29.0522
31.9020
27.9112
30.0311
31.9376
33.2711
29.6928
27.0787
37.0117
26.3958
27.1702
27.0432
34.9565
33.5441
36.9308
28.9250
31.2551
28.7030
27.3354
24.6205
23.4843
21.9956
25.9231
32.0643
32.6651
33.9806
34.3789
32.4080
32.8300
25.2655
28.9579
33.3353
29.4976
32.0766
28.1957
26.3252
32.3956
27.9015
29.9120
26.5272
24.9321
32.4097
31.2055
34.9173
26.9941
33.2695
30.5754
33.6253
32.1531
29.5556
29.6084
28.9360
24.6445
23.9269
30.1589
25.1876
27.9094
26.3290
26.3876
30.6928
26.7119
35.8139
26.1157
29.5280
28.2806
34.1222
31.6827
29.8192
27.6277
31.9733
32.7521
32.6683
26.7086
27.8213
28.1009
28.1092
26.3525
28.4258
31.3760
25.5569
30.7039
33.2913
20.1158
31.3262
25.7175
30.3543
27.5632
26.4464
25.1808
28.3883
34.1401
24.1571
29.8335
29.6468
29.6903
28.5152
33.3404
23.3432
33.1470
34.1060
26.1240
33.7372
32.1430
26.3317
24.4341
27.5854
27.7139
28.4603
27.2014
33.5251
26.0791
24.8874
28.8317
31.5757
23.4735
26.6585
24.4579
27.7351
30.8179
25.0524
29.7179
30.1591
25.8877
24.0661
35.8369
34.2852
31.3661
32.6656
24.8834
29.0943
33.1042
28.0109
27.8256
30.4615
35.4055
30.1824
21.0713
34.5438
28.3299
30.9228
24.5512
28.4796
33.8058
34.5335
23.3169
32.3628
28.2975
29.1192
27.5056
29.1240
32.4734
28.9821
33.7417
25.6471
24.5557
26.0185
32.3796
27.9859
31.9272
29.9522
28.1146
25.7457
25.7945
32.8913
26.4917
35.8100
32.7528
31.6784
31.1202
33.5660
32.6242
28.8632
28.5336
24.7200
31.7636
27.9776
26.2013
31.7021
31.1284
32.4145
27.1734
26.1481
29.4040
28.9540
25.1114
32.1527
26.2140
29.9379
31.9547
27.8327
29.9705
29.4158
31.0216
22.7859
29.0109
29.7746
28.7230
29.6329
27.4797
32.4477
32.2454
26.2815
30.6553
29.7402
29.1308
24.7018
30.6133
27.0433
31.9219
37.8625
29.5286
28.5892
25.5834
28.4990
32.2390
28.6806
34.9133
33.5985
32.0686
26.4035
35.8462
30.3477
28.8014
28.4308
24.2391
35.2359
30.1150
26.2309
30.1565
33.7358
28.5867
24.7996
33.7420
27.6726
24.9405
25.0735
26.1592
28.3127
32.2584
34.7100
36.4801
27.9853
26.3767
29.7982
25.1454
31.8572
30.7309
29.4134
22.8678
30.8099
26.9907
33.0879
33.9117
25.8315
29.8443
31.5578
35.2934
25.2109
27.9466
29.8341
34.4858
26.6395
35.4572
25.8947
25.7387
30.8163
31.4187
30.5032
29.6731
28.0564
25.5194
30.3751
32.8621
23.0201
29.3847
26.3051
28.6880
31.0756
28.4768
22.8697
26.3958
28.9709
29.9808
21.9759
29.4625
29.5945
28.2342
24.4383
32.0769
26.8400
25.5372
25.5512
21.6177
29.6634
31.0350
28.4369
28.3132
34.0083
23.4625
32.5100
30.0047
26.6239
28.9322
28.3369
26.8954
24.2763
21.8558
29.2031
32.2002
33.4915
26.5337
31.4139
26.9246
27.3976
25.9701
36.8766
25.4656
25.5988
33.4605
32.2712
30.8005
25.6039
29.2493
25.5099
26.4332
26.2865
26.7137
32.3948
31.7074
27.7665
30.6696
33.8441
25.0686
32.5602
28.4384
30.7559
26.9276
24.3361
30.8029
29.8501
31.6184
25.4765
25.1821
27.8699
30.6558
29.5506
30.5779
30.8769
25.4465
34.3840
31.8021
31.3846
32.1249
30.1399
30.6316
32.8031
27.5934
28.6664
30.3793
21.7641
26.5071
33.1110
34.9097
26.0431
28.6245
31.2891
31.4545
34.2817
24.5610
24.8498
33.1137
28.6823
32.5191
28.3418
29.8360
31.9158
31.2194
27.6274
32.6666
37.4921
27.8570
34.8189
26.0308
27.4421
29.8922
24.2245
25.6378
27.7651
25.3902
31.3865
32.1721
26.2198
26.2359
29.1074
28.0827
24.0953
33.6264
20.9416
36.7076
29.2963
32.1659
34.3003
30.0094
32.4262
30.4809
30.0397
33.4679
31.3643
31.4825
31.9324
28.2759
38.7460
33.5180
26.3630
29.5895
30.5136
27.9896
29.6170
30.2971
31.9082
28.8777
32.3914
33.6934
29.4170
29.6013
25.2598
23.6227
37.4875
30.0283
27.6567
33.7522
32.6331
30.0249
27.6512
30.2401
30.5281
33.5008
26.5376
29.5005
21.0617
31.1055
23.9144
30.9925
30.9240
22.9812
25.2419
25.3053
28.8425
26.4477
32.5479
24.7114
31.8317
32.8581
27.7613
27.4948
30.7818
31.7684
28.2798
20.6349
28.7197
37.5008
32.3693
28.9235
30.4026
26.0311
29.8446
30.0689
25.4503
28.5877
27.1671
27.5047
30.8471
28.8488
24.5492
32.7306
27.1417
27.9836
25.1685
29.7197
29.4510
28.9316
28.9508
29.8382
30.4855
27.6494
34.1565
30.3607
30.7781
27.8210
30.3771
29.9286
27.4658
34.9752
25.3097
24.9778
31.1968
31.7379
30.1688
31.9243
30.3078
31.3265
26.8966
30.1803
30.6144
32.2084
27.8748
35.7677
31.6973
31.3270
28.2541
34.5610
29.7024
29.4940
28.7746
34.6336
32.5996
23.9147
24.2717
26.2025
24.1680
26.2272
33.0561
26.3027
27.3994
29.2730
30.1562
22.6133
25.3521
28.0559
34.1891
24.0751
27.3591
28.1362
28.5889
23.8555
33.8767
27.0794
30.4279
27.6996
31.6596
33.6307
30.7583
25.1235
34.4293
33.9572
24.3454
27.8856
23.2930
33.6698
35.6594
36.1271
26.5737
32.6163
30.8132
31.4523
25.6912
32.4751
30.2429
33.7374
33.4423
32.8025
28.5331
28.6302
30.0339
27.5311
25.2487
24.1421
31.4725
31.3722
24.5746
32.0552
36.5019
24.0660
26.1319
29.5526
22.9210
23.4516
27.3749
27.9620
30.9795
32.6705
36.4447
26.5454
25.2315
37.7827
26.4794
28.5844
25.5661
36.1504
28.4752
23.3982
25.5353
23.2918
27.1833
31.1665
32.1474
27.7620
30.1439
33.7145
32.1397
34.1221
33.6268
31.3250
26.8856
33.4801
31.6730
25.4300
27.0135
31.5393
34.2536
32.9096
33.4885
26.0741
27.7399
29.5988
29.0009
29.8861
28.8187
27.0064
37.8510
34.6079
25.8264
29.0559
30.5863
33.9807
21.3479
29.0836
26.9635
33.6693
33.2811
38.0187
26.1364
27.9097
29.7739
22.7184
28.3756
32.1391
31.3949
23.6540
31.1142
34.0622
29.1590
28.5395
24.5197
35.8081
30.9164
31.1329
25.6466
28.8212
32.3739
27.7539
30.9431
23.7623
30.3029
34.1936
27.5369
25.8297
37.1911
27.8046
26.9221
34.1982
28.9611
29.9935
28.1578
32.3819
25.2350
29.9545
25.5008
31.5339
33.2986
26.5217
26.0486
28.5021
33.1156
36.1289
23.5578
31.3375
25.1509
31.4563
25.9044
32.3007
31.6963
32.1869
28.7311
28.2317
27.6684
32.0692
25.3872
27.8029
34.5718
32.0854
31.8500
31.7388
29.5282
26.5392
23.8321
24.7138
31.7806
28.5673
31.8423
24.6985
21.6801
30.6070
27.9401
30.0275
26.7195
30.8523
25.4619
30.8529
32.5313
23.3836
20.5406
29.1668
29.9901
30.7397
29.8659
24.3957
27.7549
29.4546
32.8236
31.4715
27.5401
29.5329
35.8928
29.2283
30.5580
32.1954
27.5143
31.3427
28.6285
32.7923
27.1031
29.2475
31.2191
29.2882
30.9032
24.7819
22.4584
27.0341
26.8046
26.6642
27.6446
30.5326
27.2082
31.0557
27.0839
29.8993
24.7650
25.9609
31.6031
24.2099
27.2306
28.8180
27.4325
19.8879
30.6219
28.6997
35.5496
24.5789
27.3463
20.5736
28.2779
25.0622
31.3776
25.5727
26.5164
33.0111
31.2028
25.5697
27.8651
24.5513
30.0290
32.3266
27.8814
27.3310
27.0398
32.4173
28.5609
28.5594
27.9327
33.8546
31.9024
32.4049
29.9805
30.6898
26.2961
32.8686
33.5015
29.6843
22.9171
21.8669
23.3853
23.8314
28.8825
29.0623
30.5282
32.8949
32.7832
27.9565
29.2427
28.3047
31.2958
28.1654
29.0446
27.2587
24.4258
33.2499
33.5221
32.5426
33.9516
27.7982
23.5640
28.9432
32.2300
32.0931
27.8741
31.0971
30.6424
27.2689
28.6949
34.0395
27.7374
32.8987
28.9291
25.4805
32.4518
27.2686
25.8235
28.6066
28.8203
29.7098
31.9606
27.1580
30.6205
32.5211
30.8004
32.4339
29.6901
28.4060
26.1417
22.2357
31.7741
27.9529
28.3782
32.0137
33.0462
32.0676
22.1057
25.5106
33.1866
35.4308
29.5141
28.6550
32.4068
21.7798
31.9811
21.7361
29.9252
29.9724
25.1187
31.5974
26.8820
25.4030
29.8444
32.6413
27.2974
31.4450
33.0143
30.8168
31.4530
34.4370
24.1742
28.9573
31.2522
28.2091
32.0347
35.5397
25.9700
33.4237
28.9271
31.0809
31.2557
26.3337
29.4184
31.1360
35.4059
30.8256
26.4959
22.0929
25.5232
27.8657
27.2464
28.7497
27.5821
32.7777
31.1256
30.5805
33.7620
30.4622
30.4428
32.0586
26.9399
23.2954
29.6424
24.4997
24.9696
30.1351
34.9646
30.5162
32.1433
27.7313
26.5170
29.8706
23.1801
24.7115
34.2161
24.5405
28.0083
29.3178
24.7221
36.8865
29.2729
33.4334
30.6205
30.8199
20.6726
30.0821
30.7635
31.1772
29.3605
33.1527
27.6361
29.4140
28.0503
30.0730
33.2377
30.9353
30.2957
29.1016
22.8878
23.0918
26.3728
24.6305
33.5727
28.8888
28.7693
34.1109
27.8497
26.9187
36.0863
30.4381
26.8709
29.0593
23.6452
33.1815
24.9434
27.0293
24.5808
25.9894
23.2840
27.9866
27.7040
34.6343
31.5571
27.3167
30.0358
31.4128
28.4823
29.5980
31.0716
17.8889
28.9934
28.7827
29.7410
29.4268
25.3059
34.2359
28.1434
31.3262
35.0891
35.3778
30.1257
29.6277
28.5670
33.7089
26.9932
32.2788
28.7952
25.1838
29.3739
26.0283
31.1820
30.8244
35.9463
30.3079
24.7967
28.9315
29.3734
27.7269
31.6442
31.4728
31.9830
27.2678
34.4209
32.3999
28.7064
29.7803
27.9159
32.6238
29.7410
26.1154
29.7356
29.8912
35.4123
28.5220
33.6617
29.5970
31.2854
30.5062
26.8461
28.1759
25.6928
24.0555
26.4043
23.7786
24.8678
20.7280
33.3644
30.1504
30.3844
35.9720
23.4459
30.0450
27.5064
30.3871
31.1046
38.0612
33.6826
24.9104
24.6542
25.5722
27.8595
31.8073
24.4866
28.1024
27.2526
27.5657
29.5587
25.7456
22.9734
29.0902
30.1192
24.3750
33.4469
26.1248
28.0324
31.2987
30.5288
30.4144
30.0693
30.1866
27.0374
29.1537
25.9419
32.8097
29.4149
33.2062
29.7109
26.0831
36.5140
28.0073
32.0428
25.3337
24.7000
36.7845
25.6830
28.7350
33.3260
38.6351
29.6041
29.1283
31.6257
29.4744
26.6681
21.9628
19.8328
23.6510
29.0643
28.7693
31.7072
24.7151
24.5483
25.1517
27.1461
27.8015
27.2033
29.5333
33.9353
25.4942
35.6510
27.5299
35.3634
28.4413
32.3783
32.2261
31.8817
25.8851
29.5655
28.2407
24.0375
34.1619
28.6504
26.3750
26.3776
26.0865
22.8543
34.2271
28.9041
29.4567
25.5971
24.9556
35.6055
25.4759
30.2225
31.9836
23.6424
25.6947
33.7597
27.4506
28.8169
33.2340
28.6808
30.1030
29.1202
30.7787
30.5530
31.5148
27.5332
33.6152
35.2736
32.0025
26.9575
23.4280
29.2983
28.2099
25.8783
27.4674
23.0527
27.4111
31.0342
21.4761
20.4491
36.4313
29.6451
22.8079
35.1700
32.7708
27.1185
31.4686
23.7975
29.8853
28.5212
31.0067
31.7207
21.4255
27.7881
30.3430
32.5071
31.1491
27.1965
32.2192
29.0019
28.7060
26.7606
30.1504
22.9730
29.9747
26.4502
33.8065
26.9002
28.5137
28.5398
32.7835
25.3227
29.9511
29.5393
30.0883
30.6987
30.9739
29.4877
29.1018
30.3677
30.9129
25.4435
33.1795
32.1883
31.7807
27.2395
28.1607
32.1981
24.3078
21.0384
27.5237
24.4961
27.9751
29.1653
31.3954
31.0724
35.1853
28.0984
30.8004
29.3059
31.7198
34.0504
32.5242
29.9816
28.8981
31.2086
31.9330
33.2883
29.2849
25.3515
28.7683
33.6281
29.4846
27.4895
26.4584
27.7109
27.8381
23.8187
23.1661
32.3924
28.0700
33.8349
23.7574
28.4364
28.6122
32.6129
31.4166
34.4530
31.0724
32.0558
26.8226
28.3417
28.6568
35.3270
33.3484
27.5139
29.9902
31.3242
28.5230
27.5073
32.1287
25.9041
37.2893
30.3480
27.8997
30.0531
27.7505
31.9043
30.7085
23.9729
30.0288
28.8483
32.7514
32.3321
24.4853
30.7095
29.3731
33.6155
28.5509
32.4237
32.3421
31.5561
26.9468
30.7186
29.0662
31.6388
30.5694
24.0251
36.0028
27.3641
24.8961
29.0148
28.6302
31.9113
25.3740
31.9696
34.6664
29.5823
35.2657
27.3282
31.5007
33.2065
27.0951
32.6694
29.7544
28.5338
31.6957
30.9382
30.4977
36.9215
26.7214
27.6389
30.9035
29.8143
29.6309
32.7376
33.6103
31.1070
33.4813
25.5408
29.2914
22.8270
33.5600
27.1310
28.0143
32.9586
32.5294
30.8100
32.4488
28.2103
31.5219
22.1652
32.8182
26.6619
26.3000
31.7698
27.2287
30.7813
31.9355
34.5313
23.0591
39.9079
31.1614
25.0394
33.4517
30.6794
25.9928
28.9771
32.2309
22.6237
26.0251
27.1878
26.8347
24.5674
27.9864
30.3326
28.1382
32.2091
27.8848
27.1928
23.0098
35.7798
27.4891
31.8997
27.5781
24.1802
25.8056
24.8426
26.4458
29.1541
30.3907
31.0598
24.1385
26.9674
28.8730
24.8487
29.6022
27.5397
29.5642
37.2745
30.4526
29.4304
30.0063
27.9556
29.9361
30.2759
31.7711
34.8773
34.0899
30.1919
32.7033
33.2656
32.8197
35.1796
23.0389
31.0791
28.2197
28.0466
27.7714
34.8950
29.1956
36.5400
30.4956
24.7432
29.8509
28.0545
30.4259
27.3706
31.1047
29.4176
25.2841
20.9984
28.6695
27.2113
25.6679
30.1146
33.8254
25.9820
28.7261
30.8074
27.9771
29.2973
31.7807
31.3670
28.0039
27.2551
28.5267
31.4633
32.2146
29.9305
29.3362
23.2948
29.1795
34.5908
23.8667
23.8493
25.2154
36.9609
34.6449
31.4613
30.1171
28.9980
26.7425
32.3128
19.4993
27.3333
27.6277
29.9860
27.9086
28.2332
24.6090
36.4585
33.9811
26.2165
23.4493
31.4174
24.7779
31.8038
31.8162
26.8691
29.5392
28.4201
31.6385
18.7684
37.2109
33.3958
28.4073
30.9736
31.7643
28.9113
33.4739
30.8744
25.4506
32.4223
29.2973
27.9413
33.7489
26.7953
31.3211
29.2799
31.3017
24.8787
24.2954
27.1535
30.3782
26.3699
19.5695
38.5174
36.1922
25.7383
26.4277
28.7792
30.3113
28.8676
28.2750
27.4792
29.7177
29.8254
25.3172
32.5142
24.0414
27.2532
29.7224
37.5618
30.1585
23.2829
28.5147
30.8360
26.4317
33.2264
25.0104
33.9102
30.9061
26.5021
31.9056
28.9451
31.8344
28.6708
26.0564
27.2789
30.9952
32.4637
26.4336
28.9871
27.0106
31.1116
27.6186
27.9415
31.2314
34.5609
31.5143
23.9012
24.3688
34.2584
36.4527
36.3560
32.5393
32.0583
23.2968
28.5457
30.4413
33.3192
33.9595
30.7309
27.0401
29.1354
27.8828
28.7559
27.8967
24.2250
30.1088
25.3519
28.2198
30.5340
27.8051
34.8488
30.3649
28.6810
26.7469
30.3600
32.7077
33.6332
27.6580
26.5523
24.7246
30.9153
32.4550
29.3160
24.8031
26.4185
22.1500
28.1444
28.1582
27.4772
30.9742
28.6598
29.6775
30.4976
24.6798
28.5593
28.6337
28.2251
26.3994
30.7117
27.3836
31.0928
30.2286
29.9478
23.6900
35.4338
28.5503
34.1571
32.9281
33.2444
28.1095
30.6939
34.2329
30.5308
29.2690
24.9210
36.7203
33.9870
33.2999
31.7621
26.2359
34.6763
27.2842
26.8446
31.9428
30.9438
28.0838
32.6789
33.8791
31.3420
33.2339
34.9897
33.7976
30.5349
28.6181
29.3208
21.0541
25.4627
34.8585
32.2842
24.6031
30.1295
34.4239
29.3404
30.3911
30.0799
29.0037
27.3182
38.9512
27.7760
34.6526
25.2154
26.6557
26.5311
31.7127
34.6363
29.1969
34.5299
34.3217
22.8841
25.9183
30.6076
25.0969
23.6266
27.7593
25.2866
30.5805
25.8557
24.2684
29.4721
27.8370
33.5816
34.3527
23.9804
26.9510
32.5737
31.6609
36.9747
26.3991
27.1614
30.4740
21.1128
35.0957
22.2403
34.4633
26.4203
29.6130
34.5316
30.1929
25.7981
32.2513
34.9777
29.2158
22.7488
28.1360
32.6189
28.0416
25.5002
29.9950
24.2021
33.6611
25.5921
28.3895
32.4681
23.6760
28.6873
31.6376
26.4474
23.4502
25.0200
32.8277
27.6786
27.0672
28.1537
35.3757
31.3564
30.9400
24.2662
29.7015
25.7434
26.3037
26.1334
25.1172
31.3276
28.2287
23.6919
20.2619
27.4314
26.4029
26.8695
29.4319
31.9339
33.8127
32.4348
29.3633
30.8471
21.7030
28.7589
26.6824
25.5199
28.8921
33.0939
27.7576
29.9601
24.6199
28.6781
33.0842
24.5630
24.5706
25.0649
29.0729
27.3819
25.8398
28.5852
29.1399
25.6932
31.9645
30.4797
37.9703
29.6370
32.4481
27.9286
30.0058
21.1817
31.1029
34.4808
27.2774
19.5806
28.2042
26.5155
27.9430
28.3111
28.9602
32.3880
33.4014
36.3127
30.1137
26.0826
29.1701
30.6955
32.2234
25.7008
28.5895
33.9533
27.5616
32.5755
31.3647
28.8722
27.4710
33.1715
21.1654
20.2980
25.2345
27.2517
30.0194
23.4128
28.5630
29.9026
30.4248
23.9154
30.0824
33.7165
27.7769
30.4246
28.8563
25.7811
28.0701
34.2104
34.6562
31.7164
27.6739
39.8148
35.0883
34.0358
26.6632
24.1314
37.9488
30.2195
27.4356
23.2120
33.8673
34.6735
34.3372
28.4919
30.1508
32.9522
22.3815
22.3837
30.8718
28.6438
29.7338
26.6111
27.6793
28.8365
23.7138
27.2215
29.3831
32.8311
30.7975
24.7841
26.2767
31.4112
30.6268
33.0600
30.8320
34.3830
30.0588
29.7401
26.5315
29.5689
27.4335
31.3466
35.7593
34.6487
25.6519
28.3238
28.9159
27.8314
30.2710
32.5259
29.1293
35.6100
25.8400
26.1121
27.9878
27.0587
29.2488
36.2567
24.4104
27.5737
25.0462
29.1371
34.3252
21.1973
25.4571
33.4930
29.9427
29.4844
29.4385
26.9874
29.6980
28.7412
33.8938
25.4609
26.9360
24.8286
26.5869
34.0477
22.4396
26.2339
26.3942
27.2182
29.7534
24.4155
37.6689
32.6470
28.9947
24.5463
28.4022
29.6922
31.6780
31.2364
32.8579
30.4333
32.5051
32.1220
29.3041
30.7732
29.6058
24.5402
27.7598
28.5978
33.5463
30.6602
33.7811
26.0993
26.8579
34.6821
29.7038
29.9887
33.9380
34.0749
35.3457
30.6033
27.2729
22.8864
35.0911
31.2929
33.5623
33.7657
31.3617
31.5453
33.9481
30.4772
27.6345
31.8517
32.1947
27.2347
26.2983
28.7521
28.8596
31.4578
29.0097
29.3681
32.9563
28.9384
34.9090
30.5389
26.9425
30.9112
27.9936
27.8046
37.0711
25.5289
29.6190
36.3676
34.1887
33.2032
27.2860
27.9451
23.7289
25.8791
30.7215
31.8811
29.9198
26.3379
34.8366
28.3107
27.4530
27.9898
26.4400
27.6788
32.0438
24.6645
27.5580
31.1465
27.5608
28.0626
27.4370
26.8594
34.3789
34.5587
26.6355
27.5105
31.1709
29.3039
28.4904
25.5916
33.1454
27.7841
28.5494
27.9117
26.3451
31.3299
20.8550
34.8587
33.6733
25.6994
32.8623
32.6465
34.0063
34.9073
25.0662
32.0598
35.6461
37.7798
29.3662
29.0493
33.5966
29.4946
28.8061
30.6074
29.3237
31.8886
26.6591
37.2683
36.3584
22.1587
24.7709
32.6272
32.8856
32.9376
28.9855
27.2039
28.4923
24.8258
33.0309
32.2455
28.8961
22.2446
33.4243
34.7930
35.2914
33.8304
28.1323
32.4673
33.2146
30.5965
26.0927
31.2372
33.8147
31.1708
34.2282
27.7846
32.6451
29.7272
29.5785
34.6992
31.6569
24.6788
25.1754
32.1663
33.2532
31.1366
32.5223
27.5861
32.6475
28.8964
28.5644
28.3577
29.4454
28.3203
30.1983
28.4554
29.8115
26.9191
31.4201
25.7765
23.4965
27.4571
32.5963
38.4607
35.0932
30.5958
28.4456
26.5234
27.5450
34.0390
31.2651
30.1377
25.1504
30.5282
28.2065
31.2340
25.8417
28.8909
25.9531
23.1651
22.3170
22.0609
33.3847
27.9533
23.8929
29.6783
28.9278
23.7817
30.1670
28.6810
31.6163
28.1158
23.3171
36.7690
26.2140
27.7121
35.1878
29.4386
30.0219
29.4736
29.7982
24.6230
26.4369
21.0964
28.2599
31.6208
33.2666
33.3271
26.1636
20.4301
30.2938
35.0394
34.6358
22.3830
19.2012
22.0652
21.7820
25.2757
28.4106
31.5336
33.7680
19.6708
19.0898
28.2757
25.6893
26.6634
33.6537
32.0194
27.7606
26.8850
30.5941
33.1922
28.8880
27.7667
22.3279
35.1729
32.1773
27.7168
24.4032
25.2872
28.9287
31.9042
28.6823
25.6002
30.0775
31.2777
29.6673
31.0413
29.2767
29.5179
28.4463
22.3798
30.4540
29.1095
26.8110
31.1973
34.1778
29.9278
28.5046
30.7342
27.3858
24.7120
34.2650
19.7561
27.1979
23.9834
26.6340
30.0215
34.2910
30.8623
32.6575
31.6210
31.3691
31.1183
30.8778
24.5231
29.3619
34.1072
27.8189
29.5617
27.8845
29.9143
33.0494
29.9002
28.7179
36.6005
32.9194
24.1627
29.3175
28.6571
27.9634
20.6013
24.0107
25.8180
32.7333
29.4518
36.5582
21.1970
30.9777
26.6281
25.6190
33.3775
32.1152
25.3174
31.2131
27.7512
26.3260
27.1296
33.2830
20.4565
31.4162
39.8524
32.8326
21.0859
30.3254
25.3141
29.6946
30.8805
31.7495
30.4257
36.4998
29.6669
26.8408
26.0539
27.2613
27.6291
27.0874
23.4192
31.3621
32.0957
34.6224
34.3694
24.0881
29.1639
23.2226
32.4586
33.7929
21.0535
29.0324
29.4763
28.8634
26.2836
25.3555
24.0092
26.0963
24.1764
28.8263
31.2683
29.9161
32.7079
35.2937
30.5507
31.2042
28.9267
25.8615
32.8999
27.9093
29.2695
30.2272
26.0216
23.1331
27.0834
29.1053
30.0011
28.0785
24.3354
31.9041
36.6439
26.7665
33.9086
30.8391
29.4159
26.1609
32.8117
25.7098
25.2642
34.3768
30.0134
29.7130
30.1720
30.9008
24.2859
35.9922
29.1306
30.3241
32.1454
30.6318
26.3806
24.9082
26.1551
28.4419
28.3345
32.5348
29.7347
33.3532
29.0860
30.1901
26.6283
30.1132
31.1944
20.9768
31.9964
28.4096
25.9848
31.0713
28.7124
31.3144
31.4517
27.4356
30.8068
31.2610
25.1568
26.6112
26.3047
28.6209
31.9999
32.7495
33.8629
29.6833
33.5471
32.5565
29.9220
32.8705
29.8269
27.6056
21.1965
26.4342
33.2453
31.1737
29.4588
30.5802
31.7181
29.4303
31.8478
30.7937
27.2201
33.9472
33.9395
29.7698
28.2438
35.1917
29.1491
32.1662
25.5128
24.2969
28.7452
30.9950
29.4275
35.7575
25.6557
25.5959
30.7653
32.0757
26.2679
21.3906
28.3378
33.0871
28.4177
29.6292
23.7799
29.6633
28.9328
26.6789
29.2364
28.9317
29.8728
29.8543
32.8730
28.2605
27.2291
27.1725
20.5516
29.4914
32.2964
21.2621
29.6565
26.8777
27.6617
26.8732
29.8584
25.2313
27.5849
29.3556
26.3863
32.1984
31.9338
25.1914
32.4811
33.6210
26.2929
24.7084
25.9290
29.7459
31.8595
28.2194
31.1999
26.5708
32.1792
22.4605
24.0618
23.5522
24.6749
32.0712
28.2071
28.4871
34.0687
29.1635
31.5150
27.9250
24.5777
24.2002
27.4667
24.0081
33.0484
36.8050
28.1657
29.4330
25.8398
26.6845
32.5109
31.7966
27.2628
25.4362
29.4581
25.4229
32.2444
33.3704
36.1496
31.2041
32.7649
33.1540
26.9073
29.7097
38.0360
34.3472
28.3222
29.6168
28.2968
30.3175
28.6967
29.8273
34.4585
24.0431
35.5271
27.2465
33.9814
31.6321
27.8442
31.3750
31.9405
28.3007
24.5459
30.6426
26.2284
32.5203
28.6818
26.7198
26.3292
29.4714
23.5647
28.6651
27.6960
28.5328
28.1834
32.5136
25.5694
26.3154
30.9518
26.6394
30.1721
29.7646
32.7217
29.9694
34.2589
25.2286
36.1270
33.6779
37.3803
27.1845
25.8903
25.7940
29.1359
27.1573
31.3915
27.9458
24.0458
27.6760
20.7150
28.6864
21.5454
23.0681
34.2114
30.5408
30.6069
31.0585
29.0767
32.8383
27.4115
31.5421
26.2423
24.1752
33.5246
28.7885
27.4376
32.0276
23.4770
26.0512
29.5772
26.5916
32.9136
21.6335
33.7507
29.1900
31.4489
31.4596
26.1059
30.9671
23.2838
22.5380
34.3617
31.0405
32.0989
30.8617
32.3956
25.4808
37.3300
30.7643
28.0804
27.9143
34.9054
29.1449
27.2237
24.5683
27.2883
34.7207
31.9854
34.8164
30.0930
28.5601
29.7242
22.6506
28.7427
30.4407
30.7363
27.6842
32.6557
38.9082
33.2977
32.7694
33.3608
34.0013
28.1282
28.2293
33.0044
29.5620
27.0300
26.4414
30.9148
28.5330
24.9627
28.5257
26.5371
22.6394
26.7786
36.8356
34.0547
33.7510
33.7296
30.2361
29.7021
30.8278
28.1896
38.2390
32.2154
26.6959
32.6335
24.4289
31.7848
33.5618
34.4920
34.2638
24.3080
30.4768
31.0031
24.9648
29.7753
30.0137
30.4925
26.8963
29.5158
25.8120
31.2320
25.0016
26.4994
28.5317
28.2064
24.2697
27.1142
28.5826
26.7642
23.9716
36.2783
33.3847
27.7693
23.3102
34.2823
24.6574
27.2446
34.1079
28.0812
31.9696
32.4691
31.8044
26.4434
30.9547
29.6542
31.5167
27.3731
23.7363
27.0413
25.7775
30.2718
32.6713
24.9901
25.8504
27.2996
26.2472
24.4366
25.2524
29.0639
29.4092
28.5111
25.4698
24.5929
28.4660
26.2801
25.0384
27.4344
30.2738
33.5587
29.8720
33.9673
22.6609
28.0906
31.3729
24.5692
34.0268
25.4415
27.7164
31.6118
27.3139
20.1870
27.7992
31.2376
26.5011
30.7882
34.5793
23.6510
27.6557
30.0334
25.2724
29.9319
23.1899
34.6377
35.3003
33.7793
32.2674
35.4717
27.9989
25.7580
28.4320
36.6395
28.9318
27.3689
21.6232
27.2085
36.1917
26.3841
33.8462
35.2835
32.5655
25.2134
26.9071
29.3110
25.1641
26.9579
35.5082
31.1972
24.2009
30.0174
27.1636
32.3556
34.3675
33.0670
25.7209
35.8697
25.3913
32.3148
31.1342
30.3725
29.6694
30.7270
35.5227
33.9137
28.1690
23.8938
32.0670
26.6883
26.5957
21.0994
28.4173
32.6429
29.7339
26.5019
18.4806
30.5065
21.7872
31.5396
32.7542
26.4383
24.5015
30.5275
31.5348
30.2368
28.8618
33.6063
34.2558
28.4786
31.7357
29.4724
23.6681
22.3857
23.2106
30.7386
27.7711
21.8355
24.4862
21.1024
30.4470
30.6886
31.7763
31.9377
23.5044
23.9650
24.6163
22.0530
25.4955
32.9458
28.6657
34.8622
23.3805
24.9458
30.0143
22.9582
31.5257
37.2102
30.0940
27.2278
26.8294
36.4451
28.4528
26.0955
25.1191
31.9245
26.4440
27.0404
36.6901
35.9818
28.7324
28.1827
32.0899
23.5269
21.2332
25.6160
37.2643
26.0785
22.5078
25.7440
32.7848
32.4763
28.1588
22.7665
31.3225
34.3385
23.5138
32.8385
24.1238
31.3739
29.1295
28.9233
31.2983
30.4154
27.7472
29.4827
28.3619
28.0027
21.5396
32.2362
31.3964
27.2349
29.1870
29.3923
28.8892
28.9805
27.5494
30.8829
27.1998
27.5268
22.4127
27.6423
25.3243
29.0474
30.6501
35.8634
27.1732
33.5137
24.9383
40.6480
35.7283
33.0633
28.9923
28.8498
33.9749
33.7036
30.2090
28.3408
28.2444
28.4549
27.1394
31.5016
35.7014
30.7051
22.5628
28.2314
33.4348
31.9022
31.2564
35.9221
28.8660
35.3732
31.8752
27.5206
33.1103
33.2220
28.5970
23.8165
22.3295
31.6003
27.4153
32.4394
21.3638
31.0254
26.7390
31.6422
30.8851
24.4559
24.7772
27.3635
29.7176
33.6595
28.4656
23.9571
22.3579
33.6691
33.1170
34.8384
29.4062
28.3255
27.2641
28.9707
37.1881
30.9450
29.3496
26.1749
28.4283
28.3044
21.6712
27.1145
30.6645
31.2840
33.5451
29.7527
27.8053
32.8394
25.5420
29.0771
33.1075
32.5519
25.5835
28.2047
28.6956
31.8047
28.4452
27.2182
24.3572
26.5419
31.5870
30.8882
31.2056
33.4693
31.5300
28.2360
26.9187
28.1500
30.3973
32.0380
27.1694
31.1529
35.7263
27.1702
28.3521
28.0264
25.1537
28.4258
23.9744
19.3954
27.3097
27.2612
26.3789
29.6013
30.1429
30.5858
27.6039
28.4975
22.7835
22.5177
26.0685
26.1729
27.9359
31.5192
19.3283
29.3467
34.1875
29.8714
25.3432
26.9681
28.0095
23.1813
31.5085
33.1613
31.1088
30.1373
21.8181
29.5619
35.3284
28.0122
24.9144
27.4103
36.0474
33.8840
29.6286
37.9085
34.8077
36.7212
24.4589
33.4737
28.1411
25.6905
26.0105
25.2697
32.7998
34.0166
28.2180
34.4975
29.0796
25.5922
25.8493
29.7893
30.8576
26.1299
29.5144
29.8427
32.0980
24.3065
28.7457
31.4814
25.9575
28.7964
27.7382
31.8411
23.9153
24.6425
25.9738
34.4360
22.9139
29.3805
21.3501
35.2703
32.5002
28.6950
32.4062
34.5435
23.3996
33.4523
24.1037
30.7056
27.5991
25.9876
30.7349
29.4187
23.5306
25.6647
33.0145
21.0931
21.6438
32.8196
31.6917
29.8932
27.3088
28.5035
29.2942
24.0309
33.3350
29.5779
32.7799
24.6409
26.6201
32.8328
34.0008
27.2935
26.6822
33.9695
31.9530
28.8909
29.2915
25.9744
25.5806
24.6145
33.2552
27.5404
23.0559
32.2271
36.4438
36.6095
35.5377
28.8041
25.5400
24.8664
24.7683
22.8640
30.0881
31.7137
27.1886
33.7342
27.1422
28.0202
25.4536
25.0216
35.2185
35.9281
25.5471
32.8425
22.1021
29.6870
30.1357
27.0039
25.3789
25.3512
33.9920
21.5034
25.1127
32.7244
31.3964
31.1502
30.4267
26.5770
27.7747
26.9684
30.5782
28.8208
33.4601
29.7766
24.8243
28.3925
28.4411
28.5270
28.1810
28.9510
26.4945
29.8805
27.2082
28.5925
27.0544
30.0517
32.7634
28.3719
26.4954
26.5050
22.1481
23.8095
25.7484
29.8070
29.1748
24.1780
30.4642
29.8225
32.0123
30.5034
30.9818
20.3584
29.9529
20.9704
23.4261
24.4642
26.2335
29.9934
24.3504
29.1085
32.5384
25.7803
32.5997
30.2016
26.5486
29.8068
20.8642
29.4722
31.9684
26.5688
28.6291
29.4045
30.1057
33.0826
27.5319
26.7232
25.1971
24.5823
23.0277
31.8271
34.0570
30.9244
29.9808
23.6180
33.8183
26.2213
29.1454
24.9591
27.4477
25.9178
29.8984
28.5367
28.0472
32.9717
24.9850
27.2963
33.5505
28.0516
25.1880
24.0682
30.0194
30.9426
23.2091
26.8996
23.5492
28.9204
27.7135
28.5631
29.0774
27.7656
27.5186
26.4446
33.3899
34.3697
26.8744
32.0502
30.2881
26.5138
20.7830
32.7118
29.6277
27.5890
23.0892
32.5322
27.1121
27.3131
26.5512
26.1472
33.1229
27.9998
23.8207
27.9890
31.6415
27.2624
29.5050
31.2007
34.3999
23.9577
24.3528
30.8384
27.0965
26.3917
20.8892
27.7532
35.1634
28.8219
29.6265
31.6918
24.4894
21.4510
28.6988
22.8713
30.7708
29.0579
19.1776
25.4347
25.5373
20.0434
27.6848
33.3221
29.8109
29.2934
31.5766
27.7078
28.5161
26.8092
25.3402
29.7375
28.6520
34.4923
32.6903
29.4470
26.2805
27.9979
23.9424
31.2014
28.5955
24.1472
25.8977
32.0753
32.2716
25.1964
23.3014
30.1141
23.2078
33.2696
29.7091
31.0438
32.0054
30.6957
36.5064
34.1122
23.7571
26.8462
26.8246
27.6829
28.0600
30.2004
34.1195
29.0565
27.2879
27.6857
20.1147
35.1492
33.0643
26.4714
28.6741
33.1394
20.9458
26.8026
28.7592
26.5582
32.0378
38.2059
28.5849
37.2350
33.1507
23.4389
25.9697
26.5420
24.6702
25.7898
24.6229
27.7326
35.9797
32.8275
28.9001
28.5911
30.0197
27.9232
32.8993
20.9643
32.3470
33.0758
30.2392
32.4549
23.1869
37.4961
28.5426
27.5594
30.7948
37.1330
30.0922
29.4214
32.9523
26.4341
24.5217
31.3264
33.4745
28.6258
30.3173
28.4046
30.6695
26.3411
29.5906
25.5373
28.1522
23.7505
25.9830
24.7810
26.1004
28.9009
29.3290
33.0091
35.3639
30.5106
32.5835
25.2563
30.7511
36.0771
26.1370
29.2016
33.6263
24.1667
36.4350
35.5538
25.2528
28.3061
28.8765
30.6824
24.9315
25.6887
29.5828
26.2376
28.1348
31.8385
36.1207
29.9235
26.9978
28.4153
29.8149
26.7947
35.1059
30.2956
35.4379
32.3295
24.2141
25.9311
30.0470
37.6977
27.3238
26.8784
26.2965
28.7056
26.3730
28.8932
27.2384
29.3090
23.0885
23.0202
26.7058
21.1619
20.9298
27.8190
30.4617
30.2897
34.1175
27.3083
25.1451
32.4970
28.2663
24.0901
30.4691
30.6317
33.6561
27.2718
28.4702
25.9890
26.8900
29.2818
28.3631
29.3393
26.5445
35.2418
32.8814
30.3544
22.4858
32.9526
30.7857
28.5878
28.5697
34.7265
28.3776
33.5065
23.9472
28.9046
30.6754
24.6614
26.0818
31.6953
29.0360
31.2002
29.8783
32.4829
23.1261
38.5958
25.1848
25.9840
32.8856
35.4944
29.8565
32.4097
30.8001
27.9389
36.8074
32.0570
27.7570
22.9857
29.5850
25.6429
27.5843
30.6241
30.6569
30.3097
31.5014
31.4678
26.3330
31.0539
33.5848
28.5986
32.4052
25.0676
24.9853
33.9162
35.2751
31.7848
21.8364
30.0368
28.5780
32.6241
27.2084
27.7158
31.5793
32.3109
26.9157
29.8136
26.2050
32.8237
33.1292
33.3819
32.7484
27.8925
32.7630
29.3956
25.8071
28.2535
18.6388
32.3162
33.0033
27.4602
33.4841
29.5041
28.0863
27.1334
31.1103
28.0190
30.6068
34.1948
31.3688
30.3072
27.8794
30.2041
30.4521
28.3206
29.8256
31.6635
27.9649
30.9616
28.3994
24.5810
24.0997
22.6638
27.0499
26.6476
25.3994
30.6785
35.3556
31.2986
31.9234
30.5352
27.8170
28.5398
26.4549
29.4159
26.5901
31.1527
26.6287
32.6119
35.4662
24.0819
31.0776
30.6274
31.7247
32.1780
29.6600
35.5647
31.3354
28.9287
31.4408
33.5072
33.9994
29.0044
28.4871
25.6021
26.1244
32.8568
30.6334
32.2141
26.9021
27.3942
32.5602
31.7210
28.7019
25.8015
38.4091
27.3987
26.1182
21.7555
32.1628
27.1544
35.8800
28.3519
27.2641
30.9595
26.9965
33.7138
32.9548
30.9247
25.5698
25.5109
26.5323
31.2792
29.4158
23.2434
25.6137
36.2131
27.9773
29.2264
29.1459
29.0331
31.0726
31.2210
33.8994
28.7217
28.9419
21.4086
27.0196
30.1671
27.5647
27.2954
31.9522
31.8988
32.6129
29.0353
26.7039
30.5949
26.8043
23.8047
21.3065
32.5050
28.6560
29.1774
27.3501
31.6181
28.5450
25.2439
25.5776
28.1196
31.9144
34.3161
28.3200
30.6138
33.5980
33.4271
35.1629
30.8068
25.6598
31.2244
31.5557
27.4406
31.0878
34.2085
28.4310
33.1700
29.3459
24.4599
33.2028
29.0962
29.7498
32.1376
27.4768
29.2124
28.2729
24.1265
26.8738
29.4807
29.0673
27.4343
30.9574
31.9847
33.6586
31.9027
28.4131
30.3247
28.0496
30.5729
34.6761
29.1087
34.9711
35.2279
31.9213
31.7304
36.8390
33.4159
32.5250
28.2228
27.0239
29.7720
25.9837
28.8723
29.2958
27.2775
31.2986
37.1757
27.7534
27.6377
29.4976
34.9609
22.4473
26.8063
23.4389
32.5710
29.6843
30.4748
20.4201
31.1202
33.5901
25.1833
25.5318
27.3284
26.6339
32.5173
29.9273
31.1451
30.1683
36.8102
26.5027
31.5380
34.8417
36.6492
27.9312
30.6778
28.3919
33.9289
26.9738
30.2382
29.1680
30.0823
30.9635
30.3358
33.3973
25.7098
25.6992
32.3643
29.9973
25.2765
31.1016
32.3661
33.4735
22.5245
33.0267
30.6195
33.8936
25.8007
33.7256
27.0958
36.7120
31.5005
31.9176
25.0049
29.5790
27.0312
25.5499
30.6332
26.4722
25.3099
27.7566
27.5400
32.1855
33.3074
34.9508
28.5037
34.6928
27.6234
29.4048
25.5348
28.3043
29.9226
33.0060
27.2912
29.9293
29.8004
37.2043
24.0936
25.8825
35.5763
33.7227
32.7192
28.0623
33.1734
30.3048
23.8432
29.8164
34.9101
24.9580
29.4143
23.4878
28.3787
29.2773
27.7518
25.0888
25.6111
33.3896
19.5131
27.5987
27.0902
27.3271
26.4514
30.2315
23.6764
31.5692
22.8154
27.0414
32.9836
33.1630
28.3480
24.9529
29.0652
31.4501
25.6157
23.1360
33.4044
26.8046
31.6893
32.4583
32.0631
34.2980
31.5428
30.6052
32.6334
33.1344
24.9387
26.7089
25.6215
27.3118
28.6747
25.0538
28.1944
26.3367
27.8567
32.5594
28.6461
24.9379
32.8616
31.8433
28.9256
24.3389
30.0123
28.9593
29.0045
27.7122
23.5081
28.7890
23.0568
27.6666
31.2794
35.9048
24.9800
24.1847
23.9180
23.9469
32.6793
32.1145
34.6141
23.4502
31.2349
29.5099
24.4944
29.0970
33.2476
29.6391
31.0673
33.0007
38.6244
31.8657
24.3754
33.3595
28.9458
28.1334
25.9538
23.5540
30.9819
30.8262
29.6958
34.0172
31.2375
21.2624
29.8293
30.3600
32.0418
30.2084
27.0035
24.4893
27.5317
24.1641
22.0243
23.6604
30.9675
30.6424
29.3347
31.7862
23.7539
25.7722
23.3294
34.7755
31.3894
29.4153
28.7666
34.9190
23.1466
25.6968
26.5384
32.0830
28.3488
26.5716
29.6151
26.2586
25.0178
27.8799
32.1033
25.2184
29.9963
21.2689
23.2302
31.2382
30.6908
33.3378
31.7161
32.8185
31.0757
31.7096
20.3587
23.0504
27.5646
33.3112
35.0410
30.5716
21.6818
27.6063
29.8906
36.8335
30.2218
19.0382
30.5318
30.7107
26.1614
34.0081
28.6667
33.1785
23.3153
24.1533
32.4169
33.7628
29.1065
33.0496
27.2768
27.8916
23.3928
29.5482
31.2521
29.3857
29.3929
30.4157
29.6106
31.6194
33.1190
30.5362
24.9112
33.3631
25.9072
35.9090
27.7551
24.4693
22.8525
25.9481
28.1826
32.0855
32.6002
28.4220
30.6011
29.1407
25.7640
28.9564
28.0983
27.7100
30.6344
31.0053
31.2350
29.0529
26.5435
31.2276
28.9517
30.4129
31.7604
32.1669
32.0481
31.4437
32.9592
30.0996
26.5166
29.7455
31.2542
30.0624
27.8901
27.6445
25.0794
23.8882
30.0255
33.4925
23.5939
26.9867
34.1279
32.0776
29.4265
24.6643
28.0047
27.1837
30.6103
25.7324
29.6955
37.6242
29.5883
32.9290
31.1035
23.3444
28.8929
26.9386
29.2997
31.8603
27.4241
29.3348
24.8106
28.7062
27.5569
22.3803
28.1941
29.9270
28.2719
25.2463
32.1029
30.3084
32.1741
28.2673
23.8665
29.8221
29.1674
24.9305
26.5551
30.1777
30.7667
26.1592
34.1843
35.4409
25.5083
32.0775
30.9920
29.1355
30.3483
30.0086
29.7428
35.2859
29.4565
26.6556
33.6016
21.7586
31.3741
27.0960
31.1167
25.6485
28.3705
24.7670
33.1377
37.9945
30.7171
27.8586
25.0809
25.1014
32.2736
28.6979
32.5946
40.1083
29.4247
31.4716
28.2339
29.0016
29.6898
36.6403
25.1815
30.0637
25.3369
36.7098
32.0646
30.2684
28.2013
34.0168
31.5820
30.7046
30.5482
30.1241
30.6978
26.4679
27.3550
25.2538
35.7219
29.8486
28.1668
25.6586
32.6430
28.7955
33.4034
29.5316
37.3382
31.6102
31.2448
28.6413
31.5739
29.5781
33.3140
32.9519
28.9722
25.7954
33.0288
33.1561
26.0983
27.4984
32.9915
33.6794
34.1531
24.8701
31.6736
31.0091
30.9820
25.0636
27.5508
29.1901
32.8522
27.6698
24.6339
31.5175
29.0942
26.5872
32.4317
31.0476
22.9617
25.8805
35.4652
31.5381
28.3115
22.2643
31.0420
28.7506
27.4499
30.2757
27.8405
31.3095
31.8600
32.9642
21.2501
27.0772
25.3042
28.4337
29.4495
28.0068
27.3967
26.0191
25.9546
35.7454
27.4777
28.8986
27.4586
27.6833
27.9782
31.1708
27.1076
30.4153
30.8844
30.6392
23.0932
26.2025
30.8095
31.0718
28.6423
34.5038
31.2397
32.7463
34.3083
28.6854
32.6175
26.1717
27.2240
28.4465
29.0627
25.3293
26.5935
34.9671
35.8757
21.8501
22.3295
32.0635
30.3562
25.5023
18.7363
34.2357
33.8409
27.9728
28.9945
25.2456
36.4825
30.0899
30.1798
30.0352
28.8411
26.2737
29.9716
39.5003
23.4707
26.7460
27.5675
30.7737
35.4555
25.1402
34.6693
26.0285
29.5845
29.8117
30.1123
30.7288
35.3613
33.7934
31.1217
32.4212
27.1629
30.8919
30.1336
27.2359
24.6598
30.6449
27.9734
32.4420
34.2434
34.7379
32.8535
23.9184
27.8392
25.3613
28.1772
36.7318
30.7977
26.2310
32.3829
27.0667
34.6236
32.3571
35.3390
31.7123
30.4279
31.5712
25.6957
31.1745
21.3290
27.0619
26.2060
32.9146
27.7998
21.9954
31.6131
31.7204
29.5713
24.5095
30.1010
31.5953
29.6412
29.0809
30.7340
28.7027
31.9834
25.8602
29.6739
28.5935
34.8995
29.7034
24.8083
37.6113
28.0390
29.7489
26.7863
28.2084
34.3241
32.8179
33.9639
35.0341
34.7452
25.0149
33.2666
35.1620
21.9789
29.2674
21.2836
26.3117
29.3278
23.5260
37.7001
25.2733
22.1515
23.1610
31.4564
26.9004
32.0215
27.1805
30.6341
26.1196
32.7470
34.1037
33.8232
26.1485
35.8754
29.6471
28.3910
28.2174
30.9401
28.5306
20.0311
25.8640
29.0296
34.0675
30.7394
32.1178
32.3410
23.2483
30.7867
28.0684
30.9820
32.3247
30.6121
25.7190
22.7476
31.7696
34.6511
31.4862
38.2958
26.0515
29.5385
26.0187
31.2063
32.1985
27.7071
33.9431
31.8842
24.7845
27.7125
27.9819
28.2810
29.2654
26.8505
26.2220
25.4995
21.5623
25.3175
32.1619
23.7868
26.8346
31.5438
25.8615
27.8327
28.5831
30.9075
34.7777
28.4834
31.5585
29.5150
27.9445
31.6195
32.6986
33.6067
36.0111
33.3890
33.1325
31.5152
29.9235
27.5382
24.0447
32.5025
24.1890
29.4884
27.5902
26.2829
28.8337
30.5708
30.3317
29.4325
30.0415
28.8819
33.6686
23.7946
28.2011
28.2648
35.2082
32.3218
30.1451
28.5042
30.0518
26.5845
25.2722
24.9141
33.3222
30.6250
29.3980
24.2439
29.3540
29.8866
26.9104
29.0712
27.6473
28.9998
32.5307
31.8263
31.0790
33.9887
29.1964
29.7485
33.9021
30.2332
32.9229
28.3951
29.8817
24.7421
28.4454
33.7300
28.6147
26.3904
29.4774
20.9941
26.3143
27.5145
32.9090
23.1348
30.1824
30.5946
26.1637
27.9883
28.9861
25.8574
25.5598
32.8480
22.5311
24.9962
22.6475
29.7567
28.8572
29.6284
30.2477
34.6237
27.8821
32.9290
27.6830
37.7458
31.4888
25.5937
27.2514
29.9904
31.8255
33.0933
36.7874
29.3313
27.1558
29.6964
25.8297
29.4209
34.1325
29.9720
28.0595
22.7620
34.3813
27.9302
23.4600
27.4339
23.0672
31.7958
27.7444
33.2469
28.6728
35.5146
32.5776
30.1790
28.4423
30.4153
28.8270
24.0262
29.0302
31.5754
31.2496
27.5347
29.2234
29.9908
28.9234
26.5193
33.7473
27.1805
27.2455
28.8438
27.5634
32.4425
24.9488
25.4344
28.1703
26.1109
29.3789
29.9924
24.8917
29.7585
31.4965
25.3468
26.5680
29.9449
29.1854
34.1800
32.8811
30.7033
27.3444
24.4259
22.2577
29.1727
20.7163
24.8454
30.0992
35.5163
32.7050
28.0624
26.6325
30.9413
29.2524
27.9190
33.0103
23.7094
30.9231
31.2177
20.4173
35.9753
30.5135
35.2679
27.3736
28.4832
26.1296
28.4765
30.6164
28.4173
26.8201
31.2970
23.5959
24.8074
30.5069
29.3282
36.4763
32.3588
28.8823
30.8637
27.4608
23.3159
27.7704
28.8548
35.7616
30.0624
29.2530
30.2776
35.6773
32.6645
23.6540
32.5643
21.2017
26.1920
29.5316
27.0308
34.1736
29.2526
29.9284
29.8120
27.8171
28.0039
27.0693
26.9125
31.1778
30.3045
30.4711
34.8327
33.7096
27.3292
25.5376
23.8520
30.3919
29.7393
32.2176
37.9855
29.9698
26.5255
20.7292
26.7515
32.8518
29.5224
33.2777
28.9325
32.0348
28.1165
33.5976
32.6557
29.3896
32.1148
34.2962
27.1542
36.0303
26.0930
28.0891
32.0017
28.2495
29.0590
29.9970
25.1609
35.2195
29.8842
27.5774
33.8692
30.6206
25.5242
28.7523
31.9350
39.1128
28.8481
30.6461
33.7229
28.8905
29.9576
25.8186
26.4733
31.9608
26.3326
29.8004
28.5775
27.0304
30.6655
25.7749
24.3767
22.9366
31.9842
31.9442
32.5507
27.6927
25.7541
29.5735
32.5907
26.4995
29.4282
32.0521
30.1884
21.9362
26.1780
32.0049
30.8974
33.8518
31.0182
31.6968
28.8869
36.4938
24.0307
23.6747
32.3115
33.5563
32.3585
26.8467
27.6157
33.3447
28.8700
36.8457
33.4583
31.2486
28.7208
28.2516
32.1935
30.9020
31.7356
28.9860
33.2215
33.3984
31.8964
31.3218
27.0195
27.1242
28.9301
34.4863
29.6701
31.0443
27.4574
34.1980
26.0575
26.5857
31.5781
26.5460
23.7705
30.0153
28.1272
28.4414
32.0175
26.3428
32.2769
31.2453
30.7992
29.9372
26.0973
33.7103
27.7606
27.3411
27.9288
34.0976
25.7815
29.4874
31.2583
27.4737
30.5544
29.0421
32.7114
30.3024
30.9136
29.4063
23.8437
31.7521
31.8360
29.7610
26.0055
27.1794
23.6039
25.2509
31.2393
26.3427
25.7133
30.0284
37.8654
26.7170
26.4139
24.4349
33.1229
28.5083
30.6241
29.3996
32.7233
31.9729
26.5561
26.0969
32.0160
36.5296
26.3233
31.1122
26.9094
27.9852
30.0532
23.4282
28.9019
34.9829
29.6263
29.5193
33.2813
29.1895
33.7045
38.1752
30.6767
24.0640
36.0551
25.8581
29.9621
27.9973
23.6238
25.2103
28.0647
29.1420
30.2437
27.5599
27.5060
31.0906
28.2420
28.3323
29.0368
27.3087
25.8831
26.6902
28.3159
36.6430
34.3209
28.4450
28.9995
27.4587
28.3390
29.0130
26.4155
27.6417
26.8890
24.2793
28.7462
32.3305
29.9201
33.8194
33.2287
24.2390
30.8569
31.4079
37.1723
37.4677
30.5319
24.2219
32.0710
32.8612
31.8348
24.4256
32.8396
29.1884
24.4290
29.6685
31.7035
29.3835
33.1291
31.7949
28.2919
24.0830
30.5319
22.0129
24.7241
28.1306
19.9198
31.3396
32.3208
31.7077
33.1668
30.9127
33.1358
28.1464
28.7428
32.9274
29.1649
27.0960
31.1247
30.7365
36.4439
32.1186
33.9934
32.0446
29.6191
25.1868
27.3581
31.5530
28.4782
26.5063
30.2691
28.8824
24.3392
34.4921
29.7851
36.2137
33.0508
23.9894
28.5706
29.5853
29.2863
27.3004
29.7591
31.6722
33.8205
34.9335
36.5882
29.1237
28.6711
29.3940
28.6152
30.2618
26.1018
30.6599
35.8893
29.8387
24.8197
29.9531
24.4055
30.4724
29.0963
21.8058
21.0137
25.4873
30.7769
29.2340
28.9276
32.8911
34.0284
26.2057
27.0995
28.8229
29.9838
24.8105
30.1505
24.4927
23.0934
29.0138
27.1021
30.5583
32.8180
25.6417
26.6209
30.5186
34.1106
23.6851
28.8134
32.3678
30.0627
30.9226
32.1621
31.8896
25.4328
27.3263
27.4610
31.2180
30.6471
28.0589
27.8409
29.9373
23.3226
28.5647
33.0495
34.5026
30.4396
26.9276
32.4009
32.9196
26.8458
29.9962
23.9953
29.4872
26.7289
26.9463
32.5275
31.5838
27.9344
25.4404
21.2460
32.2606
27.1666
22.1428
33.6318
31.5742
30.3656
23.3892
29.6903
28.4121
33.4449
29.0951
27.2576
27.3063
33.7230
28.2992
32.8342
23.5169
30.6011
31.1095
33.7212
34.8593
27.9637
23.2413
36.3921
30.9142
24.2630
25.2402
26.2819
26.3833
31.2964
27.8858
31.3808
28.7829
25.8344
23.9914
23.0893
36.9085
27.5554
38.4500
20.3588
32.2810
29.3017
37.0858
31.8344
29.8824
32.7157
27.9765
33.3407
27.9958
25.6219
33.5826
29.5229
22.4551
29.2470
30.3470
34.7247
27.1438
27.8223
29.3582
24.4759
34.0522
29.5902
27.1927
26.2903
32.4117
29.2772
27.9863
31.0565
26.7348
27.4101
23.5035
23.8276
32.4247
24.7882
22.1022
31.1354
28.1809
33.6677
31.0443
25.3407
26.3135
28.7926
22.6710
23.4241
32.4862
29.3590
24.8207
31.3705
33.5807
19.6486
33.9431
29.7999
35.0999
27.6431
27.2137
32.8578
31.8741
29.4767
30.2907
26.9097
35.9702
26.3274
22.5115
34.4259
28.3528
24.7427
26.7085
31.1557
32.7844
32.2344
26.8811
28.7542
34.5129
29.1538
24.9460
23.4105
28.2270
29.8171
23.2172
29.2197
29.5389
37.5946
28.4779
24.4201
23.0552
24.7778
33.0792
31.0804
27.8991
36.6212
27.5272
23.7229
29.0299
29.3224
29.1483
20.4856
34.5803
32.7870
28.0584
25.4136
27.0081
27.6017
34.6588
25.4436
30.5355
33.5306
30.9852
31.8954
31.2260
30.3045
29.7539
32.6515
31.2922
35.2426
26.8434
30.9743
26.4244
27.1629
36.9002
33.4627
25.7562
27.6839
31.3232
30.5729
27.6672
34.7681
25.2434
28.4885
26.9901
25.2208
29.5281
32.6008
31.8662
30.8474
32.3951
29.4435
29.4523
32.5423
23.2990
26.9786
22.9789
27.3289
27.6312
31.0804
33.7030
34.7870
33.3672
29.6889
33.6362
28.6094
29.3266
29.9758
33.2194
21.7664
32.3326
26.4172
27.6672
28.1257
30.3264
27.8842
31.7007
27.3843
33.1457
26.3183
25.5625
31.9203
30.6011
28.3907
34.1057
28.6546
26.4046
27.1377
28.3786
27.7589
28.0284
27.5891
29.7011
32.6888
25.8247
30.9641
32.2313
32.5644
31.8332
25.7065
35.3962
24.8565
29.4834
32.8052
27.0727
25.9316
22.6739
26.4177
34.2182
31.4328
23.5767
26.1294
29.9010
25.6239
26.5307
27.1027
27.1372
33.0309
22.3778
26.2898
33.0922
30.5976
26.3779
28.2212
34.4831
30.3455
26.4830
26.7829
26.4095
30.7900
25.2776
28.3206
31.0473
31.3574
30.2715
31.9062
31.5591
34.5173
29.8721
29.0513
23.0581
29.4934
27.5712
27.1165
24.9990
30.3348
25.3759
32.0895
31.5522
32.2975
23.5087
25.9153
28.4071
26.2425
35.7718
32.3765
30.2710
30.0377
33.9231
23.4090
34.4852
33.2247
25.7034
31.3252
24.0029
28.1567
32.1706
31.8231
27.6223
29.5665
22.8451
29.2474
23.9639
27.0740
34.8830
28.6114
32.0214
37.6112
25.6223
22.9230
34.9312
28.5866
23.9526
30.0484
23.7954
23.4731
30.6763
37.6227
30.4800
29.8031
32.3067
33.7002
29.3925
28.8767
28.2024
28.3099
24.8532
27.9009
37.4420
31.1421
27.9119
31.3774
27.2635
31.6183
33.4777
30.0567
29.2511
24.3904
30.0299
30.0444
28.7206
29.6691
24.1248
27.2584
28.9889
28.5105
32.2106
31.8121
27.6966
33.0832
31.8057
29.2006
31.4891
20.0404
31.8495
31.2668
30.7309
24.0234
27.2588
31.7179
32.0727
27.7027
31.2615
33.7282
23.1231
29.4374
28.9076
29.6377
31.9354
24.8771
28.0303
34.6479
25.3959
33.1608
30.4871
34.4896
27.2509
32.1730
28.8267
27.3962
30.0791
31.2655
27.6137
27.1786
22.9626
29.7520
25.2039
33.0888
31.1814
37.6488
26.9929
35.0435
30.0319
26.5706
28.4536
32.7377
33.3799
26.4176
25.6066
26.5954
28.8112
29.0912
24.9462
31.5110
28.5782
30.1430
34.3378
26.4378
32.5891
30.1980
32.4335
31.0551
30.5044
28.8462
27.2175
25.5863
26.3713
25.6127
32.0769
32.8751
31.1682
31.7982
30.0069
25.4179
20.3959
33.7131
28.1355
29.0180
29.8653
32.2150
34.2298
27.2106
32.4177
28.5550
23.4355
30.5510
30.4965
32.9920
34.9946
31.9251
33.1016
32.3519
30.0290
31.0286
29.8291
23.9147
26.6301
25.1825
29.9303
24.8109
33.9399
36.4120
27.2344
26.4844
27.3192
25.7143
24.2370
22.4625
26.7293
26.3701
27.3936
33.1179
30.9900
26.1464
24.4997
30.3785
34.5940
28.0462
25.9700
30.3102
22.9260
36.5412
23.2358
25.1255
28.4124
26.8392
25.2252
30.8574
31.7218
26.8717
28.8476
28.5544
26.7649
30.1348
29.7645
33.6977
26.7080
30.2702
22.1407
30.4786
32.0985
27.5078
22.3435
35.6802
28.4313
25.0253
30.4359
30.2354
23.5674
29.8184
26.1192
23.8690
27.8550
34.7233
33.9338
23.7552
25.3700
31.4529
25.8880
30.5641
33.0465
30.4668
30.8740
28.5760
27.7197
28.3934
21.9269
24.1108
26.5743
30.0401
30.0842
28.9932
36.2175
26.6117
30.7011
33.7849
26.0362
31.2866
26.7214
28.9247
31.3474
28.1976
25.7163
27.7857
25.2331
24.8506
19.2153
23.0760
29.1826
31.1083
30.7861
22.0569
30.2651
23.1296
25.4600
24.3503
28.8026
23.5594
34.3554
27.1725
32.7933
32.3028
33.5948
30.2967
23.6742
20.2152
31.7057
34.3350
28.2025
32.7664
26.8910
33.0911
27.2201
28.2788
31.5888
30.6813
30.9856
32.1020
30.5956
26.5961
32.1428
29.5199
29.6528
29.6892
37.4390
27.9229
31.4645
29.9400
27.9728
27.5964
37.6064
32.6893
33.2866
35.2535
34.3423
30.2824
26.7796
31.7073
27.6610
33.6923
29.0974
25.4566
26.5260
33.1754
33.8217
35.3596
28.6390
24.6023
26.8160
27.9632
24.8208
28.1868
31.1198
28.9442
28.3676
30.2763
35.6253
38.8325
28.5660
29.1692
22.8103
33.1846
34.1197
26.7814
32.0563
29.1036
31.8100
29.4800
25.7973
28.4074
32.8165
30.7122
31.3953
29.3994
27.3721
25.6137
31.4954
29.1067
32.1583
33.3794
24.4748
24.7177
30.8827
37.4392
29.3144
28.2829
31.3168
29.0440
31.7576
32.2925
31.5025
30.9536
27.2165
35.9297
31.9044
29.5462
31.4765
22.6920
30.4143
32.3895
31.2135
29.5048
25.6661
23.5471
22.7474
32.0600
30.6482
25.1912
28.2986
31.2035
31.4752
32.6373
26.2372
23.8387
27.2683
20.1177
34.4416
32.7982
28.0716
25.3876
23.6444
30.5884
25.9135
25.7378
25.4552
32.4850
32.4918
28.3082
35.3557
31.1233
30.9246
30.1426
27.0009
34.1870
23.3171
27.7589
29.3985
30.0419
29.3063
20.4540
33.4180
26.6332
27.5559
32.2475
34.2714
31.6892
24.8931
26.3828
34.3675
28.1266
22.2146
24.6091
32.5770
27.0485
31.5403
27.8771
34.8062
30.8003
30.7003
29.3437
37.5710
32.8017
23.5836
32.1319
30.3554
23.4369
24.1400
36.4319
25.6349
31.7306
26.5734
31.0782
31.2682
37.7978
29.7149
32.6024
34.5909
24.8584
28.6382
23.2304
25.7565
25.4146
28.1215
32.7056
22.3221
29.8973
24.7864
25.6151
27.3016
26.0096
28.0359
28.4897
22.7931
28.1505
26.4440
31.7329
32.1524
32.4444
35.2646
29.9865
25.2445
30.3647
31.3502
22.4896
25.3587
30.1438
32.8764
21.0459
28.1971
37.9635
30.4524
29.9954
38.1895
25.5042
26.8426
30.7262
23.0115
28.1767
30.0854
30.4010
23.0690
33.2198
28.1920
20.4411
24.7455
29.4268
26.6442
30.4794
33.5153
23.3673
26.1188
30.3594
27.1659
28.2416
37.2890
27.9869
30.5992
33.7299
30.7889
31.8291
29.1642
27.5825
32.5997
24.3071
29.9113
19.7445
28.5123
22.9834
25.1613
34.2684
28.5507
32.7159
25.7387
28.0593
25.2122
35.9161
24.9201
28.2985
28.5215
25.4143
22.6885
37.7052
24.3729
26.6142
32.7529
29.0974
36.3364
25.0019
26.0092
33.3798
25.6119
37.3660
32.2712
32.8694
29.0262
28.5357
34.2267
29.7489
24.7498
28.0018
29.3191
27.8847
36.4125
32.9001
23.4670
23.6273
23.6076
26.4279
27.5787
27.9891
27.6141
25.0646
31.5986
25.4138
27.6455
30.9121
29.4565
30.6972
35.2862
25.7672
31.1066
25.5200
24.6894
25.0486
28.3209
29.2196
22.5339
23.4997
31.9969
35.4308
37.7481
33.1510
30.5041
31.7092
32.6010
27.8545
36.9961
30.9232
31.3331
34.9141
27.4448
31.3144
33.3423
28.1698
32.1003
29.0463
35.7230
28.6899
33.7381
27.8265
30.5081
35.4339
27.1364
19.9471
27.5399
26.7388
31.1730
32.8889
27.7416
24.1367
25.8571
30.9345
27.9532
27.4710
28.1217
29.2464
29.2210
25.7501
26.4444
28.7203
30.6878
27.4109
27.1733
24.5139
27.2794
28.7890
35.4530
27.5773
27.8292
34.4048
29.1465
32.6610
26.2787
28.8091
22.3819
27.8590
21.7350
25.6626
30.2189
28.2667
28.8514
34.2545
25.4542
26.8349
28.3913
32.5808
25.2384
25.9445
36.5441
30.6114
25.6383
26.5273
29.6622
32.0296
30.3398
31.7969
21.8380
34.9952
32.2308
31.3251
27.8136
30.5840
30.2048
24.5567
23.8795
30.6637
24.6232
28.3965
28.3825
31.1103
24.2012
23.0774
30.5677
29.2739
25.3736
35.4719
26.2773
20.6516
27.7474
28.5406
33.3926
28.6339
34.2192
34.1580
30.2711
37.2178
23.4837
32.4200
34.2406
29.0145
31.4991
37.3544
26.5119
31.4536
28.5461
30.4700
28.2883
28.4979
25.3524
32.0681
34.7156
29.3835
26.6159
32.9830
27.0020
34.4476
32.0599
29.0269
33.8062
25.2686
26.8553
26.3030
26.7459
29.8819
32.8713
33.5540
25.1833
31.0876
32.0880
23.5934
34.7209
28.3223
38.6202
27.5916
27.2933
32.0174
35.1166
33.1135
31.5545
23.8186
30.4051
28.7255
31.5866
31.9788
30.5666
24.9685
28.5015
25.9262
29.2540
36.5932
28.8877
31.6543
30.2896
25.8773
34.2232
28.9412
32.7561
31.9789
32.1683
34.2178
37.7389
25.6126
26.3428
30.9301
30.3899
30.9856
29.8190
29.4870
30.8297
24.0877
28.4392
21.7513
27.9728
28.9520
30.9429
26.6358
26.5314
28.9991
30.2776
33.5865
31.6082
27.6737
29.1937
27.1251
31.3435
28.1818
33.1293
27.5043
24.1388
24.6068
25.6205
26.8240
23.5889
27.0181
23.4375
30.9936
25.9287
29.7038
31.2802
31.5562
31.4755
22.5891
25.9394
30.7510
35.0755
30.8803
27.5155
32.2390
24.6875
30.8970
25.0594
25.6476
28.5798
27.1801
30.8860
33.4592
31.1705
33.0743
27.4862
25.5310
31.8149
26.7704
30.9739
30.6764
25.0360
31.8139
21.4293
32.6425
31.3853
25.9162
26.3948
30.5953
26.0498
34.3468
27.9894
24.5450
38.4035
32.3679
31.3152
21.6840
30.3812
34.5859
33.2164
31.9956
32.3535
33.1273
33.3942
29.4991
32.2608
29.0031
28.5939
33.5703
24.2236
29.5300
28.3909
34.1335
27.2230
29.0561
25.3816
36.3351
26.1505
22.2638
34.3265
26.3423
27.2871
23.5895
27.2914
24.5962
28.3141
23.2730
30.0445
31.2043
26.7546
25.5806
34.2987
35.4238
29.1256
25.8827
23.7469
29.5542
28.7940
28.8763
26.2272
31.2335
34.7196
31.3013
29.4836
26.7986
33.7666
29.0085
26.9159
30.3670
36.6178
29.3579
24.0133
29.5239
20.1206
27.6178
29.1150
26.2314
27.5945
32.4857
28.0399
34.3738
32.4394
29.8757
32.7857
29.8044
35.1700
33.1597
32.4563
30.0127
29.5624
29.7535
23.3026
32.6599
33.3525
25.3249
28.2944
25.7524
23.6723
25.4052
37.8316
28.8788
29.8113
25.4805
31.4742
31.6864
22.7871
27.8443
26.7386
31.8008
31.4114
31.6678
31.5962
27.6489
24.9169
26.5736
33.0481
24.1368
29.9454
27.1710
26.2122
27.7583
28.9478
27.6434
28.7570
33.5642
24.5447
32.4936
33.0774
26.0561
27.3012
28.5086
23.4895
25.7122
29.2521
27.3347
30.9791
31.9165
32.8898
29.0083
30.1347
30.0140
28.5066
29.9801
31.6050
31.3736
31.5458
30.9266
30.5362
33.8852
27.2005
27.4940
27.7338
31.9362
25.8670
27.9406
31.4198
25.7016
26.8196
28.0672
29.1031
25.0501
24.3005
26.1142
26.9393
30.8328
21.5459
31.3780
26.9857
30.1512
31.0214
30.7329
25.2786
33.3729
36.6128
31.8789
32.1549
34.3515
28.1500
23.6918
29.6003
26.8079
26.8217
32.3910
26.3841
29.6728
33.2118
29.4044
24.7910
26.6240
26.5331
27.9012
32.0641
30.3879
35.8293
31.5379
32.2430
25.8492
32.0443
25.6953
35.9174
27.7526
29.5990
29.5803
33.1571
30.4012
33.8125
28.6989
28.7730
31.1842
25.9177
30.4078
30.2840
31.4826
23.9357
35.7763
29.9474
25.9870
31.7335
23.5153
32.9458
28.6163
31.7792
32.3847
29.5430
23.0145
28.5743
29.4087
24.4048
26.6081
35.6008
34.0710
34.8110
31.7275
28.6455
32.5839
28.3603
24.6871
23.5997
28.6044
32.4143
33.8235
29.4743
28.0089
32.8840
37.5050
34.7861
30.5683
29.7666
27.7356
24.4400
24.9769
21.7991
27.0365
27.0214
25.7969
22.1943
25.1175
23.3799
31.5446
32.4784
25.9289
35.6882
32.9089
22.9153
32.7541
29.7954
31.7380
26.2526
29.6952
30.0738
29.4559
32.7133
25.5009
30.0236
27.1667
33.5339
35.3841
26.8936
30.3482
26.1284
24.3301
22.7501
27.0414
27.4747
29.7745
32.1027
33.3625
31.2887
23.4343
29.5496
31.1961
29.3456
31.0748
23.8794
29.8087
29.8106
23.4850
32.5232
34.7126
27.9791
27.0273
23.4979
28.8971
31.8153
33.0301
28.3856
26.2500
33.6600
26.5753
25.4979
28.0581
28.2670
30.2345
29.4017
29.7325
27.0076
28.8251
27.5386
30.2659
25.0125
24.3312
30.9016
31.3087
28.4910
27.1931
34.8828
31.1738
32.9188
27.2924
30.4286
33.0606
30.3048
26.0380
27.7642
32.2092
33.0369
37.6603
32.8453
27.2767
34.4678
32.4779
34.4156
33.2549
24.5293
35.9007
25.8070
33.3364
27.0458
26.6478
30.6164
25.3919
28.1860
25.4010
25.8682
26.7721
21.0648
22.6321
28.3375
35.5587
26.7160
29.9113
25.9087
30.8287
21.1050
25.3659
29.8118
31.8772
25.1700
24.8412
33.2614
30.1410
36.4743
30.1841
26.5783
27.5733
32.7746
28.1355
32.1570
28.1960
29.1480
27.7387
30.4214
28.9952
27.9118
28.0631
27.2183
28.0487
22.1258
24.8489
32.8116
36.2527
30.4711
27.5674
23.7857
31.0354
25.4554
29.0999
25.9866
30.7075
28.9215
33.3280
34.0188
29.3090
19.5357
26.8484
34.3114
30.0682
24.5189
26.9235
28.5352
32.0528
25.4607
26.9967
33.4198
32.4421
24.5548
34.1331
26.0175
32.8266
28.6239
32.6406
26.2704
28.4692
28.0881
33.0073
28.5814
29.0295
26.6383
30.1262
33.9502
30.0223
27.6130
29.8000
39.8691
31.5201
31.7547
34.2723
24.3049
24.4963
26.3773
31.0530
28.9415
30.3009
32.9675
31.8389
28.5628
31.2314
31.7347
31.6266
32.8398
29.8641
32.8465
25.2397
29.2363
26.8071
26.4503
28.6955
30.1354
27.1428
30.3741
26.9222
30.8958
30.2228
30.7400
29.4824
27.8822
28.1288
33.8068
32.6664
25.7602
27.4371
30.0475
24.7197
26.2244
27.6508
28.3525
36.5285
28.5302
33.0077
34.1873
31.2602
29.9884
30.5971
31.2138
28.9172
26.8354
34.0576
30.2753
26.1108
21.5315
27.3612
25.4818
26.6252
34.1836
31.8903
20.8230
28.7091
25.8838
31.7759
25.1884
30.6718
24.8402
30.2068
27.4311
21.6937
25.5456
25.4482
33.0185
27.2051
22.1454
33.2156
29.8048
33.1158
31.4581
35.4414
30.2973
27.7226
30.2747
25.8804
27.9155
23.2797
26.6036
35.0070
26.6632
28.7719
23.3867
27.0231
29.2442
31.7130
30.9768
28.6108
25.8955
26.9635
35.3672
33.1322
31.0394
29.3598
36.6129
29.4629
31.8514
21.6834
23.5931
31.2539
26.4014
32.7818
29.7618
30.6690
28.5261
24.9503
30.5627
27.1080
28.3955
20.3598
28.8588
27.7023
29.6646
34.0048
28.0363
28.7525
25.0604
29.7256
31.8291
27.1273
25.5340
25.4628
19.8836
34.6764
30.1241
26.5849
29.8770
19.6333
31.0105
28.9693
29.0162
28.6040
31.4670
34.4245
26.7015
35.6100
27.7753
23.4780
27.5998
32.1141
23.8184
34.6175
35.0494
28.5966
25.9881
27.3185
27.2029
32.4118
27.4683
27.5493
32.7229
29.3998
30.3795
22.1575
27.4610
26.6153
25.4735
24.9674
32.7769
32.9494
33.3814
33.3146
30.7974
29.6208
34.0755
35.2016
30.1662
24.7712
28.4685
22.9079
28.7215
24.0496
23.9506
34.3974
30.3612
36.8388
37.6410
27.3425
31.5870
27.6393
33.5359
27.0672
25.4759
25.6534
20.6321
28.6278
33.8894
30.0464
28.7374
32.3412
25.7301
24.5103
30.8859
32.6253
26.9022
22.7192
24.3123
25.8183
31.3574
28.2759
25.6938
26.4041
26.4522
31.0453
25.5477
24.9416
26.0861
29.8763
28.1327
27.7415
28.3746
31.5023
29.3370
33.8413
25.9041
30.6659
34.9817
24.3149
30.9765
27.1373
32.6207
32.0677
24.5632
25.9845
29.4302
31.6882
33.9762
26.3848
33.2901
34.3357
27.6950
31.3137
30.2472
22.1783
25.9639
27.2078
24.6664
26.5291
30.6660
33.1895
24.9590
30.7986
29.0217
29.3816
30.0404
22.3203
28.0639
31.5099
32.2519
34.9134
29.0065
31.5680
34.2504
29.1730
32.1175
27.1659
30.1971
29.8094
19.3232
21.9764
26.7402
32.8873
30.4457
30.3030
23.2042
24.9941
31.9687
28.3706
27.2304
26.3480
33.5343
32.2638
27.6477
27.1347
23.7141
33.4337
30.8007
26.1372
27.5295
25.3024
22.9010
30.6701
26.3120
26.2673
26.2013
30.2820
29.9371
34.2977
28.1737
34.9719
31.8656
33.1121
33.6966
26.6871
28.2392
26.6244
29.5918
33.0369
24.6918
25.2019
29.1503
28.2218
34.7448
30.6254
32.9298
29.8764
34.6508
31.4199
28.6403
24.8313
24.0144
31.4408
27.4410
32.0906
26.6801
25.5310
26.0210
27.1216
26.2596
26.2405
26.7562
29.6881
35.6965
27.6628
27.8533
31.7627
33.1645
36.1988
33.7218
23.8289
28.9386
28.1229
33.6974
26.7462
24.4511
27.2196
32.5214
34.5320
28.1901
27.2600
34.3312
31.3011
29.2092
34.1263
29.7376
25.3904
27.5065
29.4950
27.2111
31.4974
35.6439
30.2190
29.7388
21.4661
32.2080
27.2799
25.7450
28.9471
26.1389
26.7330
30.4300
30.6813
32.1366
24.5292
30.5152
32.6161
22.6956
26.5143
31.2271
34.5443
30.5644
30.5489
26.8011
29.2429
32.7141
29.5161
25.6309
31.2228
27.0330
28.7576
28.9606
35.3424
36.1337
25.6688
31.2818
32.5021
29.3332
34.7399
30.0354
33.6980
25.9230
28.5130
34.4835
24.4074
28.1162
27.9173
31.9400
31.0928
30.9659
33.7119
34.4027
29.3829
29.5599
33.3795
25.1415
23.0522
25.9212
32.5191
24.4672
27.6706
22.5690
29.0204
20.1684
29.6579
25.1267
29.5353
23.8864
31.8199
26.2143
29.9478
30.7188
33.5288
32.4501
34.7149
32.5082
25.5040
27.3184
31.3283
30.3375
33.4429
30.5515
33.1225
32.1297
26.0497
29.3437
25.6981
35.3869
19.7909
25.4804
28.7486
26.4509
28.5608
26.6912
29.0755
33.5049
31.8816
30.2836
32.5855
33.1366
24.9779
34.6794
32.3793
28.9408
33.0579
27.0256
29.4752
26.8404
29.7317
32.0478
32.5282
29.3423
22.8678
32.0790
34.9807
29.2659
23.5236
30.2591
28.6155
32.1262
32.5931
26.7196
29.2453
36.0540
22.2356
26.0143
24.8872
22.7941
28.4078
29.9623
26.7198
26.3705
23.1823
26.1330
24.2111
25.5115
24.9904
30.2270
34.2604
36.1298
29.0783
28.0315
37.0971
29.0384
32.4976
30.3886
24.4523
25.7100
32.6245
30.3531
35.0688
32.8793
30.9016
31.6148
32.7642
25.8078
28.6563
31.0180
28.2526
29.8929
31.3050
28.5486
22.7565
26.5314
34.6218
21.1891
23.4857
24.9387
29.1746
22.6607
28.5724
27.8551
30.9592
32.6774
30.1629
33.1748
31.2312
24.6060
30.4528
24.5648
22.7780
32.6204
26.5342
26.6651
25.8883
33.0405
33.0040
24.5076
30.5820
28.7942
27.7144
30.7739
29.9586
27.8839
19.9080
27.0752
32.8423
31.8394
33.1751
31.0187
32.0677
28.4322
30.2690
37.0579
31.5277
24.2014
31.5041
24.4612
30.5248
26.1611
32.1751
28.2411
25.9964
30.2464
29.1582
31.0017
32.3250
33.1330
25.6465
27.8193
25.5868
24.4142
28.1943
35.3906
27.4653
27.3227
28.2377
28.9930
22.8272
37.4577
32.5221
24.8232
27.2606
27.8663
33.6961
27.6000
29.0875
28.2960
28.2659
28.3297
28.0846
29.3972
30.2736
37.1454
28.2151
28.8915
29.5212
29.6152
33.9047
31.6231
28.3582
28.3866
27.9347
25.3022
30.0490
21.8092
34.1377
27.2382
30.7618
31.0723
27.5238
25.5224
23.8812
27.2810
26.3591
29.0866
37.1417
28.5569
26.8546
23.8431
32.0420
23.0122
28.0537
25.9683
26.9198
29.5681
34.3758
33.4332
24.5196
28.4207
30.4933
29.0548
26.4602
23.9642
32.5913
33.9635
29.7889
28.2177
25.8857
25.7323
30.6544
24.2242
27.4694
22.0540
29.4612
34.2300
33.2223
32.4914
28.7643
28.7662
27.2337
29.3456
32.4103
33.7842
31.0935
27.6596
22.2118
25.4675
24.5301
27.3309
25.0530
23.0644
29.8432
27.8515
29.2623
22.4888
25.0613
25.7165
26.8259
25.0824
29.0852
31.0642
30.7929
29.6763
29.2622
24.1883
30.0679
34.7186
28.8084
29.0047
35.9555
33.1670
29.6712
20.7062
22.4249
34.2854
33.8928
23.7514
34.1585
24.8114
23.7986
29.0104
31.2692
33.5071
26.7383
25.5262
28.0435
35.5792
25.3605
30.7093
28.7345
24.1570
29.7746
28.7120
28.8872
27.0433
23.6831
29.2256
21.8573
27.7241
30.9494
32.9488
24.8381
35.7626
29.1308
24.9182
28.3295
24.8936
28.9042
30.8571
27.0960
22.6232
22.3900
27.4889
30.0909
29.4265
29.6379
27.0671
27.8602
24.4060
22.6887
32.7109
30.9147
24.1953
26.4497
29.9136
36.0898
29.3087
27.0523
30.0916
29.3433
32.0129
34.8751
33.8420
22.6798
27.2976
27.0144
30.2297
28.4760
28.3009
36.6488
33.5692
24.0797
28.7799
27.3469
28.1617
25.1741
29.5215
29.5869
32.5884
34.3886
33.2605
25.9176
37.5313
26.5257
35.8653
28.8995
25.1661
29.6937
25.0470
35.0129
29.8882
33.2480
29.8233
30.9878
24.3784
26.2209
29.4165
31.0552
31.6704
27.0435
31.5489
31.9339
36.4963
26.6334
27.0269
25.2084
23.1489
29.8062
23.8993
27.9830
34.1005
27.2542
31.2363
26.6331
30.9254
24.9075
30.9718
30.0888
28.6469
30.9082
23.3486
34.2143
35.7668
30.6537
28.1185
22.6925
28.2511
32.9039
33.0176
29.8191
26.4065
31.7894
24.0974
36.4378
31.0786
29.8117
29.4251
28.5299
24.7223
38.8400
32.3028
34.1709
32.8636
26.1874
27.4017
30.8343
31.7207
22.9867
28.0718
30.5289
33.9214
29.6932
28.3436
30.1550
32.3783
27.0814
30.3712
32.0064
21.6360
25.2366
26.7599
28.6640
32.5123
30.1016
33.4927
28.2511
31.3724
36.1097
35.4848
27.6465
29.8888
23.5813
35.9565
29.6497
35.2072
26.6437
29.1295
29.9638
34.2795
26.4769
25.6431
25.3548
27.2368
26.7515
25.0825
30.1651
31.4510
25.8008
36.8137
35.7625
29.6296
27.8569
23.3085
29.4889
30.1099
32.8721
33.6789
34.9221
31.6408
30.2230
34.5887
30.2188
28.2839
27.7825
23.3212
24.9711
26.8432
31.5516
31.1695
29.1356
30.6052
26.5271
35.7254
30.3686
30.3703
32.5531
30.7985
33.2711
24.9199
33.8915
25.6329
33.5210
29.1656
32.7753
34.8214
33.5787
27.8353
28.3609
27.1566
26.0559
24.4986
33.7278
27.5065
35.4879
32.3141
31.0081
28.0642
30.1422
26.3021
33.8542
32.3440
30.0566
31.3170
28.4430
29.2262
28.2505
32.3686
27.7674
29.5314
34.3401
30.6031
29.0049
29.3174
28.5780
27.2889
34.3069
31.0075
26.0688
33.3665
26.0815
29.5876
22.7669
26.7056
31.1466
33.6399
27.6299
27.7722
35.9223
29.7942
28.7083
24.2684
33.6454
31.5914
31.6160
28.5949
28.3637
34.8899
33.4629
31.0968
24.6322
30.7332
32.2487
27.5935
33.5506
26.1106
33.1437
35.2325
26.9046
21.2135
34.2252
26.2322
27.4951
26.2010
25.0799
30.1345
20.9319
35.3052
33.1451
33.5602
25.6011
30.6654
28.8172
32.4658
34.3159
27.6385
32.7327
31.1524
32.7800
30.1190
25.9935
32.7147
36.6768
29.2983
30.8104
24.2473
29.9916
34.1470
31.7953
35.0817
30.3563
23.7441
29.9870
30.3017
29.5082
34.4249
31.3210
33.9034
30.1982
30.5364
38.6542
28.8292
27.4927
29.6514
27.2048
35.6767
34.9930
29.2694
24.3254
35.2503
25.1172
29.1580
32.6154
27.0592
36.1264
27.7598
26.7804
27.7459
26.0425
31.0674
30.4520
24.6396
32.2715
31.9456
32.7647
32.9475
31.0515
29.9255
26.1462
23.2493
28.9576
34.8057
30.1928
28.3121
31.5429
26.1240
22.1776
27.1705
27.7329
29.0897
30.9849
34.2901
31.0145
26.8397
36.8311
30.6858
31.2234
33.2020
26.0891
27.6444
32.0986
29.1670
24.1233
30.5050
25.9758
27.6324
28.9365
28.5959
28.5919
33.9561
32.1094
29.5807
22.5152
19.1142
33.2072
32.3937
32.6350
33.4083
22.6748
33.3556
30.1087
27.4877
26.9331
30.5102
32.8127
28.2970
30.0902
30.1554
28.4110
35.8182
32.3828
34.2362
23.9154
34.9180
34.0670
31.4383
26.1171
30.1770
30.4421
29.6337
29.6374
29.6791
33.9301
28.7806
29.8443
28.3100
33.0801
27.3475
31.7042
26.0118
31.9255
29.9145
29.4278
28.3591
26.4233
28.4566
27.3223
32.0349
26.8954
26.3306
31.7207
31.6070
28.9624
36.4886
22.8169
27.7130
27.8138
27.7322
30.0423
31.6963
36.7616
25.6290
27.5955
21.2716
31.6818
36.7510
29.8286
32.5035
29.2470
34.3675
33.4618
34.0740
26.3917
33.1715
35.1076
28.0267
35.3972
32.1614
29.4532
28.3117
31.4469
34.4888
30.3549
30.0295
31.8278
29.0758
31.6138
33.4678
27.2527
29.1801
32.4223
30.7148
26.5755
27.2880
25.5811
27.6268
35.3314
29.4779
24.2710
28.4684
30.7550
30.4749
28.5229
29.7923
33.0617
31.3084
24.5623
23.6776
24.8830
27.1157
26.2182
27.7808
32.9506
32.0282
32.3814
25.1242
30.8127
21.2522
24.1871
23.1980
31.7056
30.7387
31.0140
33.6999
30.2435
28.9559
29.0826
22.5949
23.2461
25.9887
27.3525
33.1365
24.9995
29.1216
31.3564
27.7247
28.6956
32.8871
27.7790
22.0829
30.1220
25.0310
30.5341
31.5852
32.8224
33.8153
26.4086
24.7645
34.3062
24.6181
27.8581
22.2776
22.0717
30.5487
27.9738
25.4204
26.6505
26.2356
25.5596
23.8567
39.8668
26.4199
29.7613
29.2370
23.4268
25.1246
27.9218
33.8175
34.8322
30.4709
31.9310
27.2515
24.6010
29.4518
25.0642
22.8588
27.5713
32.6343
28.6432
32.0100
33.2466
29.4191
25.5004
25.2661
32.1136
26.5493
29.7018
28.4369
30.6656
33.2930
26.9960
31.1575
29.0767
31.6082
33.1543
20.9947
29.8639
24.3512
25.3432
30.7229
28.4853
26.2502
31.6328
26.4139
29.0221
22.4096
26.6973
30.5358
31.0064
24.5516
29.8221
31.6758
27.9436
23.4347
26.9743
24.2627
29.5805
32.9871
27.1205
31.2026
24.5199
28.4001
31.0496
29.4970
33.7216
30.3452
33.9356
25.2515
30.0732
36.3038
32.4874
28.5212
30.3014
29.2175
29.8208
28.3766
34.5007
34.6727
34.4383
33.0892
31.3795
33.0248
26.4531
23.4408
33.1801
29.6536
24.1389
28.8561
26.2387
28.9138
26.7802
26.4186
31.6324
31.5394
33.7864
26.9187
27.5173
30.2018
28.0622
34.1923
37.3190
33.8360
26.6223
29.2129
32.5897
31.5177
25.2666
34.0937
29.7745
29.2299
27.1464
30.4144
23.9934
20.6246
28.3626
29.3482
30.9309
35.4060
33.8070
28.0368
31.6285
23.3939
24.3219
27.7776
27.1070
29.9581
30.4134
31.8166
35.8503
33.1395
24.0935
27.6719
26.4273
27.5901
25.5170
25.8964
24.3177
32.4690
32.8060
35.1047
34.4144
34.9235
29.2508
30.3420
31.2873
35.5316
26.2030
25.0547
27.5293
35.0994
29.2036
29.2765
26.1545
30.7755
25.7887
33.0484
29.4919
27.6950
26.7565
30.3427
25.3709
25.8749
32.8712
34.9102
26.9935
30.0278
28.4603
36.2660
25.2311
30.0674
27.4599
33.1775
29.8137
24.3498
29.7130
29.0605
31.0355
30.2306
23.8308
35.0730
25.2944
27.6965
30.1174
27.2126
24.8257
28.5507
26.6122
28.0424
32.5944
28.7144
27.9777
29.5483
29.0831
27.5638
27.2736
30.7960
29.5433
27.6659
25.2802
31.1399
31.2198
25.2759
24.3915
36.5775
23.7597
25.8898
33.7131
29.0949
27.5221
31.3136
26.0534
21.0280
28.4434
30.5655
35.5829
27.3286
30.6444
21.8378
25.8244
33.0292
28.6183
34.8180
31.6876
31.6147
32.5140
25.7241
32.6310
30.2198
20.7294
32.7464
30.2492
21.4572
33.4270
35.7499
30.9498
28.2145
33.9998
34.0985
24.7681
28.6575
26.5997
36.6118
24.0470
23.7649
31.6588
30.8869
33.7686
29.5929
30.6230
26.5314
35.3934
25.3658
22.7359
30.9557
26.9927
32.8703
28.4029
35.5223
34.2405
25.2274
31.4316
29.3601
33.0243
23.5735
24.1199
28.0834
31.1122
23.4125
27.9988
21.7978
24.3260
30.3812
29.3445
22.7021
25.2805
30.0359
31.1444
38.2348
